63750
63752
63882
64079
64094
28286
64162
64358
64362
64407
64451
64479
64517
64607
28593
64755
64733
64757
64843
65001
65071
65456
65536
65762
65881
65822
65857
66024
65931
66036
66071
66166
66181
66281
66535
44870
29492
29518
66673
45073
45071
66873
45124
66989
67180
67240
29841
67672
67458
67557
67651
67715
68056
68037
68158
30324
30384
68334
45990
68418
68510
68673
30537
46342
68843
68878
69092
69104
69082
69281
69555
46919
31184
69910
33384
70115
69964
47005
31793
70063
70376
31733
70439
31748
70490
31857
47312
70611
32123
70536
70718
70916
70949
71307
32395
47898
71345
71500
71474
71501
71598
48334
71745
71728
72007
72015
72050
48409
72088
32720
73246
72560
73223
73355
73212
73216
49125
33994
73479
73518
73587
73896
49695
74000
49616
73957
49601
73879
74442
50126
74336
49883
74780
50329
74699
50660
74797
74814
74783
75106
75201
35802
75312
51230
75169
35196
51076
34950
75832
75961
76137
75616
51949
76351
77777
35530
51383
76865
36358
76959
52449
36151
52085
76863
76957
77690
77255
52298
77384
78275
78301
78326
53905
79602
37664
78919
53835
79235
79073
53912
53529
38375
79901
37422
37562
79734
80924
40183
88301
80922
80931
84333
39460
81188
38259
82513
82529
82532
82878
43121
82539
40536
40265
98303
84306
84321
84121
84045
84046
84114
84044
41248
84118
40873
85970
85987
43054
41652
86447
40844
88826
40883
90237
88328
40889
90235
88329
88232
91919
92139
92142
91635
90723
90768
90718
91992
91225
91711
90606
91114
42344
93978
91259
91181
98251
94450
95092
95115
43039
98266
94417
94440
63509
94441
94445
94778
