63579
63603
43403
63878
43518
43530
28244
43618
28289
43625
28311
43650
43655
43678
64243
64264
64270
28352
28391
28469
64557
43835
43913
43919
43955
65007
44085
65109
44166
65302
44237
44247
44248
44294
65578
65647
29116
44464
44493
66058
44663
66470
44947
44946
44908
66597
66590
66738
45102
29725
29681
45179
45126
67104
45428
29881
45505
45483
45624
45620
30067
30169
45644
45746
45695
45852
45908
30421
46115
30554
46057
68794
46311
46374
68916
46513
30735
30898
46671
46673
69287
31286
69969
69554
69879
46791
31228
69799
46980
46981
69942
69990
31684
47275
31847
70456
47272
31648
32048
47791
47945
71941
71307
32325
49216
48104
84195
71458
71476
48287
48351
48385
48464
48760
72380
72661
33447
48829
73077
33494
72787
48990
49192
34147
49881
53552
49732
50016
74958
50340
51563
75165
75473
51043
50872
51064
51522
51057
51577
35604
51594
51834
36141
52643
51765
77566
52627
53135
53690
53214
53799
79118
101426
37725
37858
42166
37925
82127
82562
39084
39469
82184
98308
39488
40876
87403
91714
40854
90827
41797
91256
93990
91195
94485
43237
