63579
63577
43357
43363
43375
43419
28189
63878
28244
43590
64062
28289
43641
43650
43655
64215
64243
64264
64306
64330
28387
28409
64462
28477
28469
64557
43835
43894
43913
28624
43907
43919
64809
43955
64955
44085
65093
65120
44162
44166
28922
65202
44215
65302
44226
44235
44247
44294
44302
44347
44376
65628
65616
44464
29116
44579
44591
44607
66058
44663
66122
66157
44745
66246
44778
66316
66320
66344
44813
44831
44842
29445
66560
44991
44983
66800
29640
45157
45179
45194
45250
67104
45325
45361
45324
45386
29961
45624
45644
45703
45820
68076
45852
68136
45814
45828
45856
30421
68538
46115
68624
46245
46057
46189
68588
68690
46311
68819
46241
46454
46396
68916
46457
46513
46589
46583
69247
31116
17445
31157
69969
69683
31069
31261
69532
69879
69507
69800
46791
46959
69907
69806
69799
69999
70006
46900
69986
46980
69990
47053
70171
70243
70278
70333
70492
47229
70518
70724
70824
70741
32048
47510
47669
71018
47671
71168
71941
71125
47836
32279
47902
71342
47912
49216
48074
48104
48169
48424
71458
71508
48232
71476
71721
48292
48368
32948
48749
48385
48621
72661
48711
48771
49252
33494
19735
73085
73365
72787
48833
48936
48990
72801
73226
73705
49218
48975
49229
73442
49187
73200
22765
73776
50062
33859
73679
49729
49748
49728
50058
74179
49710
49815
49995
49668
49864
50025
74480
50016
74961
23974
17864
50592
50648
50517
16207
75136
50618
26685
36280
35433
75820
50872
51064
21928
51095
51232
24786
51127
75828
51090
51608
51974
51594
24721
52005
52027
26321
51854
76704
51993
52667
52323
23470
52561
77604
22611
52390
52516
52499
52815
52510
25666
53185
53189
25293
53135
26326
78756
14937
23324
26270
24273
38345
15385
79118
53750
53823
15628
101426
78998
27974
40128
53785
20626
24891
27555
15804
27848
38969
38967
24216
24260
27675
15735
22671
28034
38631
15626
