64069
64677
65486
65873
66435
66671
66706
66788
67273
67321
67495
67433
67494
67835
67917
68062
68202
68273
68362
68601
69457
69458
69735
69877
70821
71017
71205
71208
71206
71207
71404
71402
71403
71401
71616
71618
71885
71886
71883
71884
72680
72682
72987
73345
73346
73348
73699
73697
74068
74067
74469
74471
74923
75350
75351
75875
75347
75349
75877
76396
75874
76397
77013
77012
77014
77752
77753
77754
78503
77751
78499
78501
79293
80277
80281
80278
81452
84446
84447
84448
84449
84445
84440
84441
86362
88803
86364
88809
86369
86365
88808
88805
88806
88804
88796
95547
91881
91883
91885
91889
91880
95550
95552
95542
91874
95545
95533
