46394
46623
46478
46549
46624
46481
46617
46552
46479
46550
46553
46625
46703
46620
46621
46795
46789
46618
46706
46622
46791
46705
46796
46704
46890
46994
46794
46790
46792
46793
46895
46891
46893
46894
46990
47091
46892
47090
46996
46993
47088
46991
49296
47089
46992
47086
47173
47177
47181
47178
47179
47180
47288
47176
47172
47291
22646
47292
47289
47535
47404
47983
47521
47403
47405
47406
47407
47670
47666
47667
47669
47830
47668
47984
47530
47527
47671
47828
47522
47533
47534
47528
47529
47665
47822
47524
47526
47995
47531
47523
47996
47662
47664
47824
47825
47829
48117
47832
47986
47821
47998
47999
48116
47831
47663
47827
47823
47826
47819
47989
47990
47991
47993
47994
48119
47988
48115
48130
48114
48301
48295
48129
48132
48296
48299
48121
48125
48126
48127
48300
48123
48131
48124
48474
48128
48122
48475
48476
48298
48472
48485
48481
48647
48478
48651
48846
48483
48477
48484
48646
48648
48650
48645
48649
48860
48847
48869
48642
48853
48641
48643
48855
48639
48640
48857
48867
48849
48858
48850
48859
48862
48865
49059
49070
49062
49073
48848
49063
48852
48861
49057
49068
48856
48866
49072
49067
49074
49055
49060
27910
49058
49307
49566
49309
49830
49069
49308
49301
49310
49294
49312
49297
49306
49299
49305
49293
49311
49295
49298
49291
49304
24072
49303
49561
49550
49553
49564
49565
49302
49571
49826
49554
49556
49568
49567
49559
49563
49837
49569
49831
49838
49560
49835
49844
49834
49845
50169
49824
50171
49839
49841
50178
50179
49836
49828
50511
49829
50176
50167
49833
50175
50166
50170
50516
50521
50514
50161
50172
23974
50181
50880
50163
50173
50162
50500
50858
50517
50519
50165
50503
50512
50515
50878
50855
50499
50518
50910
50513
50864
50856
50501
50859
50507
24024
50509
50510
50857
50865
9577
50874
47992
50504
50505
50853
50872
50862
50879
50876
50873
50881
51299
50851
50852
27913
24053
50877
51761
51278
50875
24033
51276
51287
24044
51292
51275
51285
51286
51298
51283
51274
51297
51760
51277
51288
51280
51289
51301
51281
51290
51302
51305
51768
23980
52214
51304
52183
51284
51306
24003
51755
24041
51291
52184
23995
52185
52211
51750
52196
52205
51763
51745
52181
51758
51767
52192
23993
51749
51753
52195
52189
52197
52190
51766
51748
51741
51742
51754
51756
51747
51757
52191
54831
51759
52734
24046
51769
52203
52187
52213
52188
51743
52202
24032
52186
52204
51762
52198
52200
52732
52210
52784
52194
52763
24037
52740
52758
52733
52760
52774
52737
52177
52178
52206
52739
52208
52769
23970
52209
52741
52771
52742
52759
52772
52193
23982
24055
52176
52738
52765
52756
52731
52782
52786
52212
52735
52744
52788
52778
52730
52779
52757
52780
52764
52776
52790
24075
52766
52749
23972
52773
24035
52745
52755
52748
24026
52791
9596
52792
52793
16993
52743
52752
24059
23968
23990
52751
53370
52753
52754
53423
52789
53388
53389
53415
52750
49555
53422
53381
52747
53409
53424
53414
53394
53419
53403
53373
53385
54058
53396
53420
54036
53421
53404
53405
54031
24028
24043
54050
23984
24066
54064
54046
24001
54021
54075
54079
54035
54061
54074
54057
54040
54069
23997
24070
54070
54055
9606
23999
24065
24008
24022
24077
9599
23978
9594
27937
24061
24063
24016
24018
23966
24039
9600
24020
24074
24007
24030
23988
24068
9603
9604
9605
9598
