28137
28590
29129
30052
30053
30054
30159
30204
30430
30471
30526
30804
18043
30941
31097
31170
31250
31431
31541
31542
31762
24887
32154
32006
31893
32304
32155
32472
32473
32638
32805
16108
33448
33447
33673
33449
33926
33925
34197
34196
34494
34781
35451
35452
35836
36252
35446
36251
36676
36668
18179
36673
36674
36671
36669
36675
18858
37188
38918
37187
38277
39638
37704
38279
38913
38917
24963
39639
40483
39636
16945
40485
40480
40481
39640
25436
40472
41449
41447
41446
42380
42385
42386
43148
