63835
64428
64732
65173
65249
65280
65305
65394
65674
65841
65840
66023
66172
66351
66523
67249
66599
66768
67154
67470
67753
68033
68410
68569
68660
68662
68746
68935
68936
69041
69149
69272
69533
69536
70401
71137
71138
73208
71779
71781
72312
72585
72586
72584
72877
72874
72876
72875
73209
73206
73568
73566
73567
73936
73937
74327
74756
74757
75190
75681
76215
76214
76794
76797
77485
77479
78259
78257
78264
79013
79102
79011
79954
79958
81095
81098
81085
88122
82402
82411
83956
85829
85830
85844
88121
91013
90983
94702
94679
94693
94717
94692
