63529
63534
63538
63555
63575
63580
63584
63595
63600
63609
63633
63632
63635
63649
63669
63699
63702
63719
63728
63857
63876
63914
63925
63961
63976
63973
64017
64009
64100
64133
64176
64244
64262
64353
64331
64370
28398
64419
64430
64470
64487
64492
64544
64570
64558
64571
64585
64681
64680
64682
64724
64725
64747
64770
64784
64840
64856
64855
64964
64994
65138
65124
65157
65268
65349
65393
65443
65474
29015
65514
65491
65626
65609
65720
65744
65719
65763
65784
65804
65818
65995
65908
65933
65968
66106
66141
66076
66142
66169
66285
66195
66383
66521
66311
66346
66347
66419
66490
66520
66559
66560
66596
66765
66685
66725
66724
66766
66813
66854
66855
66893
66983
66981
66982
67104
67089
67151
67304
67354
67355
67580
67628
67523
67521
67576
67524
67522
67577
67578
67579
67627
67807
67886
67804
67806
67961
68103
68101
30288
68168
68102
68167
68253
68254
68252
68329
45967
68330
68401
68402
68404
68490
68491
68494
68492
68654
68652
68742
68840
69032
69033
69034
69266
69143
69144
69267
69397
69398
69525
69526
69672
69815
69947
70089
70228
70090
70088
70389
70388
70391
70392
70545
70734
72034
48088
70931
71127
71310
71307
71126
71309
71763
71761
72037
72293
72036
72291
72295
72294
72292
72563
72564
72566
72567
23649
72845
72565
72850
72847
73186
73189
73190
73544
33860
73541
73543
73545
73911
34129
74731
74734
74728
75169
51107
76186
77441
76752
14933
26236
78214
78209
15941
79901
90823
79897
80994
80989
101458
23651
82317
101489
83832
83834
101460
101723
101724
101726
101665
101482
101480
101667
101725
101483
101485
101668
101662
85679
85687
101484
101651
101663
101479
101649
101661
101650
101719
101664
101720
101656
101666
101478
101843
101657
101722
101660
101481
101659
101488
101658
101717
101462
90827
101655
101486
101487
101728
101727
94505
94506
