66977
66976
67085
67032
67086
67087
67144
67149
67148
67145
67146
67190
67191
67351
67350
67349
67407
67408
67409
67465
67466
67464
67463
67462
67518
67467
67624
67742
67743
67800
67801
67802
67875
67956
67876
67954
68025
67955
68024
68022
68095
68162
68320
68321
68396
68324
68397
68399
68481
68479
68645
68647
68646
68735
68643
68738
68644
68926
68836
68833
68834
68835
68925
68923
68921
68922
69137
69030
69264
69262
69387
69388
69263
69520
69522
69386
69518
69523
69517
69524
69519
69806
69809
69667
69808
70085
69940
69941
69942
70084
70083
70378
70383
70381
70222
70223
70539
70722
70537
70724
70538
70540
70541
70721
70726
70727
70723
70924
70926
71116
71114
71117
71298
71300
71508
72280
71755
71752
71753
72276
71749
72281
72024
72278
72277
72019
72022
72017
72023
72025
72021
72557
72834
72832
72833
73174
73172
74292
73523
73524
73526
74289
73527
73529
73893
73892
74294
74295
74703
74707
74701
74709
75151
75150
75630
76158
76720
76725
76728
76721
76724
76726
77408
77405
77402
78171
78184
78182
78173
78174
78175
78934
78935
78937
79853
78939
79852
79844
79850
79856
80953
80955
80952
80957
82281
82283
85629
85624
85630
87867
87875
87882
87877
87865
87868
87880
87862
90743
90756
90760
90746
90753
94438
