64574
64577
64612
64815
64888
65190
65364
65835
65924
65987
65986
66192
66245
66304
66971
67450
67564
68388
68554
69014
69016
69015
69013
69499
69366
69644
69786
69918
70195
70349
70687
70690
70689
70888
70887
70886
71276
71706
71707
71961
72238
72235
72236
72239
72516
72511
72517
72514
72513
72784
72785
73117
73116
73474
73473
73837
73472
73835
73471
73836
73838
74217
74216
74218
74628
74630
75095
75560
76075
76071
76076
76636
76642
76638
76640
76635
77301
78063
78067
78058
78069
78827
80797
79709
80798
79704
79713
79711
79712
80796
79703
82063
82060
83566
83564
83561
85375
85377
85372
85369
90435
