1091354
1472177
99580092
99590847
99580101
99523658
99493088
1709077
1780021
1685932
99524135
99580095
99580074
99564933
99580935
1816902
99601914
99584805
1310450
99436984
99594555
99590817
99567969
99509174
99596145
99578718
99560361
99580110
99580089
1801284
1478831
99554874
99516299
99512528
1775093
99602043
99580083
99571953
99538476
99493476
1733339
99587952
99580077
99578478
99555081
99540762
99524141
99415201
99364571
1709152
99601392
99601014
99595209
99546465
99428563
99428545
99423799
99403159
99402850
99402559
99401167
99401110
99400540
99400447
99400321
99400105
99399226
99398806
99396469
99396229
99395914
99395527
99395041
99394807
99394624
99392920
99392584
99390670
99389800
99387976
99387793
99387493
99387379
99386842
99386188
99385861
99384991
99384643
99384523
99384514
99384244
99384184
99383386
99382837
99382726
99382702
99382552
99381370
99380898
99380128
99380102
99378608
99378450
99378304
99378222
99378084
99377600
99377598
99376794
99375364
99374880
99373674
99373476
99373462
99372828
99372808
99372664
99372466
99372022
99371848
99371386
99371372
99371118
99371086
99370828
99370786
99370646
99370334
99370264
99370012
99369994
99369804
99368840
99368240
99367808
99367325
99367259
99366956
99366899
99366758
99366698
99365696
99365414
99365234
99365081
99365078
99364745
99364013
99363989
99363536
99363281
99362486
99362441
99362429
99361553
99360476
99359750
99359648
99359396
99359393
99359297
99358340
99357992
99357509
99353951
99353882
99352082
99351560
99351089
99350822
99350249
99349784
99349283
99348974
99348329
99348254
99347864
99347624
99347543
99347528
99347525
99346784
99346544
99345956
99345908
99345710
99345443
99345092
99344636
99344591
99344156
99344120
99343940
99342422
99341777
99341501
99341483
99340274
99340136
99339455
99339107
99339101
99339017
99338993
99338150
99338063
99337889
99337877
99335714
99334688
99334625
99334598
99334241
99333275
99332882
99332780
99332708
99332678
99329837
99329261
99328142
99327752
99327077
99326624
99326477
99326411
99326279
99326117
99325853
99325472
99323804
99323624
99323456
99322868
99322514
99321341
99321230
99321083
99320432
99319988
99319280
99318650
99318161
99317546
99317531
99317444
99317072
99316907
99316895
99315320
99314494
99314254
99313582
99313573
99312613
99312478
99312166
99312163
99310734
99310677
99310653
99309777
99307497
99306180
99305841
99305535
99303726
99303651
99302502
99300867
99300636
99300273
99300117
99298995
99298698
99298332
99297840
99296511
99295248
99294657
99293973
99293793
99293283
99292035
99291138
99290312
99288899
99287651
99287384
99287246
99287009
99286916
99285977
99285779
99285704
99285698
99285626
99285557
99284930
99284573
99284570
99281561
99281558
99280370
99280097
99280094
99279845
99279842
99279530
99279527
99278870
99278867
99278630
99278627
99278426
99278423
99277988
99277985
99277961
99276530
99276527
99276398
99276395
99275480
99275477
99274952
99274949
99274796
99274793
99274643
99274295
99274118
99273839
99273527
99273152
99271793
99271757
99271409
99269907
99269433
99269130
99268764
99267240
99267216
99267147
99267144
99266934
99266388
99264555
99263451
99263385
99263034
99263010
99261249
99261100
99260470
99259807
99259630
99259216
99259003
99258805
99258376
99257554
99257326
99257200
99256696
99256546
99256444
99254524
99253000
99252871
99250255
99250237
99248578
99248302
99248185
99247609
99240454
99239194
99237316
99237256
99237040
99236836
99236704
99236494
99234514
99234406
99234286
99234157
99233944
99233938
99233548
99232978
99232876
99232246
99232168
99232162
99232105
99231424
99231385
99230758
99229843
99225625
99224581
99222514
99222463
99222460
99222457
99222451
99222445
99222442
99222439
99222436
99222430
99222424
99222418
99221905
99221596
99220000
99219788
99219483
99219287
99218894
99218274
99218085
99217511
99217268
99217253
99216948
99216892
99216592
99216212
99215055
99214808
99211502
99210482
99209741
99209585
1694896
1583828
