99592548
99497990
99576270
1693199
99509442
99566376
1813954
1766540
1722517
99575532
99524387
99590919
99509444
99588237
99546240
1616203
99602844
99584649
99516262
1848013
99577605
99490480
99432562
99537621
99566385
99555804
99551646
99520400
99506684
99602259
99596751
99575535
99575280
99574773
99541503
99595113
99575979
99575538
99566190
99530928
99519917
99423163
1501583
940669
99573339
99567429
99564123
99563031
99563019
1422791
99602838
99595440
99593586
99592128
99584514
99581031
99577431
99575835
99570033
99563853
99563100
99562272
99549297
99548487
1777611
1751636
1645464
99601974
99601584
99601374
99600099
99596454
99594120
99591264
99591231
99590505
99575541
99567678
99564444
99563034
99546033
99519485
99502338
99439751
99439733
99439631
99439112
99429337
99426475
99403000
99402538
99402325
99401653
99401251
99400990
99400708
99400582
99399757
99399514
99399019
99398515
99398464
99398188
99398011
99397861
99397765
99397498
99397477
99397327
99397300
99397042
99396799
99396796
99396697
99396571
99395545
99395473
99395467
99394882
99393904
99393298
99393286
99393070
99392671
99391360
99391357
99390940
99390280
99389152
99387724
99387106
99386116
99386029
99384667
99381554
99380392
99380352
99380126
99380118
99379258
99379128
99379002
99378892
99378860
99378682
99378648
99377668
99377666
99377072
99377028
99376728
99376702
99376144
99375580
99373892
99373674
99373640
99373622
99373526
99373512
99373460
99373136
99372810
99372576
99371974
99371896
99371840
99371186
99371184
99371128
99370754
99370504
99370458
99369784
99369608
99368915
99368828
99368768
99368576
99368144
99367772
99367676
99367313
99366665
99365408
99364862
99364565
99363887
99363713
99363494
99363452
99363359
99363068
99362735
99362729
99362390
99362204
99362021
99362018
99361952
99360311
99359990
99359951
99359804
99359600
99359426
99359180
99358085
99357785
99357767
99357533
99356117
99356045
99355973
99355850
99355361
99355280
99354230
99354083
99354029
99353963
99353933
99353639
99353423
99353297
99353285
99352847
99352817
99352247
99350960
99349688
99349682
99348524
99347084
99346076
99345518
99345248
99344768
99344498
99343490
99343385
99342902
99342644
99342593
99342227
99342038
99341726
99341678
99341627
99340607
99340586
99340478
99337799
99337484
99336938
99336740
99336734
99335636
99334874
99334151
99334013
99331001
99329732
99329693
99329240
99329207
99328940
99328628
99328064
99327224
99326540
99325223
99324800
99323825
99322928
99322922
99322613
99322100
99320951
99320933
99320633
99320177
99319967
99318254
99318179
99318167
99317726
99317723
99317480
99317075
99316118
99315431
99314942
99314728
99314725
99314119
99314095
99313231
99311188
99311002
99310347
99310200
99310086
99309546
99309483
99309453
99309039
99307125
99307113
99306912
99306300
99306141
99305838
99305547
99305382
99304500
99304221
99303669
99302874
99302058
99301323
99301317
99301281
99301077
99301059
99300297
99299988
99298623
99297351
99296736
99296214
99295773
99295563
99294873
99294804
99294231
99292884
99292722
99292317
99292113
99291894
99291738
99291684
99291348
99289445
99288158
99287786
99287570
99287276
99287087
99287039
99286559
99286358
99286250
99284441
99284438
99282995
99282992
99282881
99282878
99281687
99281684
99280514
99280193
99280190
99279740
99279737
99279212
99279209
99277652
99277649
99277544
99277541
99277103
99277100
99276380
99276377
99274664
99274457
99273791
99273767
99273305
99273296
99273200
99272936
99272720
99272417
99271163
99271142
99270513
99269985
99268626
99268440
99268134
99267684
99267585
99267309
99266895
99266880
99266868
99266574
99265584
99265089
99264900
99264636
99264573
99264402
99264321
99263472
99263196
99262467
99261534
99261519
99260785
99260581
99259294
99258997
99258988
99258691
99258523
99258445
99258064
99257839
99257203
99255940
99254962
99254530
99254449
99252802
99251998
99251497
99250516
99250504
99249964
99249859
99248986
99248326
99247630
99247018
99246403
99246331
99246268
99246178
99242227
99241408
99240916
99240787
99240214
99239572
99238789
99238399
99238036
99237721
99236536
99236137
99235648
99235567
99235366
99235123
99234973
99234049
99232213
99231271
99230473
99229798
99228874
99228211
99228133
99228037
99227404
99226336
99226210
99224860
99224506
99224065
99223648
99223183
99223162
99222670
99222667
99222664
99222661
99222655
99222652
99222649
99222643
99222637
99222631
99222103
99221926
99221923
99221827
99221824
99221125
99220600
99219925
99219221
99218133
99218061
99218016
