32941
32942
32943
32944
32945
32946
32947
11768
11769
11770
11771
11772
11774
11775
11776
11777
32962
11787
32965
32966
32968
11807
11808
32969
32970
11809
32971
32972
11812
11820
11821
11822
11824
32974
11831
32977
32979
11843
32985
11846
32987
11847
11848
32988
32989
32990
11850
32994
33007
11892
33008
11893
33009
33067
33148
12628
13205
33307
33308
13206
13591
14630
33681
33688
15149
33743
33761
33773
15348
15922
16215
33975
16285
33993
34216
34529
18220
18397
34585
34586
34589
34588
18567
34637
34644
18864
34696
34697
34706
34785
19155
19156
19157
19158
19990
34982
34983
34984
35018
20905
35294
35819
23141
35836
35915
23938
36061
36068
36381
25394
36511
36571
36745
