235
236
237
245
30344
13103
307
470
498
503
504
505
506
507
508
509
510
511
512
513
514
515
516
517
518
519
638
825
30424
30440
1102
1168
1320
30597
1760
1815
1835
1836
1837
1838
1873
1891
1892
1886
1885
1884
1893
1894
1898
1899
1913
1914
1915
1916
1966
1968
1969
1970
1971
1972
1973
1974
1975
1976
1977
1984
1989
1995
2007
2008
2011
2012
2039
2059
30716
30718
30722
30723
30724
2126
2166
2167
2168
2169
2170
2171
2172
2173
2174
2175
2176
2177
2178
2179
2180
2181
2182
2183
2184
2185
2186
2187
2188
2189
2190
2191
2192
2193
2194
2195
2196
2197
2198
2199
2200
2202
2203
2204
2205
2206
2207
2208
2209
2216
2217
2218
2222
2223
2248
2251
2253
2254
2258
2259
2260
30841
2783
2786
2792
30900
2820
2889
2896
2927
2928
2951
2962
2963
30943
30944
30945
2975
30946
30947
2976
30950
3045
3054
3117
3326
31029
31030
3438
3439
3468
3470
3471
3472
31057
31058
3498
3513
3533
3701
3707
3708
3709
3710
3711
3712
3713
3714
3715
3734
3859
3888
3928
31135
3973
4021
4025
4029
4032
4127
4140
4141
31199
31200
4145
4146
4149
4166
31215
4172
4178
4256
4257
4258
4336
4404
4488
4513
4514
4515
4516
4517
4518
4524
4593
4594
4595
4597
4598
4599
4602
4603
4604
4605
4606
4608
4609
4610
4611
4643
31285
4876
31313
5206
5210
5226
5286
5412
5414
5433
5439
5480
5481
31425
31426
31427
5595
31456
31457
5596
5637
5707
5709
5711
5712
5713
5714
31489
5899
5900
5964
31558
5965
5966
6011
6012
31609
6199
31622
6241
6266
6267
6280
6318
6411
6523
6526
31723
6551
6552
6593
6595
6789
6797
6831
31849
6836
6896
6897
6898
6899
6900
6902
6903
6904
6943
6944
6945
6946
6947
6987
6991
31885
7012
31892
7013
7014
7015
7016
7017
7042
7043
7044
7045
7046
7047
7048
7053
7202
7239
31945
31954
31961
7304
7305
7306
7307
7309
7315
7316
7355
31975
7356
7357
7358
7359
7360
7362
7365
7386
31988
31989
7387
7388
7389
7391
7392
7393
7394
31990
7397
7398
7399
7400
7401
7402
7442
7443
7444
7445
7448
7451
7453
7454
7615
7627
32012
7653
32044
7825
7850
7854
7855
7856
7857
7858
7859
7860
7861
7862
7863
7864
7865
7866
7867
7868
7869
7870
7871
7872
7873
7874
7875
7876
7877
7878
7879
7880
7881
7882
7883
7884
7885
7886
7887
7888
7889
7890
7891
7892
7893
7894
7895
7896
7897
7898
7899
7901
7902
7903
7904
32062
7905
7906
7907
7908
7909
32063
7910
7911
7912
7914
7915
7916
7917
7918
7919
7920
7921
7922
7923
7924
7925
7926
7927
7928
7929
7930
7931
7932
32064
7933
7936
7944
32087
7968
7996
7997
32094
7998
7999
8000
8001
8002
32095
8003
8004
8005
8006
8007
8008
32096
32097
8010
8011
8012
8013
8014
8015
8016
8017
8018
8019
8020
8022
8023
8024
8025
8081
8086
8089
32108
8092
8095
8096
8097
8098
8126
8127
8153
8154
8155
8156
8157
8197
8198
8199
8200
8201
8202
32143
8256
8257
8258
8259
8260
8261
8263
8264
8265
8267
8269
8270
8271
8272
8273
8275
8276
8277
8278
8280
8281
8282
8283
8284
8285
8287
8289
8290
8291
8292
8293
8296
8297
8298
8299
8300
8302
8303
8304
8499
8504
8537
32216
8590
8622
32262
8812
8834
32287
32288
8970
8971
8973
8974
8985
9054
9056
9057
9127
9128
32340
9172
9175
9176
32343
9178
9179
9180
32344
9181
9182
9183
9184
9185
9186
9187
9188
9189
32345
32346
32347
32348
32349
9190
9191
9192
32350
9193
32369
9310
32389
9406
9407
9408
9430
32400
9504
32417
9622
9661
32443
9664
9764
9806
32477
32479
32480
9825
9826
9827
9828
32481
32482
9830
9831
9832
9833
32483
9834
9835
9836
9837
9838
9840
9841
9842
9843
9844
32484
32485
9845
9846
9847
9848
9849
9850
9851
9852
9853
9854
9855
9856
9872
9873
32493
9874
32494
9875
9895
9938
9965
10071
10072
10073
10401
10442
10552
10573
32626
32627
10657
32644
10916
10950
10960
32711
11085
11240
32754
11494
11496
11497
11498
11500
11567
11609
11611
32823
32824
11612
11613
32825
32826
32827
32828
11614
11664
11696
32920
32925
11790
11792
11795
32967
11797
11798
11800
11801
11803
33020
33022
11979
11980
11981
11983
11984
11985
11986
11987
11988
11989
11990
12003
12152
12156
33041
12157
12158
12160
12161
12163
12173
12174
12184
33048
12193
12194
12206
12207
12211
12304
12371
12416
12580
12589
12648
12649
12650
12651
12652
12653
12654
12655
12656
12657
12658
12659
33156
12660
12661
12662
12663
12664
12665
12666
33157
33158
12668
12669
12670
12671
12672
33159
12673
12674
12675
12699
33161
12700
12701
12702
12703
33165
12733
12771
12773
12782
12828
12869
12878
12879
33227
12897
12917
33242
12923
13047
13087
13097
13135
13151
13180
13183
13184
13185
13187
13188
13193
13194
13196
13197
13198
13200
13201
13202
13203
13223
13225
13226
33327
33330
13318
13320
13321
13322
33346
33349
13394
33352
13407
13461
13467
13468
13487
33366
13528
13529
33376
13552
13553
13554
13555
13556
13557
13558
13559
13560
13561
13562
13563
13581
33382
13590
13597
13650
13667
13708
13709
13710
13711
13712
13760
13766
14023
14064
14137
14181
33519
14224
14226
14284
14289
14290
14291
14294
14295
14296
14297
14298
14299
14300
14303
14304
14305
14306
14309
14310
14311
14312
33525
33526
14314
14315
14317
14318
14320
14322
14323
14346
14370
14374
14433
14436
14437
14438
14439
14440
14441
14442
33549
14443
14444
14445
14449
33551
33552
33553
14451
14452
14453
14455
14456
33554
33555
14457
14458
14459
14460
14461
14463
14464
14465
14466
14467
14470
14471
14472
14475
14476
14477
14478
14479
14480
33559
14481
14482
14483
14484
33560
33561
33562
14485
14486
33563
14487
14488
33564
33566
14489
14490
14491
14493
14494
33569
14495
14496
33570
14498
14499
14500
14501
14502
14503
14504
14507
14508
14513
14514
14515
33572
14585
14607
14626
14627
14633
14634
14635
14668
14795
15028
15029
15030
33695
33696
33697
15031
15032
15033
15034
15035
15036
15037
15038
15039
15040
15041
15042
15043
15044
15045
33698
33699
15046
33700
33701
33702
33703
33704
15047
15048
33705
33706
33707
15049
15050
33708
33709
33710
15093
15095
15096
15097
15109
15158
33748
33758
15223
15262
15266
15280
15281
15282
15283
15292
15294
15297
15299
15300
15301
15302
15303
15305
15306
15307
15311
15312
15314
15315
15316
15319
15321
15323
15325
15326
15329
15330
15356
15361
33788
33789
15408
15442
15444
15475
15478
15479
15484
15485
15486
15487
15488
15492
33812
15586
15635
15699
15712
15713
33865
15751
15752
15753
15754
15755
33871
15778
15784
15791
15792
15793
33879
15794
15796
15797
15841
15851
15856
33913
15936
16024
16114
16176
16199
16208
16209
16210
16217
16218
16236
16239
16301
16315
16327
16329
16337
16382
34014
16387
16484
16485
16506
16507
16508
16511
16652
16658
16666
16667
16683
34101
34111
16716
16719
16720
16753
16759
16770
34127
16780
34141
16812
16834
34159
16954
34183
16983
16986
16999
17000
17028
17037
17044
17045
17050
34205
17052
17053
17054
34210
17055
17056
17057
17069
17070
17358
17359
17360
17361
17362
17363
17367
17378
34276
17478
17515
17546
17547
17548
17551
17602
17620
17622
17623
17624
34346
17627
17640
17645
17692
30320
34375
17740
34380
34381
17764
34398
17797
17798
17813
17816
34411
34419
17844
17871
17873
17874
17879
17888
17902
17917
17918
17929
17937
17938
17940
17941
17942
17943
17944
17945
17946
17964
17975
18000
18034
18035
18037
18038
18039
18040
18041
18042
18043
18044
18047
18067
18072
18078
18084
18093
18140
18200
18201
18219
18237
18258
18309
18310
18315
34547
34548
18321
18323
18325
34555
34564
18431
18447
18488
18489
18490
18491
18493
18494
18520
18527
34624
18537
18574
18586
34648
18630
18631
18704
18771
18775
18778
18818
18829
18890
18899
18997
18998
19018
19066
34766
19116
19122
19127
34774
19131
19135
19136
19137
19153
19154
19176
19221
19243
19254
19279
19319
19332
19334
19355
19357
19363
19396
19399
19409
34853
19413
19420
19421
19423
19460
19461
19483
19485
34888
19504
19505
19506
19507
19510
19512
19513
19515
19517
19519
19520
19521
19522
19523
19524
19526
19527
19528
19529
19531
19532
19533
19534
19537
19558
19563
34896
34902
34903
34908
19618
19632
19650
34928
34932
19738
34938
19751
19759
19768
19769
19770
19785
19821
19822
19823
19826
19849
19850
19851
19879
19883
19884
19885
19886
19889
19894
19912
19930
19936
19939
19973
19999
20005
20006
20015
20117
20119
20120
20136
20163
20165
35047
20261
20295
20296
35057
20298
20299
20300
20302
35058
20320
20322
20345
20347
20362
20414
20415
20416
20417
20418
20419
20420
20421
20422
20423
20426
20447
20462
20463
35087
20492
20493
20541
20603
20604
20605
35132
20628
20666
20787
20810
20811
35178
20846
20847
20870
20877
20909
35217
35242
20985
20986
20992
21003
21005
21015
21031
21032
21045
21050
21067
21068
21069
21070
21071
21072
21143
21200
21218
21219
21220
21258
21265
21295
35348
35349
21392
21421
21615
21619
21621
21722
21733
21734
21735
21736
21737
21738
21740
21741
21742
21743
21744
21745
21746
21747
21748
21749
21750
21751
21752
21753
21755
21756
21757
21758
21759
21760
21761
21762
21763
21764
21765
21766
21767
21768
21769
21770
21771
21772
21773
21775
21776
21777
21778
35465
21781
21783
21784
21797
21798
35482
21801
21804
21805
35490
35495
35501
21900
21930
21936
21943
22041
22047
22048
22049
22051
22053
22054
22055
22056
22058
35557
35558
22059
22060
22061
35559
35560
35561
22065
22066
22069
22072
22082
22083
22097
22102
22103
22104
22105
22106
35572
22107
22108
22109
22110
22111
22112
22113
22114
35576
22115
22116
22117
22118
22119
22120
22121
22122
22123
35577
22141
22142
22143
22148
22149
22152
22153
22154
22157
22159
22160
22314
22319
22361
35654
35655
35658
35660
22480
35673
22560
22561
22598
22714
22715
22722
22743
22751
22802
22828
22829
22830
22832
22834
22837
22843
22848
22852
22853
22855
22879
22880
22881
22886
22888
22889
22895
22896
22897
22899
22901
22902
22946
22947
22950
22951
22952
35787
23009
23010
23136
23137
23316
23338
23382
35872
35873
23383
23484
23485
23486
23496
23503
23667
23676
23915
23916
23945
24027
24080
24081
24083
24085
24093
36037
36039
36040
36041
36042
24098
24100
36043
36044
24105
24106
24235
24243
24324
36109
24327
24328
24333
24334
24335
24336
24337
24338
24339
24340
24341
24343
36164
24585
24586
24587
24588
24589
24590
24591
24592
24838
24884
24923
24965
24966
24967
24990
24996
25001
25003
25004
25005
25006
25007
25008
25015
25049
25050
25051
25052
25054
36330
25059
36350
25162
25201
25205
25239
25240
25278
25329
25357
36420
36428
25449
25451
25452
25453
25454
25455
25456
25457
25458
25584
25601
25602
25604
25605
25606
25608
25611
25612
25613
36481
36482
25645
36486
25661
25662
25663
25665
25666
25667
36488
36489
25668
25669
25670
25674
25675
25677
25681
36492
36493
36494
25682
25683
25686
36495
36498
25689
25690
36499
36500
25691
25693
36501
25708
25710
25711
25712
36510
25713
25740
25784
25798
25799
25800
25801
25802
25803
25804
25805
25820
25821
25937
36587
26418
26419
26420
26421
26422
26423
26424
26425
26426
26427
36695
26784
36747
27274
27339
36760
27368
27381
36775
36776
36777
27415
27469
36804
27979
29431
29576
