486
1080
1086
1145
1186
1189
1193
1265
30537
1466
1491
1509
1687
1691
1994
2284
2286
2287
2288
2306
2321
2406
2407
31041
3436
3488
3489
31202
4773
31652
7059
7248
7250
7251
7253
7276
7965
8382
8715
8892
8893
9269
9371
32409
32548
10055
10058
10099
10134
10184
10186
10283
10303
10317
10320
10346
10395
10437
10463
10469
10484
10491
10575
10701
10702
10706
10793
10802
10815
10903
10922
10923
10924
10925
10926
10927
10928
10929
10930
10931
10932
10933
10934
10935
10936
10937
10938
10939
10940
10941
10942
10943
10944
10945
10946
10947
32715
11167
11172
11347
11379
11438
12221
33072
12346
12557
12866
33427
14073
14769
15276
15277
15910
15928
34041
17366
34284
34318
17595
34355
17708
17709
17710
17711
17712
17713
17714
17715
17716
17949
18183
34553
34590
18652
18728
18977
18978
18979
18982
18990
18991
19003
19010
19023
19026
19040
19042
19083
19538
19739
19901
20357
35259
35304
35368
11
21524
21575
21766
21875
21884
35511
21911
35520
22994
23107
23741
36024
36249
24739
24740
24803
24804
24823
25064
25187
25927
25929
25948
25969
26007
26060
26064
26088
26242
26255
26256
26259
36646
26381
26551
26560
26660
26789
26822
26854
26857
26868
27042
27043
27044
27596
27747
28491
37104
37105
37106
37107
37109
37108
37110
37111
