92
93
30328
30329
139
138
150
151
165
164
174
173
331
176
197
198
208
207
217
218
306
308
311
344
358
401
417
422
435
464
883
946
983
984
1019
30568
1728
30602
1815
1845
2172
2184
2332
2331
2558
2631
30818
30819
30820
2688
30838
30837
3016
3288
3511
3555
3744
31113
3855
3975
3976
4070
4071
4073
31186
4119
4647
4654
4655
4656
4657
4660
31285
4665
31287
31288
4672
4677
4678
5404
5520
5532
5587
5588
5591
5625
6138
6170
6175
6179
6181
31614
6202
6216
6396
6400
31701
6484
6531
6569
6643
6649
6762
6796
6801
31790
31791
31793
31794
31798
31800
31801
31806
31808
31809
31810
31811
31812
31815
31816
31818
31820
31822
31824
31827
31828
31830
31831
31834
31835
31836
31837
31838
31839
31867
8046
8064
32146
8557
8711
8720
8721
8881
8882
8945
8986
9080
32340
9333
9357
9517
9762
9810
9983
10016
10081
10150
10739
11102
11212
33014
12026
33090
12365
45
33124
12539
12540
12550
12687
12759
12778
30317
33243
13258
33356
13543
13691
13721
14157
14254
14647
14655
14844
14997
15017
33738
15168
15193
15261
15383
33805
33830
15570
15643
15746
15757
15760
15849
16534
16918
16919
17890
17957
18230
18415
18566
18842
19222
34831
19725
19727
19728
19822
19975
35014
20391
20770
21101
21250
35451
21703
21807
21896
22028
35549
22158
22172
22183
22215
22216
22311
22312
22636
22637
22638
22758
22801
23042
23142
23157
23168
23314
23377
23408
23438
35900
23456
23461
23524
23526
23532
23553
23554
23555
23569
23570
23571
23572
23574
23651
35944
35992
35991
24059
24134
24502
36186
36187
24844
36298
25089
25112
25183
25406
25662
25663
25678
25771
25772
25839
