379
380
381
474
762
30678
261
2135
2136
2137
2701
2704
2732
2791
3355
3356
31036
3929
3930
3931
3932
3963
31141
3966
4543
4601
4668
5196
5195
31352
5253
5304
5305
31408
5891
31563
31585
6700
6810
6833
7271
7273
7426
7674
7675
7782
8021
8088
8228
32136
8415
32188
8429
8646
8647
8695
32273
32274
9505
9591
9592
32519
32520
9960
32523
32524
9961
32525
32526
32527
10408
10593
10667
10726
32652
10727
32653
11564
11565
11782
11783
12139
12533
33123
33124
33230
13016
33273
13086
13172
33305
13296
13297
13298
13398
13399
13400
13401
33409
13674
13679
13742
13743
13744
13745
13746
13747
13748
33428
14282
14288
14292
14301
14302
33523
33524
14324
14325
14326
14446
14447
33567
14654
14796
14966
15248
33783
33782
33785
15386
15387
15735
15826
15830
15862
33889
15863
15864
15875
15876
15877
33890
15896
33895
33896
16039
16123
33955
16125
16126
16129
16233
16234
16320
16323
16383
16813
17049
17051
34206
34207
34208
34209
17421
17422
17458
17590
17919
17966
17986
18036
18478
18479
18513
18585
18767
18917
34713
18968
18978
19180
19228
19291
19613
19640
19648
19655
19829
19890
19958
20303
20597
20649
20663
20694
20746
20777
21429
21729
35461
21739
21754
21774
21995
35563
22074
22579
22760
22761
22762
22763
22764
22765
35725
22766
22767
22768
22769
35726
22770
22771
22772
35727
22773
22774
22775
22776
22777
22778
22779
22780
22781
23104
35890
23846
23996
23998
23999
24000
24017
24018
36021
36022
24079
36241
24824
36285
36304
25013
25023
25024
36313
36314
36315
36316
36317
36318
25061
25114
25371
25467
25530
25531
25572
25742
25845
36549
25846
36550
25847
36551
36552
25848
25849
25850
25851
25852
25853
25855
36553
25856
36554
25916
26393
36654
36704
27075
27470
27498
27499
