30350
30351
537
30369
647
30466
1840
2332
2633
2637
2893
30921
2988
3329
3331
4297
4298
4306
31288
31301
31305
31313
5182
5187
5591
5592
5890
6264
6494
31805
31807
31809
31813
31825
7377
7456
8216
32209
32323
9586
9589
9591
9592
11230
32740
32953
12112
12635
12636
13270
33354
13769
13920
33740
15701
15997
16161
16385
16516
16519
16521
16523
16525
16526
16531
16551
16552
16559
16562
16563
16564
16567
34061
16577
16584
16590
16593
34075
16597
16598
16600
16605
16611
16614
16615
16618
16620
16621
16624
16625
16627
16637
16642
16643
17628
18015
34685
18946
19367
20531
22309
35688
22561
22988
23121
23122
23161
23400
35921
55
35948
24061
36037
24119
36078
36298
25040
25042
36323
36325
25154
36377
25830
26693
26694
36791
36792
27475
37306
37407
37432
37444
29558
29700
37755
