324
670
720
722
30401
785
30404
30405
1199
1283
1284
1285
1292
30519
1319
1377
1382
1388
30546
1474
1521
1561
1723
1725
30725
30739
2230
30741
30742
30743
30744
2250
2257
2272
2314
30768
2339
30780
2350
2349
2369
2484
2488
2489
2492
2493
2510
2522
2523
2524
2713
2761
30871
30874
2839
30911
2866
2867
2875
2876
2877
2878
30915
30916
2909
2911
30924
2936
2950
3008
3026
30967
30968
3035
30969
3060
3363
3820
3839
3883
3890
31129
4076
4125
31198
4158
4159
4167
4184
4221
31247
4290
4291
4296
31248
4299
4300
4304
31249
4305
4307
4309
4347
4841
4842
4843
5219
31364
5303
5329
5332
5483
5488
5490
5742
31514
31590
31601
31602
6129
31603
6130
6162
6186
6248
31626
6429
6449
6476
31729
6545
6644
6652
31769
6662
6691
6717
6720
6736
6872
6893
6894
6906
6949
31876
6957
6966
6970
6971
6973
7134
7295
31970
7322
7375
7433
7715
7731
7732
32042
7786
7820
7934
7937
7974
8075
8076
8106
8184
8227
32128
8356
8378
32178
32184
8419
32185
32187
8455
8457
8458
8505
8508
8546
9289
32371
32372
9290
32373
32374
9291
9292
9293
9294
9295
9296
9500
9506
9515
9516
9632
9725
9767
30314
9824
32497
9888
9889
32498
9894
32505
9984
32529
9985
32530
9986
9987
9988
9989
9990
32531
32532
9991
9992
32533
9993
9994
9995
10011
32550
10012
10013
10014
10015
10016
10017
10018
10019
10024
10637
10640
32630
10645
32631
11097
12201
12202
33055
33061
33062
12249
12254
12302
12312
12555
33128
33143
12638
12639
12784
12810
12811
12812
12813
33224
33254
13014
13073
13081
33278
13171
33334
33341
13367
13396
33351
13498
13513
13519
13520
13521
13574
33403
33404
33405
13607
33406
13608
13630
33415
33440
13876
13877
14257
33533
14360
14361
14362
14363
14364
33534
14371
14372
33535
33536
14606
33712
33715
15068
15172
15218
15345
15404
33802
15495
15496
15556
15567
15589
15590
15595
33857
15685
15704
15709
15739
30319
33926
33931
16082
16088
16251
16265
33981
33983
16283
16285
16287
16291
33990
16306
16307
16308
16319
34007
34013
16389
16402
16403
16412
16415
34029
16418
16419
16420
16421
16422
16423
34030
34031
16424
16425
34038
34039
34040
34046
16659
34092
34093
34094
34096
34102
34103
16745
16746
34119
34120
16764
16765
16767
16771
34137
16837
16840
16861
16862
16863
34181
34185
16967
16971
16972
16973
16976
34190
34191
17027
34204
17047
34275
34282
34284
34285
17406
34286
34287
17410
34288
34289
17412
17413
17414
17429
17445
17469
17471
34302
17472
17473
17474
34303
34304
17477
17542
17556
17560
34316
17565
17566
34318
34321
34322
17601
17613
17626
17628
17629
17635
17639
17643
17646
34352
17650
34353
34354
17664
17665
17677
17680
17707
17727
34383
34387
17757
17758
17759
34389
34390
17761
34393
34394
34395
17773
17780
17799
17801
17811
34417
34420
17850
17876
34430
34436
17939
17953
17957
34445
17973
18020
18021
34462
18066
34476
18075
18085
34483
34507
34515
34517
18193
18218
34531
34532
18234
18257
34537
18269
18276
34541
18303
18304
18305
18316
34549
34550
18319
18320
18335
18336
34568
18399
18400
18417
34574
34582
18443
34584
18461
34591
34592
18462
18476
18482
34601
18529
34625
18531
18532
18534
18535
34626
34627
18568
18573
18578
18579
18765
18821
34689
18834
34692
34694
18876
34720
18946
18947
34723
34724
34725
18981
19070
19111
19112
19118
34771
19121
19148
19149
19150
19151
34790
19160
19161
19162
19192
19209
34810
19210
34817
34819
19275
19283
19284
19292
19296
19345
19395
19411
34854
19418
19422
19430
19431
19432
34857
34858
34859
19451
19452
19489
19493
34890
34895
19601
19612
19628
19629
19631
34919
19649
34929
34930
19718
34935
19743
34936
19761
19767
34941
34958
19856
19872
19880
19897
19929
19948
34974
19992
19993
19994
20010
20019
20037
35017
20150
35020
35021
35028
35034
35038
20178
20179
20186
20230
35060
35073
20367
20379
20380
35077
35081
20444
20445
20446
20470
35104
35105
35106
20531
20540
35134
20644
20653
35145
20672
35150
20687
20736
20737
20741
20745
20759
35171
20779
20781
20782
20797
20806
20841
20845
20867
35187
35188
20868
20869
20880
35194
20881
20882
20884
35196
35203
20917
20918
35205
20920
20922
20937
20939
20968
20969
20972
20973
35236
35237
20980
20994
20996
21024
35252
21049
21057
35262
35263
35264
21082
21083
35272
35273
21133
21135
21136
35280
21137
21152
21387
21474
21475
35365
35366
21508
35382
21543
21678
21730
35462
35499
35506
35507
21880
21881
21882
35571
22420
22422
22483
35664
22576
22750
35789
23013
23018
35803
23163
23164
23426
35901
23471
23472
23473
23474
35912
35913
23511
23660
35942
23721
23722
23784
23953
23981
23982
36023
24042
24092
36036
24200
24208
24212
24425
24583
24584
24596
36219
24897
36338
36339
25079
25080
36351
25157
25243
25244
25246
36390
25326
25327
25330
25332
25335
25336
25338
25391
25392
25397
25398
25426
25498
25544
25545
25628
25643
25808
25809
36542
36543
26160
26164
36617
36618
26165
26166
26167
36619
36620
36621
36622
26168
26170
26173
36623
36624
26175
36625
36748
