382
30353
383
463
30310
466
30357
467
468
30369
30312
765
1039
1065
1066
1157
1158
1159
1164
1176
1177
30479
1254
30510
1257
30542
1493
30560
1518
30572
1606
30590
1640
1715
30598
1719
30599
1727
1738
1742
1917
2152
30730
30731
2247
2312
2325
2330
2343
2409
2532
2772
2888
3301
3527
3677
3733
3753
3755
31095
3789
3799
3901
4002
4087
4088
4089
4090
4091
4092
4093
4094
4095
4096
4097
4098
4099
4100
4101
4102
4103
4104
4105
4106
4108
4109
4110
4111
4112
4114
31191
4123
4147
4205
31231
31240
4262
4263
4264
4265
4266
4267
4268
4269
4271
4272
4274
4275
4276
4277
4278
4279
31241
31242
31243
4281
31244
4284
4285
31245
4286
4288
31246
4319
4337
31255
31256
31257
4364
4365
4366
4367
4368
4369
4370
4371
4372
4373
4374
4375
4376
4377
31262
4378
4379
4380
4381
4382
4383
4384
4385
4386
4387
4388
4389
4390
4391
4392
4393
4394
4395
4396
4397
4398
4399
4400
4401
4402
4403
4408
4409
4410
4411
4412
4413
31264
4414
4415
4416
4417
4418
4419
4420
4421
4422
4423
4424
4425
4426
4427
4428
4429
4430
4431
4432
4433
4434
4435
4436
4437
4438
4439
31265
4440
4441
4442
4443
4444
4445
4446
4447
4448
4449
4450
4451
4452
4453
4454
4455
4456
4457
4458
4459
4460
4461
4462
4463
4464
4482
4550
4551
4553
4554
4555
4556
4558
4590
4591
4616
4619
4620
4621
4622
4623
4624
4625
4626
4627
4628
4629
4647
4650
4651
4652
4658
4665
4669
4674
4679
4680
4694
4695
4699
4700
4701
4702
4703
4704
4705
4706
4707
4708
4709
31297
4710
4711
4712
4713
4714
31298
4715
4716
4717
4718
4719
4720
4721
4722
4723
4730
4731
4732
4733
31300
4735
4737
4740
4741
4742
4743
4744
4745
4749
4754
4755
4756
4757
4758
4786
4787
4788
4793
4794
31306
4795
4796
4797
4798
4799
4800
4801
4802
4803
4804
4805
31308
4807
4809
4813
31309
4823
4824
4825
4827
4828
4829
4831
31310
4834
4835
4836
4837
4839
4840
31312
4847
4848
4849
4854
4855
4856
4857
4858
4859
4860
4861
4862
4863
4864
4865
4866
4867
4868
4870
4871
4872
4873
4874
4875
4878
31314
4880
4881
4882
4883
4884
4885
4886
4887
4888
4889
4891
4892
4893
4894
4895
4896
4897
4898
4899
4900
4902
4927
31324
4931
4932
4933
4934
4935
4936
4937
4939
31325
4941
4942
4943
4944
31326
31327
31328
31330
4945
4946
4947
4948
4949
4950
4951
4952
4953
4954
4955
4956
4957
4958
4959
4960
4961
31331
4962
31332
4963
4964
4965
4966
4967
4968
4969
4970
4971
4972
4973
4974
4975
4976
4977
4978
4979
4980
4981
4982
4983
4984
4985
4986
4987
4988
4989
4990
4991
4992
4993
4994
4995
4996
4997
4998
4999
5000
5001
5002
5003
5004
5005
5006
5007
5008
5009
5010
5011
5012
5013
5014
5015
5016
5017
31333
5018
5019
5020
5022
5023
5024
5025
31334
31335
5026
5027
5028
5029
5030
5031
5032
5033
5034
5035
5036
5037
5038
5039
5040
5041
5042
5043
5044
5045
5046
5047
5048
5049
5050
31336
5051
5052
5053
5054
5055
5056
5057
5058
5059
5060
5061
5062
5063
5064
5065
5066
5067
5068
5069
5070
5071
5072
5073
5074
31337
5075
5076
5077
5078
5079
5080
5081
5082
5083
5084
5085
5086
5087
5088
5089
5090
5091
5092
5093
5094
5095
5096
5097
5098
5099
5100
5101
5102
5103
5104
5105
5106
5107
5108
5109
5110
5111
5112
5113
5114
5115
5116
5117
5118
5119
5120
5121
5122
5123
5124
5125
5126
5127
5128
5129
31338
5130
5131
5132
5133
5134
5135
5136
5137
5138
5139
5140
5141
5142
5143
5144
5145
5146
5147
5148
5149
5150
5151
5152
5153
5154
5155
5156
5157
5158
5159
5160
5161
5162
5163
5164
5165
5166
5167
5168
5169
5170
5171
5172
5173
5174
5175
5176
5177
5178
5179
5180
5181
5182
5248
5251
5259
5387
5616
5624
31468
5661
5720
5734
5820
5908
5909
5910
5921
5925
6164
6269
6278
31630
6402
6416
6422
6458
6469
6483
6508
31728
6664
6665
6806
6807
31914
31917
31932
7311
7432
7625
7808
7966
7995
8026
8027
8028
8029
8030
8031
8032
8033
8034
8035
8036
8162
8181
8336
8361
8425
8461
32201
8522
8529
8539
8540
8541
8572
8589
8628
8637
8653
8657
8679
8689
8756
9060
9377
9409
9410
9412
9413
9414
9415
32391
9416
9441
32395
9443
9461
9465
32403
9501
9529
9543
9544
9545
9546
32440
32441
32442
9659
9695
32454
32457
9744
32458
32459
9746
9748
9749
9750
32460
9751
9753
9784
32471
9807
32475
9819
32490
9890
32500
9891
9983
10040
10050
10479
10606
10607
10609
10613
11150
11462
11901
11902
11903
11904
11905
11906
33012
11907
11908
11909
33013
11910
11960
11992
12135
12162
33054
12253
12290
12291
12362
33136
12724
13036
13147
13245
13291
13340
33363
33400
13677
13752
13770
13883
14067
14130
14591
14593
33590
14691
33690
33691
33692
33693
15104
33752
15260
15577
15578
15579
15580
15609
15637
15696
15702
15814
33887
15892
15909
16183
16231
16254
16313
16781
16782
16783
16784
16839
16858
17549
34350
17766
17767
17768
17965
18159
18266
18512
18603
18668
18983
18984
18985
18986
18987
19959
19960
19961
20103
35014
20467
21096
21184
21251
21496
21514
21515
21516
21657
21660
21661
21662
21675
21806
21807
21808
21809
21810
21811
21812
21840
21870
21896
35515
35516
22009
35567
22298
22299
22300
22301
22302
22303
22304
22306
22371
35649
22518
22594
22596
22917
23011
23142
35826
23234
35857
23423
35900
35934
23700
35964
35965
23798
23815
23851
23956
23957
23958
23959
23960
23961
23962
36006
23963
23965
23966
23967
24091
24412
24458
36171
24526
24564
36220
36224
24635
24636
24691
24730
24731
24732
24733
24734
24735
36253
24799
24802
24830
24876
24886
36290
24926
24951
36302
36303
25031
25032
25033
25034
25035
25036
25037
25038
25069
25109
25110
25111
25112
25178
25232
25233
25234
25235
25380
25503
36455
25763
25764
25779
25780
25830
25938
26186
26187
26488
27259
27260
28760
37215
