68
30337
30338
279
281
30343
343
357
453
668
30389
1731
1895
1897
2231
2281
2703
31150
3983
31151
4724
4725
4726
5185
5415
5495
5593
5866
6135
6613
6614
6636
31898
7070
7076
7079
7081
31900
7083
7084
7085
7091
7096
7097
7103
7108
7109
7116
7115
7119
7120
7123
7124
7129
31906
7130
7131
7244
31972
32049
7761
32050
8048
10006
10329
11446
11570
32799
11597
32820
11624
32833
11627
11629
11704
11734
11838
32993
11981
11984
11987
11992
11993
11994
12315
12354
33087
33097
33098
33101
12376
12377
12378
12488
33115
12495
12496
12504
12505
12506
12509
12511
33119
33121
12517
12753
12841
13042
33260
13683
14272
14451
14466
14483
14484
14503
33682
33688
15051
33761
16277
16576
16787
17365
34274
17433
17437
34298
17750
17777
17787
18260
18708
18776
18832
34706
19208
34825
19552
19944
20208
20251
20252
20796
20799
20800
20801
20889
20928
20990
22539
22540
22541
35691
22543
22545
22546
35695
22547
35696
22548
22744
35785
23134
23717
35952
23932
23966
36054
24186
36055
24187
24188
24189
36057
36058
24190
36310
25097
36348
36361
36362
36363
36365
25160
25163
25257
25359
25360
25361
25362
25363
25579
25598
36468
25624
36469
25625
26482
26605
26700
26747
26813
26899
27179
