17662
17669
34359
17674
34360
34361
34362
34363
34364
34365
34366
17689
17695
17699
17725
17728
17730
17732
17748
34386
17750
17754
17756
34387
17760
17769
17770
34403
17777
34406
17784
17785
17787
17789
17791
17804
17805
17809
17814
17817
17818
17822
17823
17828
17829
17840
34417
17843
17845
17854
17856
34428
17869
17881
17891
34432
34433
34434
17911
17912
17913
17922
17923
17924
17925
17926
17927
17931
17932
34443
17962
17967
17968
17971
34449
17984
17986
17988
34454
18001
18003
18002
18011
18012
18022
34463
34467
34469
18033
18050
18055
18057
18058
18064
18065
34476
18080
18089
34508
18141
18142
18167
18168
18170
34514
18175
18176
18180
18182
34520
18206
34522
34523
34524
34525
34526
18211
18223
18224
18225
18227
18228
18230
18233
18238
18239
18240
18242
18243
18244
18250
34536
18253
18254
18255
18265
18267
34539
18273
34540
18275
18287
18288
18289
18296
18297
18300
18305
18307
18313
18322
18326
18327
18338
18349
34562
18352
18357
18359
18362
18367
34565
18382
18392
34570
18395
18405
18406
18421
18430
34580
18433
18434
18437
34582
18445
18453
18454
18458
18459
18463
18464
18466
18476
18479
18486
34602
18498
18500
18516
18524
18540
18541
18542
18543
18544
18553
18566
18572
18582
18588
18590
18591
18595
34646
18627
18636
18637
18641
18643
18646
18649
18658
34660
18671
18689
34663
18705
18706
34667
34669
34671
18737
34675
34677
18751
18755
18762
18776
18779
18780
18783
18784
18788
18789
18790
18791
18792
34685
18805
18807
18808
18809
18810
18811
18814
18815
18822
18830
18832
18835
34692
34693
18838
18839
18846
18851
18859
34695
34701
18876
34703
18881
18882
18893
18896
18900
18903
34711
18912
18913
18914
18915
34714
18919
18921
18922
18926
18934
18937
18939
18941
34721
34722
18959
18964
19059
19060
19067
34737
19072
19073
19082
19087
19091
34763
19105
34767
19120
19125
19126
19130
34781
34782
34788
19164
19165
19171
19174
19178
34794
19179
19198
34806
34807
19209
19212
19214
19233
19244
19251
19252
19255
19264
34818
19267
19272
34825
19285
19287
34828
19290
19291
19328
19330
19346
19348
19360
34851
19372
19376
19378
19380
19384
19398
19405
19409
19416
19417
19419
19421
34855
19424
19425
34864
19443
19448
34865
19458
34871
19462
34872
19465
19468
34873
34874
19470
19472
34876
19473
19474
19492
19499
19538
19541
19545
19546
19549
19551
19564
19575
19576
19594
19595
19599
34904
34905
19602
19606
19608
19612
19616
34912
19626
19639
34921
19656
19693
19721
19723
19724
19733
19734
19741
19745
19765
19772
19779
19782
19786
19790
19795
19796
19805
19806
19807
19818
19819
19821
19824
34952
19835
34957
19854
19858
19866
19871
34963
19891
19892
19898
19916
19919
19924
19925
19930
19933
19943
19945
19951
19958
19960
19961
19964
19968
19975
19976
19984
19985
19986
20000
20001
20003
20004
20012
20016
20104
20107
20108
20111
20112
20113
20123
35016
35024
35025
20158
20160
35026
20164
20168
20169
20171
20183
20194
20201
35040
20202
20203
35041
20209
20216
20226
20231
20235
20237
35046
20246
20265
20290
20306
20325
20326
20335
20336
20338
20344
20370
20379
20380
20383
20384
20389
20405
35075
35076
20431
20433
35081
20439
20449
35084
35086
20456
20457
20458
20459
20461
35089
20482
20495
35092
20496
20499
20502
20503
35095
35096
20505
20522
20524
20527
20539
20543
20544
20545
35110
20547
20550
20551
20553
35115
20557
20558
20563
20565
20568
20571
35121
35127
35128
20601
20604
20606
20607
20611
20613
20616
20622
20624
20629
20632
20633
20634
35141
20635
20636
20640
20642
20652
20656
20664
20665
20668
20671
20672
20675
20682
20690
35152
20697
20705
20710
20724
20725
35160
35161
20727
20748
20755
20756
35165
20775
20777
20778
35171
20783
20786
20791
35175
20807
20808
35178
20815
20818
20823
20831
20832
20841
20842
20848
20855
20856
20857
20862
20863
20872
20878
35193
20879
20887
35195
20890
20893
20895
20900
20919
20928
20940
20941
20942
20946
20947
20948
35220
35234
20988
20998
21000
21009
21010
21014
35247
21022
21023
21025
21027
35249
21028
21029
21030
21033
21034
35253
21035
21037
21044
21058
21066
21075
35265
21084
35269
21092
21095
21109
21122
35275
21132
21134
21149
21154
21161
21166
35290
21172
21180
21181
21194
21196
35298
21209
21212
35302
21223
35307
21239
21240
21246
21247
21270
21272
21273
35321
35322
35324
35325
35326
21281
21285
21289
21296
35329
21331
21338
21345
21346
21347
21378
35345
21382
35348
21390
21395
21398
21403
21406
21411
21412
35356
21434
35360
21447
21472
21476
21488
21489
21492
21496
21497
35369
21508
21521
21526
35383
21544
21557
21558
35395
35396
21567
21573
21574
35411
21594
35412
35413
35415
21602
35416
21639
35437
35438
21668
21669
35452
21705
21706
21728
21730
35461
21797
21798
21799
35487
21817
21819
21830
21836
21839
21871
21891
21892
35512
35513
21903
21904
21915
21916
35518
21941
21969
21970
21972
21983
21990
21996
35542
35543
22000
35545
22007
22024
35548
22054
22057
35556
22069
35581
22150
22166
22170
35590
35591
35592
35595
35596
35597
35601
22176
22185
22186
22211
22212
22238
22237
22239
22254
22255
22256
22257
35612
35613
22284
22285
22288
22289
35615
35616
35635
22375
22376
22377
35638
22427
22445
22462
35672
22503
35675
22522
22523
35687
35693
35694
22552
35704
22562
22572
22573
22575
22577
22634
22644
22645
22646
22647
22650
22655
22656
22690
22701
22708
22712
22713
22721
22723
22725
22731
22732
22733
22734
22735
22736
22739
22744
22745
22760
22761
22770
22810
22865
35750
35751
22867
22869
22872
22877
22880
22881
35760
22887
35765
35766
35767
22918
22936
22946
22953
22957
22959
22961
35773
22966
22980
35784
23020
23021
23041
23051
23074
23080
23086
23096
35805
23098
23099
23105
23118
35811
23134
23170
23171
23172
23173
23174
23220
23245
23247
23249
23254
23256
35833
23258
23278
23283
23284
23296
23299
23300
35838
23301
23303
23305
35842
23334
23338
23345
23346
23347
35853
35858
23356
23357
23358
23362
35862
35863
23364
23365
23368
23369
35864
23374
35869
23386
23388
23390
35881
35882
23396
23399
35885
35890
23424
23429
23479
23486
23490
23494
35919
23506
23512
23513
23514
23580
23597
23649
23698
23714
23716
23718
23721
23732
23736
23752
23798
23800
23811
23819
23832
35968
23849
35971
23857
35975
23861
35978
35979
23862
35980
23863
23866
23867
23868
23872
23878
23893
23899
23900
23901
23908
23912
23914
23920
23924
23930
23931
36001
23948
23953
23958
23959
23962
23968
23979
23980
23986
23987
23991
36009
23998
24005
24009
24017
36021
36022
24019
24022
24024
24029
24030
56
24035
24036
24049
36026
24077
24086
24087
24102
24119
24120
24141
24148
24152
24158
24183
24184
36054
24186
36055
24187
24188
24189
36057
36058
24190
24191
24195
24196
24199
24203
24204
36063
36064
36065
24210
24222
24223
36071
24239
36081
24310
24309
36108
24331
24349
36111
36115
36116
24363
24370
24376
24388
24390
36159
24452
24475
24484
24489
24500
24501
24503
24504
24506
24523
24524
24527
24533
24532
24567
24570
24577
24583
24590
24597
24599
24603
24609
24631
24633
24641
24663
24664
24665
24670
24672
24680
36243
36244
36245
24706
24744
24751
24752
36259
24810
24814
24835
24839
24840
24841
24885
36285
24905
36296
24931
24934
36304
24955
24956
24957
24958
24959
24960
24961
24962
24963
24964
24966
24967
24974
24975
24976
24988
36311
25019
25022
36318
25025
25026
25030
36321
36323
36326
36327
36328
25053
25099
25105
36346
25107
25109
25110
36348
25115
25125
25127
36355
25146
25150
25181
25190
36391
36399
25293
36402
25359
36414
25360
36415
25361
36416
25362
36417
25363
36418
36419
25391
25392
25396
25419
25420
25422
25437
25439
25440
25442
25445
25476
25488
25493
25502
36457
25509
36458
25542
25546
25554
25555
25556
25562
25564
25565
25570
25571
36461
25588
25598
25615
25627
25640
25642
36481
36482
36484
25669
25692
25702
25707
25718
25719
25723
36512
25725
25728
36523
25741
25761
25797
25831
25832
25833
36538
36539
36540
25846
36551
36552
25848
25849
25850
25851
25852
25853
36554
25921
25923
26037
36609
26108
26109
26110
26111
26125
26127
26131
26169
26174
26179
26183
36630
26226
36636
26235
26236
36643
26329
26373
26385
36652
36653
26394
26472
26473
26515
26664
26679
36693
26683
26689
26700
36697
36698
26710
26746
26747
36704
26882
26914
26975
26976
26977
26978
26979
26980
26981
26982
26984
36726
36727
27075
36733
27137
27160
27161
27163
36741
27168
27169
27187
27196
27212
27217
27219
27220
27225
27226
27230
27236
27237
27243
27257
27259
27263
27274
27281
27290
27292
27293
27295
27297
27299
27300
27303
27306
27305
27307
27308
27319
27321
27323
27328
27331
27336
36764
36765
27372
27377
27380
27394
27402
27407
27416
27421
27426
27428
27431
36784
27434
27435
36788
27438
27439
27443
27464
27482
36798
27492
36802
27502
27506
27512
36806
27515
27523
27531
27532
27533
27534
27535
27538
27539
27545
27546
27547
27548
27550
27552
27553
27557
27559
27561
27562
27566
27567
27568
27569
27570
27571
27575
27578
27579
27580
27581
27582
27583
27584
27585
27588
27589
27590
27593
27595
27597
27598
27599
27601
27603
27604
27606
27608
27609
27610
27613
27614
27620
27623
27624
27627
27629
27630
27632
27633
27649
27650
27653
27655
27656
27662
27663
27664
27665
27669
27670
27671
27672
27673
27674
27675
27677
27678
27680
27683
27685
27686
27689
27690
27691
27692
27693
27694
27695
27703
27704
27705
27706
27707
27710
27713
27714
27716
27718
27719
27720
27721
27731
27732
27733
27734
27737
27738
27743
27744
27752
27753
27755
27757
27758
27759
27763
27767
27769
27771
27773
27774
27776
27777
27781
27783
27784
27785
27786
27787
27788
27789
27790
27791
27792
27793
27794
27795
27796
27799
27802
27810
27812
27813
27816
27817
27818
27819
27822
27823
27825
27827
27828
27831
27833
27834
27835
27836
27837
27839
27844
27864
27931
27946
27969
27972
27973
27981
27982
36883
36884
36885
36886
28002
28061
28133
28242
28261
28263
28274
28275
28277
28320
37016
37023
28437
37032
37034
37035
28456
37047
28479
28485
28489
28495
37112
37113
37118
37133
37134
37143
37146
28639
37180
37184
37185
28714
28723
28749
28760
28778
28784
28823
37231
28863
37265
37275
37293
37299
37320
29016
37337
37338
29055
29063
29090
29154
29160
29188
37400
37405
29214
29219
37412
37430
29330
29397
37445
29434
29440
29449
37478
37481
37482
29542
29567
29570
29583
29595
29604
29606
29643
29659
29712
37564
29736
37578
29764
37591
37592
29807
37608
37634
29893
30007
37688
30025
30069
37737
37738
37794
30299
