1100
1129
2047
2048
2049
30707
30842
30844
2705
30846
30847
2706
2815
3042
3443
3740
4321
4660
4662
4663
4671
5785
5786
5801
6208
6217
6218
6219
6541
6641
6642
6877
31857
31858
31859
31860
31861
31862
31863
31864
6881
6882
6886
6887
6888
6889
6890
6891
6892
31865
32074
8078
32127
8242
8382
8648
8876
32285
9261
9262
9606
9609
9610
9613
9614
9615
9616
32436
9957
10039
10087
10156
10189
10190
10191
10192
10301
10540
10963
11286
11959
11962
12182
12183
12918
13101
13102
13137
13292
13405
13410
13411
13412
33357
13413
13414
13415
13416
13417
13418
13419
13420
13421
13422
13423
13424
13425
13426
13427
13428
13429
13430
13431
13432
13433
13434
13435
13436
13437
13438
13439
13440
13441
13442
13443
13444
13445
13446
13447
13448
13449
33358
13450
13451
13452
13453
13454
13455
13456
13457
13458
13459
13687
33421
13688
13689
13690
13691
13863
13864
14074
14169
14170
14213
14253
14391
14643
14809
14816
14818
14819
14820
14821
14822
14823
14824
14825
14826
14827
14828
14829
14830
14831
14832
14833
14834
14835
14836
14837
14838
14839
14840
14841
14842
14843
14844
14845
14846
14847
14848
14849
14850
14851
14852
14853
14854
14855
14856
14857
14858
14859
14860
33650
14861
14862
14863
14864
14865
14866
14867
14868
14869
14870
14871
14872
14873
14874
14875
14876
14877
14878
14879
14880
14881
14882
14883
14884
14885
14886
14887
14888
14889
14890
14891
14892
14893
14894
14895
14896
14897
14898
14899
14900
14901
14902
14903
14904
14905
14906
14907
14908
14909
14910
14911
14912
14913
14914
14915
14916
14917
14918
14919
14920
14921
14922
14923
14924
14925
14926
14927
14928
14929
14930
15138
15175
15440
33799
15443
15493
15510
15512
15513
15519
33815
33816
33817
33818
15521
15522
15523
15525
15526
15527
15528
30304
33820
33821
15529
15530
15532
15533
15534
15535
33822
15537
15538
15539
15540
33823
15541
15542
15543
15693
15703
15995
16018
16167
16168
16169
16171
16172
16173
16192
16226
33973
33974
16229
16267
16310
16322
16326
16338
16439
16444
16681
16750
16825
16826
16944
16958
17005
17019
17021
34291
34290
17439
17440
17441
17457
17462
17463
17464
17465
17466
17467
17555
17560
17681
17737
17738
17747
17748
17775
17814
17836
17837
17868
17869
17870
17880
17881
17882
17934
17935
18002
18003
18004
18005
18013
18045
18096
18098
18136
18142
18183
18184
18185
18186
18187
18238
18270
18273
34540
18285
18299
18301
18307
18415
18430
34579
18453
18454
18455
18521
18522
18523
18525
18526
18552
34630
18554
18565
18591
18592
18607
18621
18624
18635
18666
34659
34660
34661
18694
18695
18696
18698
18699
18700
34664
34665
18710
18760
18869
18880
18895
18929
18938
18940
19071
19184
19185
19186
19188
19190
34800
19313
19314
19353
19365
19437
19438
19439
19440
19442
34864
19468
19469
19484
34887
19499
19502
19575
19584
19586
19605
19657
19716
19721
19726
19727
19728
19729
19730
19731
19732
19733
19734
19735
19736
19737
19739
19779
19780
19781
19784
34942
19789
34951
19827
19828
19834
19835
19843
19844
19846
19847
19848
19874
19887
19901
19905
19949
19951
19970
19980
19983
34979
19984
19985
20108
20109
20164
35031
20169
20170
20192
20241
20253
20263
35054
35055
20484
20486
20524
20532
20561
20562
20607
20610
20664
20731
20732
20733
20761
20837
20866
35214
20935
20984
21021
21054
21060
21117
21131
21138
21146
21156
21163
21164
35298
21199
21206
21212
21214
21215
21227
35306
21229
21284
21293
21296
21443
21480
21481
21482
21484
21485
21486
21487
21491
21517
21518
21519
21520
35383
21531
35454
21916
22185
22186
22188
22189
22190
22191
35605
22192
22193
22194
22195
22196
22197
22198
22199
22200
22201
22202
22203
22204
22205
22206
22207
22208
22209
22210
22211
22212
22213
22214
22215
22216
22217
22218
22219
22220
22221
22222
22224
22225
22226
22227
22228
22229
35606
35607
22230
22231
22233
22234
22235
22236
35608
22237
22238
22239
22240
22241
35611
22242
22243
22244
22245
22246
22247
22248
22249
22250
22251
22252
22253
22256
22257
35612
35613
22258
22259
22260
22261
22262
22263
22264
22265
22266
22267
22268
22269
22270
22271
22272
22273
22274
22275
22276
22277
22278
22279
22280
22281
22282
22283
22284
22285
22286
22287
22288
22289
22290
22291
22292
22293
22294
35615
22295
22296
35617
22297
22451
35652
22513
22514
23100
23244
23418
23419
23692
23992
23993
24001
24002
24203
36072
36299
24941
24943
24944
36301
24945
24946
24947
24948
24949
25017
25115
25144
25294
25295
25296
36401
25345
36538
36539
36540
36556
25921
25943
25944
26229
26378
26619
36680
36697
36698
26708
26709
26710
26722
36795
27477
27478
27492
