389
390
392
393
394
395
396
397
398
30355
399
400
401
402
403
404
405
406
407
408
409
410
411
412
413
414
415
416
417
418
419
420
421
422
423
424
425
426
427
428
429
430
431
432
433
434
435
436
437
438
439
440
441
442
443
444
445
446
447
448
449
450
451
452
453
455
457
460
461
30356
1031
1210
1716
1717
30687
30771
2329
2757
2902
3495
3496
3725
31132
3995
4133
4134
4783
5594
5608
6404
6659
6667
6727
6729
6730
31784
6783
6826
31999
32000
7746
7852
8009
8121
8206
8241
8243
8359
8367
32170
8450
8451
8536
8558
9628
9629
9630
9631
9780
10031
10139
10140
32696
32698
32699
32700
11223
12136
12192
12401
12543
12545
33280
13719
13720
13721
13722
13723
13724
13725
13726
13727
13728
13729
13730
13731
13732
13733
13734
14019
33485
33490
14055
14773
14775
14776
33642
14807
14808
33779
33780
15403
15416
15645
15771
33873
33874
15772
15773
33875
15994
16001
16002
16042
16048
16065
16140
16142
16143
16144
16146
16163
16164
16174
34001
16495
16496
16497
16498
16499
16500
16501
16502
16503
16504
16758
16760
16789
16790
16801
16852
16950
17423
17446
17447
17486
17977
18060
18081
18166
18172
18173
18174
18268
18322
18342
18347
18381
34566
34567
18601
18756
18872
19027
19028
19029
19037
19038
19124
19264
19285
19459
19573
19610
19611
19786
19954
19967
19977
19978
19979
20187
20235
20237
20250
20264
20275
20574
20575
20576
35122
20577
20578
20579
20580
20581
20582
20583
20584
20585
20586
20587
20588
35123
35124
35125
20589
35127
35128
20590
20591
35129
35130
20592
20593
20594
20595
20600
20668
20669
20670
20674
20682
20699
20700
20701
20711
35153
35154
20713
20714
20715
20716
20717
20718
20719
35155
20721
20722
20723
35158
35159
20724
20725
35160
35161
20776
20840
20849
21076
21116
21175
21176
21240
21252
21275
21281
21286
21290
21407
21408
21465
21494
21495
21526
22062
22079
22080
22081
22140
22459
35676
22566
22567
22568
22569
22570
22571
22572
22573
35705
22707
22708
22709
22737
22738
22739
22740
22741
22742
22746
22747
22748
22749
22803
22883
22890
22891
22892
22894
22898
22918
23098
23099
35858
23750
35958
35959
23817
23818
23819
23820
23821
23822
23823
23824
24119
36112
36113
24351
24352
36114
24353
24354
24355
24356
24572
24573
25055
25089
36342
25090
25091
25092
36343
25093
25094
25095
36344
25096
25097
36345
25098
25099
25100
25101
25102
25103
25104
25183
25184
25281
25282
25489
36458
25573
25600
25603
25607
25609
25610
25614
25615
25616
25617
25618
25648
25704
25705
25881
25882
36693
