126
127
143
142
1762
1836
1838
30650
1966
30901
3258
4337
31255
31257
31256
4338
31317
5157
5866
6030
31610
6313
32094
8006
8195
32118
8498
9262
9507
9691
9695
10179
11184
11474
11627
11759
32993
12466
12593
12702
33209
13523
13566
13567
13718
14052
14136
14155
14806
15169
15273
15384
15385
33793
16482
16675
17462
17743
17808
34485
18195
18203
34577
34602
18512
18517
18528
34693
18873
19075
19711
20015
20240
20404
21344
35361
21606
35452
21897
22484
22915
23480
36113
24630
24855
24889
25028
25029
25321
36691
36692
27336
29309
29310
