30326
315
356
1173
19
1338
2050
2195
2668
2792
3880
4051
31174
4053
31178
4481
4533
4636
31667
31669
31678
31679
31681
31684
31685
31686
31687
31691
31697
7982
7989
9669
10042
10099
10110
10144
10347
10410
10412
10411
12034
12138
33056
12657
33157
12924
12983
13019
13026
14931
15665
16037
16148
16197
16228
34173
17668
18689
34663
19269
20788
20951
21050
21283
22156
22324
22325
22328
22342
22345
35725
35773
23100
35822
23410
23604
23605
35945
23963
24034
24136
24135
24147
24176
24786
36460
26127
28534
28538
29580
37502
37516
