826
30449
1206
1748
1904
2139
30753
30754
2782
2797
2937
3030
3059
3142
3384
3736
3737
3990
4119
4163
31226
4216
4217
4218
4219
5187
5415
5416
31414
31415
5417
5418
5419
5556
5732
5757
6104
31716
6535
6636
6692
6694
6696
6969
7285
31979
31986
32242
9093
9275
9521
9798
9803
11512
32795
32805
32806
11582
11599
11640
32886
11704
11750
32949
32950
32951
32952
32953
32954
32955
32956
32957
32958
32959
32960
32995
11860
11866
11867
11872
11884
11887
11888
11991
12012
33106
33111
12622
12725
33188
33265
13082
33306
13235
13236
33316
13280
13364
13653
14145
14703
14704
14705
14706
14707
14708
14709
14710
14711
14712
14713
14714
14715
14716
14717
14718
33682
14978
15074
15127
33761
15382
16946
16947
17435
34472
34473
18199
18339
18483
18708
18989
34833
35082
20546
20696
20798
20799
20800
20801
20802
35198
35206
35207
35232
21086
35266
21087
21088
35267
21089
35268
35330
35331
35332
21301
21469
21470
21788
35468
35471
35697
22916
35779
22990
22993
23023
23132
24039
24040
24041
24197
24198
36145
36146
36147
36148
36149
36150
36151
36152
25158
25159
25160
25343
25381
25382
25383
25395
25404
25412
25557
25598
25841
25842
25865
25866
27509
