32879
32880
11689
32881
32883
11692
11693
11694
11695
32884
11697
32887
11708
32889
11715
11716
32893
32894
32895
32897
32898
32899
32900
32901
32902
32903
32904
32905
11726
32906
32907
32908
32910
32911
32912
32913
32914
32915
11732
11735
32917
32918
11739
11748
32931
32932
32933
32934
32935
32936
32938
32939
32941
32942
32943
32944
32962
32965
32966
32968
32970
11809
11810
32971
32974
32976
11832
32977
32979
32982
32983
11843
32985
32986
32988
32990
32994
33007
12195
33067
12330
12354
33097
33098
33099
33100
33101
12376
12377
12378
33109
12483
33110
12486
33111
12488
33113
12489
33114
12494
33115
12495
33116
12496
12498
33117
12501
33118
12503
12504
12505
12506
12508
12509
12511
33119
33120
33121
33122
12517
12568
12569
33131
12570
33132
12571
33133
33134
33148
12628
33191
12741
33220
33221
12841
33228
33260
33307
13205
33308
33317
13606
33412
33530
14944
33655
33656
14953
33681
33684
33688
33753
15207
33773
15348
15667
15691
15924
16215
33975
33993
33998
34028
16787
34145
34215
34218
34221
17437
34345
17618
17750
17787
34461
34487
18099
18100
18101
34489
34490
18102
18103
34491
34492
34518
34529
18220
34552
18422
34575
34585
34586
34637
18785
18864
34696
34706
34785
34786
34787
34825
34957
34981
19990
34982
34983
34984
20014
35018
20905
35232
21013
35309
35463
21853
35533
35535
35536
22377
35638
35679
35686
22539
35689
22540
22541
35690
35691
35692
22543
22544
35693
35694
22545
22546
35695
35696
22547
22548
35779
35785
23134
35819
23141
23330
35846
35916
35952
35996
35997
35998
23941
35999
23942
23943
36000
36016
36054
24186
36055
24187
24188
36056
36057
24189
36058
24190
36062
36068
36116
36369
36370
36395
25274
25359
25360
25361
25362
25363
36419
36429
36468
25624
36469
36470
25625
25631
36472
36473
36474
36475
25633
36511
36516
36571
26700
27169
27197
27198
36774
36779
36780
