30337
273
275
30338
30339
276
277
30340
30341
30342
280
281
282
283
285
286
287
288
290
291
292
293
294
295
647
721
723
30402
30406
799
30410
1027
30422
30423
1278
30515
30540
30541
1414
30579
1723
1761
1896
30660
30661
30662
1919
2034
2105
2108
2126
30782
30783
2352
30784
2359
2360
2361
2362
30785
30786
30787
2367
2368
2370
2371
2372
30788
2373
2375
2376
2377
2378
2379
2381
2382
2383
30879
30880
30881
30883
30884
30885
30886
30887
30888
30889
30890
30891
30892
30893
30894
30895
2821
2993
3032
31037
31038
3360
31044
3735
31112
31114
31147
3981
31148
31149
3982
4035
31165
31205
31206
4160
31207
31208
31209
31210
4161
31211
31212
4162
31213
31226
31230
4261
31239
31279
31349
31404
5482
31428
31486
5728
31606
31607
6134
6135
31608
31651
6326
6616
6617
31754
31755
31756
31757
31758
6618
6619
6620
6621
6623
31759
6625
6629
31767
31777
6710
31878
31879
6961
6962
6964
7065
31898
31899
7071
7072
7073
7074
7075
7076
7077
7078
7080
7082
7083
31900
31901
7085
7086
7087
7089
7088
7090
7091
7092
7093
7094
7095
7096
31902
7098
7099
7100
7101
7102
7103
7104
7105
7106
7107
7108
7109
7110
7111
7112
7113
7114
7115
7116
31904
31905
7117
7118
7119
7120
7121
7122
7123
7124
7127
7128
7129
31906
7130
7132
31907
7133
31928
31929
31934
7210
31935
7218
7219
7220
7221
31939
7222
31940
31941
31942
7223
31943
7224
7231
7232
7234
7235
7245
31946
31967
7370
31980
31981
31982
31983
31984
31985
7643
7652
7662
32020
32022
32023
32024
7663
7664
32025
7665
7666
32026
32027
7667
32028
32029
7668
7669
7670
7671
32049
32050
7761
7771
32055
7816
8079
8128
8129
8305
8560
8561
32299
32300
32301
32302
32303
32304
32331
32404
9477
9478
32405
32425
9574
32426
32466
32467
32468
9907
10005
10371
10537
10627
10628
32625
10630
32628
32638
32639
32759
32760
11483
32767
11521
32768
32769
32772
32773
11526
32774
11527
11528
32776
32777
11529
11532
11533
32780
11534
11535
32781
32782
11536
11537
32783
11538
32784
32785
11539
32786
11540
32787
11541
32788
11545
11546
11548
32789
32790
32791
32792
32793
32794
32798
11569
11570
32799
11571
11572
11574
11575
11576
11577
11578
11579
11580
11586
32811
11588
32814
11598
11603
32816
32819
11604
32820
32821
11606
11610
32829
32830
11616
11617
11618
11621
32831
11622
11623
11624
32833
11625
11626
32834
11630
32836
32837
32838
32840
11637
11638
32841
32842
32843
11642
32844
32845
11643
11644
32846
11645
11646
11647
11648
32849
11649
32850
11650
32851
11651
32852
11652
11653
11654
32853
11655
11656
32854
32855
11657
32856
11658
11659
11661
32857
11662
11663
11668
11669
32858
11671
32859
32861
32862
32863
32864
32865
32866
11682
32867
32868
32869
11683
32870
32871
32872
32873
32874
32875
32876
32877
32878
32879
32880
11685
11687
11689
32881
11690
32882
11691
11692
11693
11694
11695
32884
11697
32887
11708
11709
11710
32888
11711
32889
11712
11714
11715
11716
11717
32890
32891
32892
32893
11718
32894
32895
11720
11721
32896
11722
32897
32898
32899
11723
11724
32900
32901
11725
32902
32903
32904
32905
11726
32906
32907
32908
32909
32911
32912
11727
11728
32913
11729
32914
32915
11730
11731
11732
32916
11735
32917
11736
32918
32919
11740
32922
32923
11744
11747
11748
32926
32927
32928
32929
32930
11761
11762
32931
11763
32932
32933
11764
32934
32935
32936
32937
32938
32939
11765
32940
32941
32942
32943
32944
32945
11766
32946
32947
11767
11768
11769
11770
11771
11772
11774
11775
11776
11777
32962
11785
32963
32964
11787
32965
32966
32968
32969
32970
11809
32971
32972
11812
11820
11821
11822
11823
11824
32974
11830
11831
11832
32976
32977
32979
32980
32981
11839
32982
11843
32986
11846
32987
11847
11848
32988
32989
32990
11856
32991
32994
11858
11863
32996
11864
32998
32999
11870
33000
11881
33005
11883
33007
11892
33008
11893
33009
11895
11993
11994
12195
12204
33067
33085
33097
33099
33100
33101
12376
12377
12378
12482
33109
12483
33110
12484
12485
12486
33112
12488
33113
12489
33114
12490
12491
12492
12494
33115
12495
33116
12496
12498
12499
12500
33117
12501
12502
33118
12503
12504
12505
12506
12508
12509
12510
12511
33119
33120
12513
33121
33122
12514
12515
12516
12517
12518
12519
12520
12521
12568
12569
33131
12570
33132
33133
33148
12628
12740
33206
12789
33215
12829
12838
12839
12840
33222
12841
33223
12858
12860
12861
12862
12863
12864
33228
12884
12885
12886
12887
12888
12891
12892
12893
33229
33260
33261
33262
13156
13171
33308
13206
13210
13212
13214
13215
33317
13350
13351
33336
13356
13359
13360
13361
13362
13363
13368
13370
13371
13531
13591
13606
13693
33529
14431
14778
33654
14944
14950
14951
14952
33655
33656
14953
33681
14977
33684
15098
33718
15099
33753
15207
33773
15348
33798
15438
15439
33803
15667
15924
16215
33988
33989
33993
16331
33998
34017
16653
16817
34151
17006
34200
34214
34216
34217
34218
34219
34220
17064
34221
34300
17542
34345
17618
34355
34377
34378
17758
34406
17784
17785
17787
17789
34423
34424
17859
18024
18099
34487
18100
34488
34493
34494
34495
34497
34498
34499
34502
34503
34504
34505
34506
34518
34538
18324
34551
34552
34558
34575
18425
34585
34586
18484
18567
34637
34644
18785
18864
34696
34706
19179
34825
19989
34981
34982
34983
35018
35071
35072
35112
35113
20763
20905
35202
20915
20923
20932
35210
35222
35223
20951
35224
20952
35225
35226
35232
35241
21013
35259
35294
21198
35309
35361
35463
35493
21853
21977
21978
35533
35535
35536
22028
22032
22035
22036
22239
35636
35686
22540
35690
35691
22542
35692
22543
22544
35694
35693
22545
22546
35695
35696
22547
22548
35715
22710
35779
23134
35819
23141
35846
23410
23427
35915
35916
23513
23656
35936
23662
23716
23717
23718
35952
23927
35995
23934
23936
35996
23938
35997
35998
23941
35999
23942
23943
36000
23948
24006
36017
36054
24186
36055
24187
24188
36056
36057
24189
36058
24190
36068
24217
24219
36115
24357
36116
24410
24971
25122
25123
30323
36352
25124
36353
36379
36381
36395
25274
25319
25359
36414
25360
36415
25361
36416
25362
36417
25363
36418
36419
36429
25394
36435
25414
25417
25420
36438
25488
25592
25593
36468
25624
36469
25626
36471
25627
25629
25630
25631
36472
36473
36474
25632
25633
36511
36512
36516
25734
25735
25736
36517
25737
36518
25738
36519
25739
36520
36528
25778
36529
36537
25834
25835
36541
25836
36557
36558
25863
36559
36560
36563
36565
25867
36568
36569
36570
36571
36572
26700
27169
36745
36746
27194
27195
27198
27199
27305
27306
27307
27308
36774
36779
36780
36803
27508
