2514
2515
2516
2517
2518
2519
2520
2521
3044
4919
31463
6800
7227
32181
8412
8413
8418
32183
8421
8426
8428
8497
8498
8969
9013
9097
9235
9236
9238
9237
9239
9240
9242
9243
9244
9245
9246
9247
9248
9249
9250
9252
9257
9258
9259
9876
32551
32664
11137
11311
11916
33453
13890
14379
14618
15014
15015
15016
15017
15018
15019
15020
15021
15022
15275
15409
15553
16037
16081
33950
33978
16275
16749
16833
16966
17417
17674
34360
34361
34362
34363
34364
34365
17689
17699
17730
17969
18300
18327
18421
18445
18450
18498
18553
18602
34646
18670
18671
18705
18755
34701
18883
18913
18926
19057
19059
34735
19069
19115
19266
19417
19435
19587
19608
19824
19870
19898
19965
19968
35024
35039
20232
20326
20513
20514
20523
20624
20625
35140
20676
20697
21075
21124
21224
21272
21273
21274
11
21819
22577
23399
23698
24005
24210
24908
25010
36347
25370
36422
25396
27121
36787
27435
36788
27482
27522
27523
