387
412
645
947
1150
1177
1268
1335
30599
1719
1745
30619
2048
2089
2129
2140
2182
2251
2343
2528
2762
2763
2782
30896
30903
2919
30970
3117
31040
3366
3385
3389
3405
3428
3530
3531
3752
3753
3754
31094
3755
31095
3756
3757
31098
31099
31100
3763
3984
4036
4089
4146
4242
4370
5146
5157
5195
6143
6162
6168
31612
31674
7161
7316
7784
7974
7985
8057
8326
32150
8354
32192
8475
8541
8544
8545
8707
9168
9209
9211
9395
9667
9735
32470
9828
32487
32488
9865
9872
9880
9890
32499
32500
9891
9968
32528
10094
10146
32581
10287
32596
10687
10691
10834
11135
11144
32724
11212
11477
32828
33031
12034
12040
12053
12068
12114
12120
12155
12185
12237
12254
12532
12785
33330
13520
13641
13648
13652
33434
33435
33448
14298
14351
14392
14622
33645
15046
15262
15342
15350
15367
15396
15421
15584
15893
16486
16515
16574
16645
16750
4089
4146
4242
4370
5146
5157
5195
6143
6162
6168
31612
31674
7161
7316
7784
7974
7985
8057
8326
32150
8354
32192
8475
8541
8544
8545
8707
9168
9209
9211
9395
9667
9735
32470
9828
32487
32488
9865
9872
9880
9890
32499
32500
9891
9968
32528
10094
10146
32581
10287
32596
10687
10691
10834
11135
11144
32724
11212
11477
32828
33031
12034
12040
12053
12068
12114
12120
12155
12185
12237
12254
12532
12785
33330
13520
13641
13648
13652
33434
33435
33448
14298
14351
14392
14622
33645
15046
15262
15342
15350
15367
15396
15421
15584
15893
16486
16515
16574
16645
16750
16751
16892
17017
34205
17646
34379
17736
17738
17964
18150
34516
18438
18564
18765
19856
20104
20120
20425
20559
35217
21213
21337
21412
21543
21561
21847
21892
22209
22210
22361
22459
22562
22576
22594
35725
23305
35972
35987
24091
24574
24602
24619
24646
24651
24653
24654
36259
24826
25373
25385
25541
25583
26082
26222
26307
36650
26433
26450
26472
26473
26795
26796
36720
26967
27028
30324
27060
27061
27097
27098
36802
37460
