70
71
72
80
81
109
108
123
122
187
432
527
860
1137
1162
1178
1180
1181
1184
30486
1838
1871
2008
2044
2196
2259
2389
2708
2808
2902
30946
30947
2976
2996
3024
3063
3117
3296
3389
3577
3702
3964
4021
4066
4067
31189
4146
4344
4727
5226
31366
31381
31416
5428
5433
5590
5715
5795
5810
5815
31524
31525
5817
5819
5957
5959
5960
6150
6177
6204
6215
6223
6237
6238
6240
6239
6317
6436
31723
6737
6798
7455
7627
8013
8012
8106
8107
8108
8110
8111
8112
8113
8114
8115
8191
8270
8271
32166
8446
8986
9183
9369
9382
9461
9834
9854
9871
9873
9938
10144
10552
10554
32646
10834
11139
32727
11451
11497
11970
33024
12078
12087
12125
33040
12393
33124
12767
12791
13238
13275
13681
14052
14064
33505
14305
14351
14795
33721
15352
15449
15840
15848
33888
33977
34043
34094
34095
34160
17056
17077
31366
31381
31416
5428
5433
5590
5715
5795
5810
5815
31524
31525
5817
5819
5957
5959
5960
6150
6177
6204
6215
6223
6237
6238
6240
6239
6317
6436
31723
6737
6798
7455
7627
8013
8012
8106
8107
8108
8110
8111
8112
8113
8114
8115
8191
8270
8271
32166
8446
8986
9183
9369
9382
9461
9834
9854
9871
9873
9938
10144
10552
10554
32646
10834
11139
32727
11451
11497
11970
33024
12078
12087
12125
33040
12393
33124
12767
12791
13238
13275
13681
14052
14064
33505
14305
14351
14795
33721
15352
15449
15840
15848
33888
33977
34043
34094
34095
34160
17056
17077
17367
17461
34303
17552
17572
34337
17773
34464
34470
18202
34594
18582
34767
19153
19154
19170
19270
19454
19456
19725
19829
34956
19999
34986
20230
20537
35197
21032
35277
21213
35328
35357
21492
21496
21497
35442
21806
21937
21997
22165
22313
22484
22524
22572
22755
22918
23338
23443
35940
23671
23680
23682
23684
23974
36010
36011
36044
24234
24330
36113
24353
24538
24651
24654
36241
24698
24762
36258
24954
25048
25093
25321
25385
25451
25560
25647
25726
36587
26186
26187
26671
27575
