352
398
403
675
778
786
828
888
1033
1080
1084
1087
1188
30475
1197
1540
1548
1650
1926
2052
2151
2214
30768
30778
30856
30857
2818
30911
2913
2967
3009
31041
3492
3557
3939
3941
31198
4131
4527
4763
5179
5483
31472
5750
6023
6029
6463
6511
6945
6946
31947
7317
31970
7673
8076
8170
8326
32150
8392
8393
32174
8442
8452
8453
8455
32195
8456
8461
8464
8492
8547
8641
32231
8730
8778
8792
8793
8794
32261
8893
9154
32371
9370
9377
9533
9582
9663
9782
9835
9886
9932
32537
10008
10298
32615
32617
10695
10810
11419
11465
12235
33062
12253
12344
12345
12393
33128
12557
33143
12915
13113
33287
33415
13694
33605
14769
33645
33689
33712
15345
15589
15623
15655
15657
33855
15838
16160
33990
16307
16308
16332
16410
34046
34092
34142
17564
34429
17939
17953
18199
18257
18303
18304
18305
34553
34601
18482
34614
18933
34771
31947
7317
31970
7673
8076
8170
8326
32150
8392
8393
32174
8442
8452
8453
8455
32195
8456
8461
8464
8492
8547
8641
32231
8730
8778
8792
8793
8794
32261
8893
9154
32371
9370
9377
9533
9582
9663
9782
9835
9886
9932
32537
10008
10298
32615
32617
10695
10810
11419
11465
12235
33062
12253
12344
12345
12393
33128
12557
33143
12915
13113
33287
33415
13694
33605
14769
33645
33689
33712
15345
15589
15623
15655
15657
33855
15838
16160
33990
16307
16308
16332
16410
34046
34092
34142
17564
34429
17939
17953
18199
18257
18303
18304
18305
34553
34601
18482
34614
18933
34771
19250
19422
19432
34857
34859
34858
19451
19452
34932
19761
19879
20002
35020
35021
20275
35054
35077
20436
20540
35150
35187
20994
35262
35273
21137
21421
21454
21456
21498
21624
21626
21732
21838
35506
35507
21881
21882
21912
21913
22046
35571
22951
23109
23248
23331
23658
23955
23995
24041
24042
36051
24208
24661
24695
36250
24789
25141
25368
25622
25869
25966
26033
26069
26100
36618
26165
26166
36625
26222
26243
26274
26313
26380
26396
26447
26528
26530
26552
26571
26602
36681
26795
27101
36802
27501
27814
