30337
273
275
30338
30339
276
277
30340
279
30341
30342
280
281
282
284
285
286
287
288
290
291
292
30343
293
294
295
1895
1896
2105
2108
30879
30880
30881
30882
30883
30884
30885
30887
30888
30889
30890
30892
30891
30893
30894
30895
31508
5768
6134
6135
31608
6624
7065
31897
31898
31899
7070
7071
7072
7073
7074
7075
7076
7077
7078
7079
7080
7081
7082
7083
31900
7084
31901
7085
7086
7087
7088
7090
7091
7092
7093
7094
7095
7096
31902
7098
7099
7100
7101
7102
7103
7104
7105
7106
7107
7108
7109
7111
7113
7115
7116
31903
31904
31905
7117
7118
7119
7120
7121
7122
7123
7124
7129
31906
7130
7131
31907
7133
31929
7245
31946
32049
32050
7761
10537
11521
32820
11748
32986
33109
12483
33110
12484
12486
33111
33112
12488
33113
12489
33114
12490
12491
12492
12494
33115
12495
33116
12496
12498
12499
31608
6624
7065
31897
31898
31899
7070
7071
7072
7073
7074
7075
7076
7077
7078
7079
7080
7081
7082
7083
31900
7084
31901
7085
7086
7087
7088
7090
7091
7092
7093
7094
7095
7096
31902
7098
7099
7100
7101
7102
7103
7104
7105
7106
7107
7108
7109
7111
7113
7115
7116
31903
31904
31905
7117
7118
7119
7120
7121
7122
7123
7124
7129
31906
7130
7131
31907
7133
31929
7245
31946
32049
32050
7761
10537
11521
32820
11748
32986
33109
12483
33110
12484
12486
33111
33112
12488
33113
12489
33114
12490
12491
12492
12494
33115
12495
33116
12496
12498
12499
33117
12501
12502
33118
12503
12504
12505
12506
12508
12509
12510
12511
33119
33120
12513
33121
33122
12514
12515
12516
12517
12518
12519
12520
12521
12740
12838
12839
33220
33221
12840
12884
12885
12886
12887
12888
12890
12891
12892
12893
12894
33229
13651
33489
14778
14944
15098
33718
15099
15148
33798
15438
15439
33803
15574
34406
17784
17785
17787
17789
18753
34821
35202
35330
35331
21821
35493
23134
35917
23513
23716
23718
36054
24186
36055
24187
24188
36056
24189
36057
36058
24190
36115
36116
25274
36414
25360
36415
25361
36416
25362
36417
25363
36418
36419
26700
27169
27307
