68
30337
273
274
275
30338
277
279
280
281
30343
30389
668
1895
1897
30879
30880
30881
30883
30885
30884
30886
30893
3613
5866
6135
31608
6613
6614
6736
7065
31897
31898
31899
7069
7070
7076
7078
7079
7081
7083
31900
7084
31901
7088
7091
7096
7097
31902
7103
7108
7109
7111
7116
31903
31904
31905
7119
7120
7122
7123
7124
7129
31906
7130
7131
7133
7244
7661
7662
32020
7663
7664
32025
7665
7666
32026
7668
7669
7671
32049
32050
7761
32299
32300
32301
32302
32303
32304
11482
11521
11542
32820
11607
11608
11627
11719
11739
11748
32982
33011
11992
11993
11994
33087
12474
12475
12476
12479
12480
12482
33109
12483
33110
12486
33111
33112
12488
33113
12489
33114
12494
33115
12495
33116
12496
12498
33117
12501
33118
12503
12504
12505
12506
12508
12509
12511
33119
33120
33121
33122
12517
33260
13759
14272
33543
14758
33798
15574
15667
7108
7109
7111
7116
31903
31904
31905
7119
7120
7122
7123
7124
7129
31906
7130
7131
7133
7244
7661
7662
32020
7663
7664
32025
7665
7666
32026
7668
7669
7671
32049
32050
7761
32299
32300
32301
32302
32303
32304
11482
11521
11542
32820
11607
11608
11627
11719
11739
11748
32982
33011
11992
11993
11994
33087
12474
12475
12476
12479
12480
12482
33109
12483
33110
12486
33111
33112
12488
33113
12489
33114
12494
33115
12495
33116
12496
12498
33117
12501
33118
12503
12504
12505
12506
12508
12509
12511
33119
33120
33121
33122
12517
33260
13759
14272
33543
14758
33798
15574
15667
15691
17437
34405
18731
18737
34825
19444
35025
20802
21091
21263
22018
22130
35691
23134
23513
23716
23718
35998
23966
36054
24186
36055
24187
24188
24189
36057
36058
24190
24979
36311
25097
25359
36414
25360
36415
25361
36416
25362
36417
25363
36418
36419
25579
36468
25624
36469
25625
27208
27217
27220
27223
27230
27307
27417
