783
30401
30424
30519
1469
1772
1773
1775
1776
1777
1778
1779
1780
1781
1782
1783
1784
1785
1786
1787
1789
1790
1791
1792
1793
1794
1796
1797
1798
1799
1801
1802
1803
1804
1805
1806
1807
1814
1819
1827
30656
30657
1901
1905
2038
2075
30740
2267
2281
2312
2486
2491
2666
30841
2797
2799
2884
3064
3097
3148
3188
3190
3191
3194
3200
3203
3204
3207
3208
3209
3210
3212
3213
31011
3214
3215
3216
3219
3220
3221
3222
3224
3229
3231
3232
3233
3234
3236
3237
3238
3241
3242
3247
3249
3303
31046
31047
31048
31049
31050
31051
31052
31053
3767
3888
3928
31161
31162
4051
4052
31174
4055
31180
4061
4063
4135
4153
31225
4216
4217
4249
4285
4286
31247
4299
4367
4372
4419
4438
4756
4758
4894
4949
5442
5489
5547
31456
31457
5616
5673
5681
5686
5687
5688
5690
5692
5700
5701
5702
5706
2486
2491
2666
30841
2797
2799
2884
3064
3097
3148
3188
3190
3191
3194
3200
3203
3204
3207
3208
3209
3210
3212
3213
31011
3214
3215
3216
3219
3220
3221
3222
3224
3229
3231
3232
3233
3234
3236
3237
3238
3241
3242
3247
3249
3303
31046
31047
31048
31049
31050
31051
31052
31053
3767
3888
3928
31161
31162
4051
4052
31174
4055
31180
4061
4063
4135
4153
31225
4216
4217
4249
4285
4286
31247
4299
4367
4372
4419
4438
4756
4758
4894
4949
5442
5489
5547
31456
31457
5616
5673
5681
5686
5687
5688
5690
5692
5700
5701
5702
5706
5881
6013
6100
6276
31651
6472
6535
6617
31754
31755
31756
31757
31758
6696
31777
6727
6969
31934
31935
7269
7285
7321
7372
32013
32019
32097
32101
8165
8211
32144
8348
8497
8498
8761
9257
9258
9259
9268
9375
9415
9477
9478
9500
32443
32531
10230
10291
10367
10369
10377
10396
32669
10888
10963
11001
11009
11169
11214
11330
11332
11333
32744
32814
32961
33006
11913
12182
12206
12207
12272
12368
12606
12622
12650
13052
13123
13224
33325
13353
13653
13877
13938
13975
13976
13977
13978
13979
13980
13981
13982
13988
33485
14052
14132
14133
14134
14160
14333
33529
14362
14406
14650
14656
14683
14729
14733
33617
14749
14760
14764
15144
15409
33810
33811
33824
15553
15558
15678
33858
15685
15695
33923
33925
33947
16086
16215
16275
16285
16287
16291
33988
33989
16305
16437
16458
34101
34119
34120
34125
16776
16801
16817
34151
16833
16834
16946
16966
34184
17038
17046
34274
17417
17483
17503
17513
34321
17592
17617
34345
17618
17667
17689
17719
17730
34398
17869
17870
17952
17971
18004
18093
34496
34497
34498
34504
34505
34512
34518
34521
34522
34523
34524
34525
18218
18227
34536
18273
34546
18300
18327
18339
34562
18405
18421
34574
18430
18445
18483
18498
18553
18626
18635
18671
34663
18695
18698
18699
18705
18716
18725
18763
34681
34682
18787
18788
34687
34703
18913
18926
18930
19059
19072
19112
19204
19285
19417
34874
34888
19592
19597
19608
34908
19629
19783
19798
19824
19839
19844
19864
19875
19898
19935
19968
34978
19980
35041
20210
35046
20243
20324
20326
20339
20365
20367
35075
20413
35080
35093
20514
20579
20580
20581
20582
20583
20584
20586
20596
20697
20747
20796
20810
20811
20838
20861
20888
20969
20987
35257
21075
21080
21086
21087
21088
21089
21092
21093
35276
35290
35294
21273
35321
35322
21390
21669
21780
21825
35520
21970
35632
22340
22577
22905
22961
23040
35822
23197
23230
23362
23705
23848
24005
24124
24210
36091
24275
24373
36159
36166
36216
24596
24897
24982
25202
25203
25300
25396
25505
25596
36529
25779
25864
25887
25904
25996
26013
26056
26155
26183
26230
26432
26463
26536
26537
26715
26848
26899
26973
27026
27137
27364
27435
27436
27505
27523
37191
29992
29993
29994
37766
