66
309
14
668
30389
1352
1411
30782
2352
30783
30784
2363
2364
2365
2366
30785
30786
30787
2367
2368
30788
2380
2471
2498
2960
31037
31038
3382
3383
3384
31112
31150
31151
3983
31187
4220
5493
31608
6613
6614
6964
6965
7244
7324
7433
7662
32020
32022
32023
32024
7663
7664
32025
7665
7666
32026
32027
32028
7667
32029
7668
7669
7671
7811
7816
8031
8196
32299
32300
32301
32302
32303
32304
10005
11548
11597
11623
32880
32956
11829
11830
11832
32976
12195
12199
12568
12569
33131
12570
33132
12571
33134
33136
12577
33191
12741
13209
33317
13606
33412
13759
14270
14950
14951
14952
33655
33656
14953
33753
15207
15691
33884
15924
34007
34032
34191
34218
17437
17453
17608
17638
17750
17801
19219
34818
19292
19552
20208
20223
20434
20799
20800
20801
20802
21345
21853
22130
35686
22539
35689
22540
35690
35691
22542
35692
22543
22544
35694
35693
22545
7663
7664
32025
7665
7666
32026
32027
32028
7667
32029
7668
7669
7671
7811
7816
8031
8196
32299
32300
32301
32302
32303
32304
10005
11548
11597
11623
32880
32956
11829
11830
11832
32976
12195
12199
12568
12569
33131
12570
33132
12571
33134
33136
12577
33191
12741
13209
33317
13606
33412
13759
14270
14950
14951
14952
33655
33656
14953
33753
15207
15691
33884
15924
34007
34032
34191
34218
17437
17453
17608
17638
17750
17801
19219
34818
19292
19552
20208
20223
20434
20799
20800
20801
20802
21345
21853
22130
35686
22539
35689
22540
35690
35691
22542
35692
22543
22544
35694
35693
22545
22546
35695
35696
22547
22548
23330
35998
23941
35999
23942
23943
36000
24197
25359
36468
25624
36469
25625
25626
36471
25627
25629
25630
25631
36472
36473
36474
36475
25632
25633
36541
25836
27172
27181
27208
27222
27228
27231
27232
27234
27241
27242
27245
27252
27253
