30396
1033
1067
30537
1591
2406
2408
31041
3488
3489
3974
4159
4429
4772
4773
31304
5179
31466
6246
6511
6834
7039
7040
7365
8382
8547
8589
8802
8803
8893
8919
9097
9549
9687
9688
9689
10575
32996
12241
12278
12319
12320
12321
12322
12323
12324
12704
12783
12819
12820
12821
12915
13694
14341
14769
15013
15234
15276
15666
15894
33901
16358
16412
34041
16835
16943
17407
17408
17601
34355
17712
17880
17947
18019
18045
18047
18172
18268
34553
18385
18409
18410
18554
18586
18728
18972
18974
18975
18977
18978
18980
18982
18988
18989
18991
18992
18993
18995
18999
19000
19001
19002
19003
19007
19008
19009
19010
19011
19012
19013
19015
19017
19019
19020
19021
19022
19023
19024
19026
19027
19028
19030
19031
19032
19034
19036
19037
19038
19039
19040
19041
19042
19043
19052
19053
19054
34803
19294
19353
19538
19552
19798
19901
19902
20019
20241
20358
20359
20360
20361
12821
12915
13694
14341
14769
15013
15234
15276
15666
15894
33901
16358
16412
34041
16835
16943
17407
17408
17601
34355
17712
17880
17947
18019
18045
18047
18172
18268
34553
18385
18409
18410
18554
18586
18728
18972
18974
18975
18977
18978
18980
18982
18988
18989
18991
18992
18993
18995
18999
19000
19001
19002
19003
19007
19008
19009
19010
19011
19012
19013
19015
19017
19019
19020
19021
19022
19023
19024
19026
19027
19028
19030
19031
19032
19034
19036
19037
19038
19039
19040
19041
19042
19043
19052
19053
19054
34803
19294
19353
19538
19552
19798
19901
19902
20019
20241
20358
20359
20360
20361
20362
20363
20437
20698
20885
21016
21017
35259
21096
21101
35304
21524
21554
21882
21928
35520
22156
23161
23498
24041
36024
24312
36107
24313
24315
24316
24317
24482
24695
24788
24906
24907
24908
24909
24910
24911
24912
24913
24914
24915
24916
24917
24918
25185
36429
25517
25518
25519
25520
25521
25522
25523
25524
25525
25885
26402
26631
26917
27045
27066
27437
27469
27814
28079
36986
37281
37600
37603
