1642059
1402546
99587550
99478130
1462099
99525945
99578367
99568590
99516567
1626941
99562620
99492816
99555918
99519575
405113
99577275
99562665
99558435
99538557
99536778
99516929
99502098
99498642
99439247
99418465
99401923
99401491
99401488
99400369
99400213
99399904
99397864
99395125
99393913
99393871
99393424
99393421
99392368
99391288
99390865
99387199
99386218
99385258
99382882
99381576
99381038
99380934
99380932
99380924
99380910
99380516
99380376
99379236
99377796
99376456
99376184
99375212
99375018
99374562
99373540
99371946
99370886
99370092
99369432
99368339
99365891
99358019
99357884
99357389
99355637
99355535
99355373
99354518
99354011
99353708
99352922
99352433
99352241
99352088
99352064
99351872
99351542
99350033
99349445
99349436
99349328
99348980
99348605
99348419
99347579
99347405
99347297
99347279
99347078
99347036
99346691
99346118
99345608
99345209
99345146
99344942
99344879
99344864
99344594
99344549
99344042
99343796
99343502
99342215
99341405
99341381
99341255
99341162
99340253
99340139
99339578
99339413
99339389
99339152
99339119
99339113
99339074
99339053
99338657
99337724
99336584
99336413
99335969
99335711
99335552
99335048
99334565
99334229
99334226
99334001
99333719
99333230
99332621
99332513
99332354
99332336
99332225
99332093
99332042
99331835
99331823
99331652
99331517
99331514
99331274
99331061
99330995
99330926
99330893
99330677
99329849
99329831
99329621
99329486
99328883
99328817
99328325
99328304
99327794
99327695
99327563
99326873
99326549
99325607
99325091
99324518
99324038
99324026
99323846
99323774
99322889
99322262
99322070
99319583
99318962
99317615
99315251
99313996
99313795
99313162
99312967
99311593
99311512
99310798
99310683
99310272
99310182
99309228
99307767
99307539
99307008
99306609
99306351
99306207
99305553
99303120
99303024
99302097
99301479
99301044
99300888
99299655
99299100
99298095
99297315
99296973
99296187
99295989
99295125
99292875
99289325
99289004
99287933
99287390
99286694
99286391
99286001
99285878
99284372
99284366
99284351
99284348
99284309
99284306
99284303
99284300
99284285
99284282
99284279
99284276
99284273
99284270
99283535
99283532
99282419
99282416
99281819
99281816
99281795
99281792
99281759
99281756
99281225
99281222
99280010
99280007
99277385
99277382
99275930
99275927
99274232
99274073
99274070
99272783
99271697
99271556
99271553
99271379
99269775
99269769
99268932
99267933
99266685
99265836
99265095
99264777
99263487
99263025
99261840
99261073
99261046
99260956
99260512
99255100
99251122
99250978
99250750
99248371
99248065
99247189
99245665
99244507
99244285
99243541
99243538
99243448
99241366
99240553
99237202
99236854
99235207
99233353
99232789
99232747
99232627
99232033
99231907
99231361
99230845
99230707
99229759
99228151
99227320
99226840
99221986
99221056
99220135
99219308
99218744
99218295
99218169
99218031
99214751
99214424
99214085
99214058
99213932
99212984
99212351
99209867
99209621
