1783668
99503656
1821969
1750806
1904036
1812837
99525741
225234
99501582
1806979
99515268
99593439
99566382
1672924
1575004
675947
99557196
99482074
99532431
99506502
99482218
99514900
99515998
99486620
1849296
1823193
1484856
99580902
99580884
99540621
99514066
1838721
99531234
99600363
99546933
99585969
99533634
99482170
99575730
99516736
99516137
99498174
99482230
1932572
99584700
99546741
99513144
99506908
99504192
1768979
1706362
1646571
99600315
99591030
99586944
99583458
99567432
99565623
99561372
99522926
99516260
99501336
99496108
99490462
99483642
99482178
99432970
1877612
1777050
99602643
99602139
99601848
99601212
99601065
99600201
99598395
99598287
99597390
99590973
99583575
99578475
99578391
99569004
99540162
99503960
99491728
99487668
99482158
99482154
99482110
99436597
99406891
99354062
99352079
99351377
99216556
1776410
1705802
219744
