99555657
1914113
99516554
99576963
99550239
99520817
99600570
99501670
99402859
99402799
99402610
99401521
99401164
99400777
99400027
99398722
99398533
99397528
99397369
99396604
99394900
99394252
99393637
99393211
99393133
99392098
99391762
99391201
99387424
99387295
99385780
99384340
99384157
99383878
99381616
99381126
99380186
99379364
99378410
99378292
99378144
99377996
99377698
99377072
99376138
99375610
99374956
99374948
99373670
99372106
99371558
99369458
99369413
99368072
99367370
99365885
99365522
99365513
99365042
99364850
99363176
99362966
99361790
99361433
99359462
99359366
99358679
99358028
99357905
99357494
99356963
99356960
99355790
99355613
99355331
99355142
99354689
99354671
99354107
99353612
99353531
99353414
99352415
99352070
99350684
99350390
99350375
99350111
99349958
99349874
99349595
99349505
99349202
99349130
99348971
99348755
99348665
99348428
99347801
99347777
99347603
99347465
99346490
99346451
99346394
99345434
99344813
99344759
99344666
99344207
99343529
99343388
99343139
99342338
99341783
99341768
99341543
99341459
99341339
99340724
99340469
99339983
99339917
99339731
99339707
99339401
99337472
99337190
99336437
99336431
99336170
99336158
99335903
99335867
99335834
99335831
99334928
99334799
99334664
99334571
99334436
99334118
99334085
99333968
99333962
99333890
99333776
99333350
99332810
99332801
99332441
99332240
99331862
99331697
99331676
99331601
99331316
99330908
99330824
99330419
99330308
99330062
99330047
99330038
99329633
99328367
99328181
99328160
99328070
99327662
99327617
99327455
99327419
99327071
99326963
99326690
99326477
99326123
99326105
99325820
99325667
99325064
99323513
99323345
99323138
99323018
99322691
99322568
99322532
99322427
99320300
99320168
99319805
99319169
99318893
99317966
99317411
99315641
99315512
99315437
99314071
99310047
99310029
99309990
99307782
99307329
99307023
99304713
99304272
99304053
99303636
99303225
99302853
99302091
99301056
99300855
99300369
99298833
99298686
99298554
99297672
99296124
99295758
99295197
99294537
99293961
99293643
99293274
99292836
99291669
99291591
99289340
99288647
99288032
99285629
99283289
99283286
99282272
99282269
99281825
99281822
99280223
99280220
99277586
99277583
99277580
99277577
99274445
99272492
99272330
99272180
99270953
99270381
99269838
99268833
99268602
99267873
99265926
99263970
99263688
99263283
99262815
99262731
99261070
99261067
99261037
99259111
99257710
99257683
99257077
99256063
99255997
99255619
99253846
99249469
99249136
99247489
99246541
99246067
99245467
99244267
99244039
99243805
99243493
99241840
99241819
99239701
99238795
99237103
99236278
99235537
99234892
99232147
99230794
99230545
99230338
99228181
99228169
99227761
99227110
99226300
99226216
99225355
99224815
99224524
99224176
99221515
99221389
99220897
99220582
99218720
99217421
99217349
99217144
99217000
99216432
99216420
99214106
99214100
99214088
99214001
99213011
99212594
99211805
99211286
99210770
99210515
99210512
99210134
