99513034
99402667
99401272
99399388
99398743
99398161
99396811
99394303
99394135
99394039
99392686
99390745
99390499
99383335
99381560
99377850
99376958
99376088
99376064
99375244
99372804
99370956
99370768
99369134
99368987
99365231
99365141
99365009
99355463
99354680
99353687
99352652
99351728
99350768
99350600
99350294
99350291
99349742
99349490
99347537
99347462
99346700
99346550
99346094
99346025
99345194
99345143
99343340
99343238
99342923
99342818
99341942
99340481
99339620
99339047
99338918
99338888
99338330
99336692
99335795
99335720
99335318
99334109
99333722
99333611
99332846
99332657
99332552
99331778
99331352
99330560
99326642
99326435
99325448
99324968
99323327
99320171
99319652
99318431
99318401
99317975
99317495
99315593
99313465
99311305
99310527
99307707
99305475
99305472
99305271
99304692
99300972
99299403
99298437
99295851
99294897
99289442
99288329
99283313
99283310
99280235
99280232
99278750
99278747
99277139
99277136
99275702
99275699
99269733
99268584
99264699
99262629
99261750
99258055
99243931
99243184
99242473
99239704
99238597
99234961
99232954
99232444
99229954
99228277
99227233
99223276
99222694
99220354
99213119
