99543066
99597576
99554355
99507478
99506962
1618006
99601542
99506812
99180747
1390436
99572616
1714527
1599939
99572190
99516708
1822431
99602709
99602703
99602565
99602559
99602490
99602409
99596172
99571821
99439472
99428827
99403162
99402967
99402928
99399700
99399244
99397783
99395755
99395734
99395095
99394618
99394612
99394606
99394603
99393964
99393634
99393127
99392719
99392266
99390469
99390211
99389926
99389596
99389242
99389182
99386782
99386641
99384160
99382537
99382312
99382240
99380784
99379838
99379822
99379622
99378688
99378534
99378232
99377740
99376148
99376140
99376070
99375666
99374620
99374136
99373708
99373576
99373240
99373154
99372028
99372012
99370642
99370180
99369764
99369762
99369756
99369754
99369698
99367586
99366341
99364895
99364871
99364715
99364481
99364454
99363548
99363545
99360353
99360344
99358724
99356879
99356498
99355136
99354848
99354791
99354461
99354449
99353165
99352679
99352187
99351857
99351494
99351401
99351185
99350516
99350480
99350393
99349922
99349739
99349661
99348302
99347720
99347681
99347282
99347141
99346829
99346514
99346322
99345962
99345788
99345773
99345515
99345245
99345083
99345080
99345071
99344870
99344843
99344840
99344627
99344459
99343988
99343658
99342824
99342509
99342401
99342281
99342236
99341870
99341705
99341654
99340721
99340409
99340163
99340049
99339725
99339131
99338645
99338408
99337403
99337166
99336866
99336842
99336548
99336524
99335990
99335954
99335939
99335303
99335237
99334412
99333749
99333608
99333605
99333527
99333404
99333392
99333386
99333257
99333248
99332993
99332972
99332897
99332006
99331967
99331772
99331526
99331286
99331205
99330836
99330434
99328934
99328262
99328253
99328118
99327443
99327155
99327134
99326774
99326654
99326633
99326240
99325679
99325325
99324623
99324566
99324491
99324440
99324272
99324260
99324251
99323675
99323468
99323378
99323354
99322916
99322811
99322598
99322589
99322502
99322289
99322025
99321074
99320960
99319418
99319313
99319025
99318998
99318953
99316565
99314446
99312730
99312661
99311860
99311809
99311206
99310653
99307761
99307542
99307380
99306696
99306051
99304836
99303507
99302271
99300789
99299895
99299502
99298857
99297738
99297402
99295647
99295062
99294156
99293799
99293187
99291519
99290916
99289151
99288860
99287264
99284714
99284165
99284162
99283739
99283736
99282542
99281237
99281234
99280217
99280214
99277592
99277589
99276314
99276311
99276020
99276017
99274262
99274160
99273863
99273053
99271748
99271595
99271577
99270935
99267510
99267405
99267399
99266646
99266613
99266085
99264060
99263481
99263043
99261648
99257878
99257071
99253639
99253141
99250642
99250330
99245572
99245296
99242104
99241723
99241357
99240499
99239875
99239494
99238891
99238870
99238732
99237028
99235414
99235249
99232342
99230989
99230932
99227716
99226279
99225883
99223495
99222820
99221227
99221077
99220957
99220936
99220735
99218669
99218181
99217397
99216828
99215463
99214883
99214838
99214376
99213965
99212822
99211613
99209525
99188151
