1490590
99565947
99568416
99598665
99551538
99596913
99596910
99403066
99402451
99400717
99400405
99399778
99399466
99397885
99394888
99392989
99392971
99392782
99392218
99392077
99392059
99390742
99388798
99388024
99385708
99385696
99384274
99384235
99383245
99381662
99381308
99380572
99379918
99379268
99379050
99378256
99378184
99377626
99377240
99377094
99376824
99376796
99376244
99376124
99375576
99375574
99374098
99371878
99371358
99371260
99371054
99370374
99369634
99369014
99367802
99366596
99366317
99365381
99364418
99363326
99362867
99362732
99362360
99361277
99360656
99360569
99360539
99359981
99358910
99358685
99358682
99358649
99358115
99357437
99356378
99355469
99355409
99355148
99354908
99354539
99353750
99352868
99352613
99352532
99352496
99352424
99352418
99352226
99352145
99351860
99351818
99351539
99350924
99350909
99350669
99350489
99350471
99350426
99349985
99349568
99349247
99349049
99348845
99348434
99348428
99348386
99347696
99347285
99347114
99346901
99346436
99346289
99346082
99344828
99344477
99344456
99344357
99344213
99343739
99343397
99343295
99342944
99342782
99342566
99341984
99340286
99339749
99339554
99339308
99339098
99337412
99336902
99336875
99336380
99336275
99335753
99335564
99335399
99335291
99335207
99335069
99334418
99334253
99333773
99333011
99332858
99331466
99331178
99330497
99330041
99329480
99328991
99328577
99328238
99328157
99328139
99327902
99327692
99327410
99326909
99326897
99326606
99326408
99326264
99326219
99326138
99326120
99326087
99325991
99325367
99325142
99324872
99324857
99324839
99324803
99324617
99324602
99324479
99324221
99324188
99323984
99323840
99322784
99322631
99321866
99321794
99320558
99320147
99319763
99319718
99319514
99319109
99318878
99318770
99318647
99318293
99318275
99317522
99317108
99317021
99316694
99315599
99315194
99315083
99314413
99314401
99314077
99313072
99311872
99311767
99311326
99308493
99307323
99307248
99306708
99306504
99305604
99305211
99304080
99303984
99303558
99303552
99303531
99303528
99303492
99302337
99302154
99299652
99299619
99299415
99298920
99298758
99298668
99297540
99297378
99297306
99297162
99296988
99296982
99296955
99295164
99291792
99291552
99290702
99289493
99280052
99280049
99279404
99279401
99278957
99278954
99276947
99276944
99276266
99276263
99274460
99274349
99272759
99271214
99270656
99269745
99269145
99269142
99267843
99267528
99267078
99265569
99263844
99261162
99259594
99258721
99256531
99254527
99248929
99247846
99246946
99244405
99242788
99241927
99239680
99236383
99236251
99235216
99234511
99231955
99231949
99231871
99230830
99230056
99228184
99226762
99226516
99224716
99218936
99218927
99217836
99216956
99215195
99215015
99212690
99210467
