1116888
1716330
517882
216746
1413342
99591300
99519320
1809057
99586422
99554106
99525591
1824481
99577269
1734036
99577239
99529311
99597258
99453308
1614772
99598929
99597885
99528204
99510260
808453
99600423
99590181
99542976
99542934
99403198
99403105
99403063
99402154
99402118
99401836
99401536
99401404
99401257
99400975
99400834
99400801
99400798
99400543
99400354
99400276
99400258
99400201
99400180
99399988
99399448
99399187
99398872
99398611
99398548
99398221
99398125
99397969
99397945
99397768
99397738
99397594
99397564
99397513
99397333
99397081
99397039
99396991
99396976
99396949
99396925
99396847
99396829
99396643
99396379
99395815
99395809
99395272
99394828
99394786
99394288
99393919
99393874
99393787
99393586
99393529
99392776
99392746
99392713
99391876
99391816
99391618
99391501
99391240
99391024
99390448
99390301
99390283
99390151
99390148
99390049
99390040
99389557
99389515
99389440
99388795
99388789
99388366
99387748
99387433
99387427
99387169
99386338
99386320
99386302
99386143
99386071
99385411
99384907
99384664
99384529
99384445
99384421
99384220
99384202
99383659
99383554
99383512
99383470
99383209
99382309
99381728
99381524
99381470
99381452
99381438
99381238
99381102
99380800
99380678
99380196
99380144
99380086
99380050
99380010
99379880
99379854
99379788
99379592
99379536
99379476
99379320
99379164
99379040
99378874
99378844
99378784
99378690
99378670
99378644
99378642
99378542
99378480
99378264
99377982
99377956
99377914
99377574
99377510
99377464
99377434
99376764
99376720
99376536
99376474
99376428
99376214
99376036
99375754
99375648
99375496
99375478
99375472
99375450
99375034
99374968
99374950
99374942
99374932
99374908
99374860
99374830
99374774
99374684
99374678
99374588
99374448
99374354
99374090
99373958
99373854
99373754
99373706
99373678
99373506
99373272
99373236
99373158
99373148
99373034
99372830
99372698
99372494
99372286
99372136
99372044
99371920
99371654
99371650
99371492
99371180
99371036
99371032
99370946
99370938
99370562
99370492
99370434
99370428
99370396
99370170
99370146
99369894
99369828
99369826
99369728
99369622
99369510
99369068
99369065
99369002
99368906
99368687
99368495
99368390
99367898
99367550
99367319
99367262
99367076
99366776
99366650
99366578
99366542
99366530
99366479
99366458
99366398
99366353
99366332
99365927
99365810
99365693
99365624
99365558
99365468
99365453
99365318
99365309
99365306
99365063
99365027
99364943
99364829
99364688
99364598
99364436
99364406
99364382
99364250
99364145
99363962
99363956
99362855
99362825
99362789
99362033
99361886
99361862
99361778
99361280
99361229
99361097
99360578
99360521
99360494
99360404
99360392
99360110
99359825
99359657
99359063
99359000
99358634
99358148
99358121
99358097
99358022
99357977
99357032
99356882
99356675
99356591
99356327
99356297
99356075
99356033
99355985
99355898
99355823
99355670
99355568
99355082
99355010
99354617
99354614
99354575
99354470
99354398
99354314
99354209
99354110
99354074
99353951
99353555
99353405
99353303
99353300
99352823
99352820
99352799
99352763
99352631
99352568
99352499
99352415
99352346
99352121
99352040
99352031
99352028
99352004
99351908
99351782
99351734
99351701
99351698
99351629
99351446
99351050
99350981
99350795
99350762
99350639
99350627
99350597
99350528
99350483
99350417
99350369
99350255
99350234
99350168
99350057
99350054
99349907
99349832
99349799
99349625
99349616
99349514
99349484
99349460
99349334
99349304
99349271
99349226
99349193
99349142
99349070
99348944
99348920
99348848
99348728
99348563
99348539
99348533
99348431
99348311
99348293
99348077
99347975
99347600
99347546
99347519
99347456
99347390
99347345
99347342
99347276
99347147
99347123
99347120
99346874
99346841
99346616
99346295
99346154
99346142
99346103
99345953
99345917
99345836
99345740
99345650
99345539
99345503
99345482
99345410
99345395
99345362
99345326
99345320
99345296
99345284
99345251
99345062
99345044
99345038
99344957
99344915
99344861
99344648
99344642
99344423
99344399
99344264
99344090
99343844
99343751
99343721
99343649
99343418
99343400
99343352
99343286
99343031
99342953
99342935
99342758
99342713
99342617
99342563
99342392
99342146
99342092
99342080
99341855
99341672
99341660
99341630
99341564
99341549
99341462
99341441
99341390
99341303
99341207
99341204
99341165
99340958
99340943
99340925
99340784
99340754
99340625
99340247
99340214
99340208
99340121
99340097
99340085
99340031
99339905
99339902
99339851
99339848
99339479
99339446
99339305
99339257
99339224
