1473314
1202496
1760027
1747921
1465854
99557868
99599217
99593643
99557886
99438503
1681657
99504036
480565
99425464
99581895
99549291
99601977
99587727
99570132
99594576
99524186
99561462
99514430
99563541
1852061
99596154
1793395
99563910
99490338
99514368
99503770
99501156
99587670
99486434
1772330
1217753
99575856
99508044
1773216
99519146
99442331
1893460
124965
99550947
99489758
1648344
1126081
99601998
99482062
1909579
1860239
99565956
99557880
99535674
1592349
197026
99602883
99600777
99587001
99554691
99509516
99408961
1796816
99597936
99587634
99577872
99576654
99557874
99557466
99556260
99555216
99509722
1141633
214375
99601383
99582978
99575427
99559542
99552693
99550788
99545544
99516343
99516098
99513392
99494476
99493704
1910497
1858468
1714827
1007927
15463
99602379
99601503
99601458
99599307
99598956
99597942
99597561
99596478
99596226
99592848
99592587
99592140
99586182
99582801
99566916
99557877
99557724
99552036
99548265
99547554
99543222
99535584
99526566
99526272
99524021
99523769
99521162
99511588
99508854
99505080
99501640
99500672
99469523
99459431
99411931
1825017
1780722
1759475
1722364
1571774
1131659
1074008
99602835
99602523
99602292
99600462
99597540
99596217
99595473
99595398
99593388
99589728
99577644
99576993
99571044
99568011
99540183
99538854
99531687
99530832
99516436
99516341
99513328
99504014
99497442
99494508
99488142
99439541
99430711
99430117
99427435
99419221
99418921
99403207
99402796
99402748
99402634
99402352
99402328
99402151
99401953
99401617
99401215
99400933
99400384
99400075
99399823
99399454
99398992
99398848
99398824
99397957
99397951
99397918
99397915
99397393
99397276
99397099
99396568
99396241
99395998
99395578
99395512
99395284
99395209
99394969
99394672
99394549
99394507
99394357
99394264
99394195
99394081
99393589
99393334
99393328
99392905
99392863
99392413
99392389
99392023
99391846
99390928
99390832
99390580
99390418
99390220
99389911
99389905
99389884
99389758
99389275
99389068
99388243
99387856
99387535
99387418
99387385
99386086
99385354
99385147
99385126
99385111
99384388
99384121
99383689
99383311
99382039
99381877
99381540
99381346
99381334
99381116
99381004
99380972
99380664
99380642
99380522
99380358
99379996
99379890
99379828
99379474
99378766
99378268
99377952
99377936
99377932
99377896
99377842
99377798
99377790
99377714
99377650
99377006
99376394
99376388
99376370
99376286
99376212
99376120
99375994
99375956
99375686
99375596
99375480
99375388
99375158
99374998
99374704
99374626
99374408
99374152
99373888
99373698
99373612
99373524
99373498
99373304
99373300
99373298
99373130
99372844
99372662
99372616
99372162
99372116
99372110
99372008
99371984
99371938
99371818
99371742
99371626
99371592
99371538
99371522
99371464
99371374
99371362
99371262
99371138
99371126
99370850
99370728
99370430
99370282
99370142
99369910
99369772
99369768
99369584
99369542
99369281
99369230
99368780
99368582
99368558
99368468
99368324
99366977
99366944
99366917
99366164
99365753
99365324
99365216
99364706
99364502
99364487
99364472
99364295
99364109
99363935
99363824
99363656
99363509
99363296
99363086
99363083
99363074
99362963
99362567
99362420
99361892
99361634
99361322
99360746
99359837
99359582
99359471
99359336
99359261
99359027
99358574
99358262
99358217
99357365
99357332
99357245
99357209
99357008
99356870
99356747
99356621
99355628
99355397
99355337
99355196
99354569
99353786
99353606
99353384
99352973
99352859
99352841
99352580
99352535
99352466
99352217
99351776
99351758
99351662
99351461
99351323
99350951
99350852
99350588
99350531
99350405
99350399
99350360
99349898
99349856
99349235
99349091
99348830
99348503
99348362
99347903
99347438
99347429
99347318
99347156
99347063
99346823
99346751
99346742
99346688
99346676
99346520
99346325
99346292
99346283
99346178
99346172
99346106
99345839
99345797
99345236
99344939
99344720
99344330
99344306
99344228
99343928
99343694
99343655
99343622
99343421
99343145
99342848
99342536
99342437
99342431
99342377
99342110
99341975
99341687
99341387
99341354
99341249
99340904
99340892
99340823
99340817
99340718
99340448
99340178
99340154
99339992
99339971
99339842
99339623
99339575
99339461
99339227
99339116
99338927
99338477
99338156
99338066
99338054
99337697
99337577
99337295
99337271
99336968
99336911
99336665
99336539
99336485
99336455
99336386
99336353
99336281
99336272
99336074
99336068
99335816
99335717
99335669
99335609
99335525
99335342
99335270
99335189
99335186
99335168
