1796827
101532
99586365
99517655
99600699
99555210
99432586
1763508
99588249
99568941
99527472
99598626
99572181
1688956
99558216
1314663
99584370
99562233
1784864
1783694
1743146
99597099
99595017
99586293
99568173
1860948
1664262
99591831
99591114
99491614
99402697
99393118
99393109
99389899
99379612
99372090
99347762
99347315
99345101
99345029
99343973
99343541
99342554
99341843
99340976
99340379
99340226
99339647
99338462
99338342
99337067
99336515
99335288
99334541
99334532
99334526
99333146
99330668
99330494
99329279
99325913
99324560
99319766
99319760
99319757
99251287
1729556
1432542
426959
