99598119
1773670
1862581
99598122
1863812
106201
1825851
1800728
99493376
1616567
99535833
1761699
99510328
99179469
1923481
1891754
99545616
1465728
99514294
99514048
1507009
1279363
99514474
1799996
590375
99535758
99528774
99519518
1508367
189847
99514864
99514442
99513924
99598125
99514446
1479969
99514844
99463019
54144
99564603
99514834
99514868
99463025
1519659
99587640
99540591
99515564
99515120
99514936
99514470
1871329
99597831
99579105
99537219
99520976
99519452
99515834
99515612
99515110
99514968
99514874
99514450
99463028
99179295
1662145
1320438
99586668
99564612
99557577
99557574
99525873
99520961
99519428
99515824
99515614
99515604
99515598
99515596
99515572
99515502
99514978
99514966
99514964
99514950
99495922
1820213
99602625
99602622
99602154
99601665
99600219
99580215
99542958
99516104
99481277
99445043
99431551
99429409
99403093
99402988
99402709
99402313
99402241
99402028
99401917
99401905
99401512
99401368
99401308
99401074
99401044
99401041
99401032
99401029
99400663
99400654
99400630
99400069
99400060
99399907
99399664
99399367
99399358
99399292
99399289
99399016
99398962
99398917
99398344
99398131
99397690
99397567
99397414
99397372
99397174
99397114
99396739
99396718
99396685
99396463
99395875
99395476
99395356
99395350
99394876
99394735
99394642
99394138
99394105
99393976
99393955
99393835
99393679
99393346
99393250
99392995
99392944
99392467
99392341
99392215
99392158
99392056
99391978
99391942
99391783
99391408
99391315
99391123
99390937
99390748
99390475
99390181
99389995
99389707
99389632
99388957
99388804
99388801
99388543
99388216
99388072
99387997
99387610
99387298
99387160
99387151
99387139
99386428
99386197
99386095
99385585
99385369
99385351
99385327
99385150
99385075
99384634
99384499
99384187
99384097
99384001
99383881
99383863
99383761
99383611
99383605
99382915
99382510
99382294
99382222
99382144
99381494
99381490
99381428
99380920
99380660
99380656
99380598
99380560
99380546
99380512
99380456
99380404
99380328
99380282
99380272
99380116
99380076
99379926
99379816
99379782
99379576
99379504
99379274
99379108
99378988
99378880
99378856
99378726
99378672
99378640
99378430
99378400
99378202
99378164
99378060
99377992
99377976
99377972
99377732
99377686
99377596
99377566
99377436
99377324
99377302
99377162
99376860
99376772
99376706
99376700
99376484
99376194
99376118
99376076
99375860
99375276
99375040
99375012
99375004
99374962
99374884
99374790
99374628
99374612
99374500
99374232
99374162
99374064
99373836
99373756
99373666
99373424
99373250
99373156
99373152
99372934
99372842
99372724
99372720
99372500
99372350
99372152
99372074
99372024
99371990
99371850
99371848
99371834
99371740
99371684
99371546
99371526
99371518
99371414
99371310
99370738
99370622
99370582
99370474
99370456
99370400
99370302
99370230
99370216
99370046
99369530
99369520
99369484
99369059
99368489
99368216
99367961
99367886
99367754
99367661
99367469
99367415
99366716
99366635
99366356
99366290
99366254
99366119
99365654
99365561
99365261
99364982
99364772
99364637
99364631
99364361
99364277
99364181
99364100
99363824
99363302
99363236
99362309
99362174
99362162
99362117
99362096
99361904
99361484
99360827
99360605
99360437
99360143
99360122
99360050
99359408
99359405
99358781
99358757
99358550
99358229
99357899
99357407
99357077
99357071
99356681
99356618
99356516
99356219
99356210
99356195
99355787
99355676
99355673
99355493
99355313
99355016
99354407
99354332
99354131
99353975
99353885
99353849
99353648
99353501
99353456
99353216
99352961
99352598
99352595
99352529
99352526
99352460
99352427
99352382
99352358
99352316
99352109
99352106
99351602
99351599
99351458
99351041
99350966
99350927
99350732
99350240
99350090
99350009
99349928
99349811
99349772
99349664
99349553
99349403
99349232
99349211
99348977
99348767
99348752
99348701
99348641
99348497
99348263
99348236
99348209
99348200
99348053
99348035
99347978
99347954
99347876
99347831
99347717
99347702
99347645
99347573
99347552
99347468
99347165
99347021
99346781
99346640
99346595
99346574
99346454
99346379
99346247
99346145
99346079
99346061
99345830
99345611
99345500
99345242
99345185
99345167
99345164
99344819
99344567
99344270
99344198
99343913
99343685
99343271
99343253
99343226
99342890
99342689
99342602
99342578
99342515
99342440
99342251
99342203
99342200
99342188
99342152
99341996
99341927
99341750
99341633
99341606
99341552
99341489
99341474
99341402
99341393
99341285
99341183
99341153
99341045
99340973
99340901
