1832314
99570657
99550680
99578958
346576
99599001
702475
99580563
99575937
99569991
99600162
99595212
99594540
99592170
99403216
99402319
99402280
99401185
99400753
99400576
99399610
99398938
99398749
99396637
99396256
99394069
99393817
99392737
99392392
99391051
99389836
99388675
99386956
99385177
99382930
99382210
99380766
99379712
99379560
99379084
99378150
99378114
99377500
99377044
99376992
99375850
99374870
99373844
99373842
99373032
99372772
99371814
99371240
99371210
99371206
99370852
99370592
99366326
99364868
99364493
99363551
99363512
99363164
99362858
99362591
99361658
99360932
99359036
99358766
99358619
99358130
99358055
99355460
99353801
99353693
99352544
99352538
99352391
99352157
99351827
99351731
99351656
99351434
99349820
99349421
99349409
99348824
99348536
99348485
99348248
99348110
99347621
99347351
99345278
99345035
99344978
99344894
99344585
99344513
99344138
99343553
99343292
99341525
99341498
99340964
99340883
99340685
99340589
99339794
99339545
99339176
99338999
99338762
99338675
99338600
99338549
99337943
99337895
99336980
99336410
99335984
99335978
99335732
99335618
99335615
99335612
99335381
99335108
99334670
99334559
99334481
99334319
99333287
99333284
99333005
99332891
99332684
99332546
99332411
99331403
99331211
99331112
99329543
99329441
99329438
99329225
99328652
99328055
99327539
99326627
99325634
99325397
99325313
99324809
99324797
99324767
99324728
99324536
99324059
99322445
99321986
99321911
99321578
99319661
99319217
99317327
99317324
99315527
99315362
99314530
99314332
99314326
99314038
99311551
99310629
99309996
99309564
99308529
99308364
99307443
99307230
99307083
99306750
99306585
99306522
99306330
99306297
99306105
99305745
99305325
99304572
99303168
99301425
99300144
99300060
99299904
99299340
99298479
99298047
99297381
99296661
99296217
99295098
99293436
99288197
99285287
99284843
99278684
99278681
99278042
99278039
99277946
99277943
99277532
99277529
99277424
99277421
99273914
99273407
99272939
99272927
99272393
99272093
99272042
99271949
99271529
99271463
99269376
99268020
99266583
99266115
99266040
99265782
99265449
99264393
99262713
99261795
99261522
99259891
99259783
99258667
99258214
99257107
99254608
99253849
99253336
99252637
99252475
99252121
99250741
99250582
99250267
99248491
99247537
99246127
99244231
99243715
99243346
99242188
99236401
99233926
99233080
99232936
99229870
99229498
99229495
99229234
99228400
99228262
99227911
99227104
99224212
99223339
99219005
99214748
99213656
99211742
99211331
99211310
99210446
99209639
328324
