99402349
99402220
99401986
99401620
99399874
99399193
99398518
99398242
99398119
99397402
99396385
99396268
99395518
99395461
99395143
99394633
99394141
99392839
99392431
99391327
99391048
99390109
99390103
99386206
99385846
99385720
99385678
99385129
99384265
99383089
99382372
99381362
99380724
99380294
99379360
99378936
99378826
99376280
99376224
99375630
99375486
99374822
99374076
99372168
99371688
99371440
99369912
99369272
99369191
99369044
99368048
99368042
99367304
99367160
99366896
99366140
99365981
99365726
99365189
99365006
99364931
99364469
99364466
99363044
99361496
99361250
99359345
99359240
99358871
99356780
99356174
99355226
99355064
99354713
99352769
99352043
99351488
99350786
99350606
99346889
99346694
99344402
99344348
99343586
99340886
99339371
99339269
99338075
99337706
99335120
99334898
99334316
99331424
99331220
99330446
99329348
99326612
99325568
99324581
99324572
99321452
99321449
99320885
99320822
99317900
99317399
99315830
99315566
99314551
99313912
99313906
99313204
99312706
99312157
99311059
99311008
99310005
99308613
99307509
99306225
99304770
99304350
99304011
99303246
99302124
99299664
99299319
99298626
99298503
99296685
99296439
99295398
99294903
99294051
99294009
99293127
99293124
99292281
99291039
99290357
99290222
99289052
99288740
99288638
99287408
99287204
99286667
99285965
99281993
99281990
99279707
99279704
99279320
99279317
99279083
99279080
99277820
99277817
99275738
99275735
99275192
99275189
99274625
99273245
99272873
99272654
99272471
99272441
99271937
99271436
99270288
99270273
99270156
99270096
99269964
99269427
99269394
99269055
99268761
99268647
99268638
99268335
99268143
99267576
99267123
99267018
99266427
99265119
99264465
99263985
99263685
99263250
99262929
99262887
99260596
99260380
99260371
99259267
99259036
99258466
99258169
99257215
99257197
99256756
99256615
99256216
99255700
99255199
99255088
99254104
99253729
99253495
99253366
99248773
99248485
99248263
99247933
99247828
99247219
99246712
99246559
99246400
99246382
99246283
99245905
99244543
99244504
99243844
99243181
99242896
99242383
99240856
99240817
99240616
99239200
99239128
99238018
99237481
99235111
99232069
99230563
99229891
99228844
99226600
99226441
99226357
99226129
99225349
99224374
99221734
99220930
99220543
99220099
99219053
99218553
99218436
99217983
99217424
99216848
99216036
99215375
99214847
99214844
99213794
99213008
99211814
99210470
99210377
99210374
