99581697
99560262
99516429
99516509
99517295
99516533
99590838
99580758
99572208
99513412
99516684
967603
99478976
99564930
99551130
99516679
99579045
99516477
99516396
99570549
99516495
99516307
1756611
99516392
99516280
99547560
99547548
99547545
99547542
99547536
99542748
99516680
99516564
99547551
99547539
99519926
99593688
99512116
1636785
99601173
99591693
99583674
99582435
99423103
99402202
99401647
99399898
99399553
99398539
99398212
99398206
99397639
99394354
99393631
99392353
99388930
99387754
99387163
99386362
99386065
99384874
99384472
99381276
99380120
99379664
99378960
99378346
99377338
99377260
99376500
99376282
99374772
99374460
99373994
99373104
99371290
99371286
99370020
99368360
99368357
99366821
99366524
99364817
99362942
99362243
99361844
99360473
99359492
99356471
99355217
99354776
99353207
99352520
99352178
99352022
99351197
99350522
99350486
99350261
99350159
99350012
99349508
99349172
99348989
99348965
99348713
99348632
99348383
99348380
99348101
99347984
99347162
99346853
99346259
99345371
99345179
99344987
99344468
99343763
99343484
99343283
99342707
99341576
99341456
99341156
99341063
99340961
99340799
99339770
99339734
99339551
99339548
99339419
99339128
99338759
99338237
99337463
99337400
99337331
99337286
99336320
99335924
99334613
99334169
99333653
99333542
99332642
99331472
99331457
99331418
99331130
99331055
99330827
99329648
99329471
99329324
99329288
99329282
99328211
99328175
99328136
99327887
99327680
99327566
99327311
99325610
99325583
99324851
99324731
99324233
99323894
99323867
99323597
99323417
99323120
99323030
99322709
99322700
99322115
99321683
99321626
99321416
99320942
99320345
99319529
99319103
99318857
99314437
99313810
99312598
99312253
99309825
99308532
99308283
99306303
99304659
99304551
99302544
99302295
99300666
99300411
99297231
99296379
99295932
99295485
99294879
99294780
99294666
99292620
99292386
99291378
99291186
99289934
99289784
99289508
99288929
99288710
99287822
99287678
99286922
99285926
99285008
99281447
99281444
99281195
99281192
99280970
99280967
99277232
99274352
99273068
99272510
99269034
99266925
99266355
99266331
99265266
99264225
99262998
99262122
99261156
99260809
99260050
99258961
99258670
99258007
99257722
99257614
99256312
99255724
99255487
99250810
99245248
99244330
99242899
99241681
99239221
99235999
99233347
99232678
99231202
99230668
99230530
99225175
99225163
99224500
99221635
99221431
99221305
99218816
99218403
99217914
99217259
99216860
99214544
99213032
99213014
99211136
1604830
126915
30668
