99568677
1862204
1623283
830388
99573705
1835038
99573612
60020
99470075
99587304
1813032
99554658
99420385
99402247
99402244
99401947
99401701
99400804
99400315
99398815
99397729
99397078
99395299
99394558
99394111
99393691
99392404
99389146
99389032
99388912
99387022
99383530
99383086
99378668
99378666
99378664
99378514
99374872
99374400
99374208
99373594
99373534
99373532
99373412
99370098
99369998
99368813
99368735
99367883
99367814
99366965
99364352
99364307
99363875
99363581
99363569
99363230
99362636
99362027
99359222
99359156
99357860
99357287
99355955
99355847
99355811
99355796
99353624
99350678
99347132
99341372
99341363
99340385
99325946
99325727
99322955
99320930
99319208
99317627
99316967
99316862
99316679
99316613
99316184
99313099
99313000
99312337
99311542
99308331
99308091
99306039
99305214
99304467
99304164
99302079
99302007
99300966
99300624
99300600
99300597
99300195
99299604
99297720
99297042
99296841
99296601
99296238
99295236
99294192
99294018
99293502
99293199
99288845
99288152
99287954
99287888
99286649
99285719
99284585
99284582
99282599
99282596
99275186
99275183
99274904
99274901
99270971
99270213
99269706
99268392
99267321
99266670
99266199
99265257
99265254
99265251
99265248
99265245
99265242
99265239
99265236
99265047
99264999
99261558
99259705
99259162
99258979
99258700
99258442
99257449
99256798
99253084
99252205
99249550
99248167
99247732
99245560
99244459
99243271
99243253
99242731
99242005
99241582
99241435
99241132
99238849
99238846
99238630
99234373
99234028
99232450
99229000
99227983
99227635
99226957
99226888
99221374
99215419
99214724
99213461
99213458
99212789
99212558
99211076
99211022
99210698
99210455
