1191311
1847449
1653767
1824625
1293340
99602877
99575463
99402730
99401779
99401776
99401437
99401362
99401236
99400603
99400471
99400468
99400465
99400462
99400459
99400348
99400210
99399787
99399316
99398704
99398413
99398296
99397978
99397483
99397420
99397405
99397105
99397027
99396355
99396223
99395794
99395761
99395524
99395431
99394846
99394843
99394801
99394741
99394297
99393958
99393802
99393751
99393385
99393208
99392791
99392788
99391882
99391864
99391243
99390907
99388621
99388495
99387994
99386965
99386872
99386788
99383989
99383266
99383110
99382567
99382132
99381736
99381678
99381552
99381124
99381120
99380752
99380486
99380066
99380052
99379554
99379546
99379436
99379252
99379186
99379140
99378808
99378704
99378504
99378402
99378370
99378328
99378148
99377980
99377904
99377838
99377672
99377636
99377530
99377228
99377196
99376616
99375874
99375820
99375404
99375062
99374970
99374946
99374804
99374516
99374236
99374094
99374062
99373828
99373776
99373694
99373554
99373244
99373242
99372732
99372244
99372094
99371722
99371700
99371396
99371092
99370926
99370902
99370538
99370488
99370298
99370234
99369960
99369628
99369242
99369098
99369080
99368537
99368345
99368108
99367823
99367664
99367607
99367556
99367163
99367088
99366659
99366281
99366095
99364955
99364859
99364742
99364553
99364364
99364178
99363458
99363146
99362993
99362921
99362438
99362435
99361898
99361820
99361016
99361001
99360362
99360251
99359711
99359561
99359378
99359150
99358442
99358433
99358163
99357980
99357230
99356843
99356723
99356129
99356078
99356018
99355727
99354845
99354779
99354704
99354554
99354272
99354032
99353939
99353654
99353492
99353348
99352643
99352094
99351923
99350558
99350291
99350063
99350060
99349931
99349757
99349154
99348932
99348566
99348281
99348062
99347810
99347555
99347294
99347270
99347186
99346835
99346652
99346445
99346370
99346235
99346217
99345845
99345617
99345389
99345317
99345305
99345173
99345149
99345074
99344921
99344750
99343835
99343703
99343466
99343379
99343103
99342659
99342410
99342245
99342242
99341897
99341477
99341468
99341294
99340898
99340748
99340673
99340547
99339719
99339425
99339320
99339302
99339293
99338981
99338945
99338807
99338678
99338537
99338513
99338423
99338381
99338126
99338066
99337820
99337709
99337454
99337448
99337436
99337127
99336947
99336923
99336854
99336827
99336695
99336683
99336680
99336260
99336203
99336185
99336053
99335768
99335324
99335300
99335084
99335081
99334652
99334610
99333908
99333854
99333467
99333218
99332501
99331925
99331577
99331565
99331559
99331166
99331109
99331043
99330635
99330281
99329819
99329465
99329387
99329327
99329012
99328931
99328925
99328697
99328520
99327971
99327956
99327857
99327395
99327389
99327305
99326555
99326402
99326399
99326381
99326378
99326201
99326108
99325910
99325799
99325745
99325526
99325328
99325271
99325088
99324965
99324752
99324455
99323732
99323678
99323399
99323225
99323159
99322373
99322271
99321938
99321845
99321740
99321332
99320312
99320231
99320054
99320048
99319571
99319382
99319097
99319079
99318971
99318959
99318923
99318920
99318905
99318902
99317999
99317579
99317348
99316586
99316391
99315737
99315425
99315137
99314338
99314044
99313975
99312769
99312748
99312058
99312043
99312040
99311968
99311932
99311149
99311140
99310741
99310137
99309768
99309396
99309051
99308835
99308643
99308328
99307956
99307863
99307632
99307506
99307305
99307245
99307236
99306732
99305991
99305700
99305376
99305118
99304392
99304302
99304281
99303987
99303804
99303255
99302247
99301773
99301314
99300993
99300846
99300747
99300732
99300444
99300426
99299715
99299478
99299370
99299205
99299091
99299031
99298611
99298392
99298245
99297684
99297618
99297516
99296829
99296517
99296070
99295656
99295611
99295395
99295158
99294870
99294639
99294525
99294522
99293970
99293640
99293637
99293622
99293589
99293580
99293103
99292440
99292152
99292149
99291711
99291480
99291474
99291438
99291264
99291147
99291009
99290949
99290937
99290402
99289871
99288893
99288851
99288620
99288098
99287732
99287690
99287597
99287585
99287132
99286997
99286973
99286898
99286244
99286127
99285587
99285581
99285419
99285278
99284816
99284231
99284228
99284069
99284066
99283859
99283856
99283763
99283760
99282989
99282986
99282947
99282944
99282905
99282902
99282749
99282746
99282593
99282590
99282377
99282374
99282305
99282302
99280988
99280985
99279668
99279665
99279596
99279593
99278600
99278597
99278522
99278519
99278462
99278459
