1462920
1778139
99503690
1760430
1628130
1692022
1677115
1482287
1781420
1796904
1868960
1860220
1783418
1838956
281239
1919303
1906105
1796609
1898203
99571623
946553
99549375
99514836
1874745
99597894
99527781
1658531
99533991
99506440
1330970
1922797
99592725
99562146
99557892
1869080
99597006
99516542
1502537
99587382
99540984
99602361
99597897
99539631
1723588
1878437
1772473
1054578
99593871
99553530
99527799
99514374
1700756
99602487
99579975
99535533
99282965
1688575
1547467
99595080
99594213
99589602
99587190
99571362
99568365
99568356
99568347
99567627
99567582
99567579
99564135
99546480
99545679
99540966
99502458
99437773
99430903
99425680
99419743
99402844
99402841
99402556
99402481
99402283
99402055
99401260
99401128
99401089
99400957
99400894
99400768
99400477
99400444
99400375
99400372
99400150
99399991
99399979
99399925
99399547
99399403
99399280
99398881
99398755
99398707
99398455
99398182
99398128
99397687
99397684
99397681
99397678
99397675
99397666
99397600
99397525
99397492
99397429
99397279
99397018
99396694
99396400
99396364
99395659
99394912
99394708
99394564
99394552
99394462
99394300
99394087
99393832
99393697
99393562
99393484
99393370
99393367
99393349
99392428
99391909
99391906
99391741
99391738
99391735
99391711
99391297
99391294
99390733
99389914
99389827
99389773
99389200
99388891
99388504
99387895
99387700
99387694
99387634
99387076
99386221
99386080
99385867
99385120
99384913
99384520
99383680
99383359
99383212
99383122
99382648
99382645
99382267
99382261
99382021
99381718
99381680
99381426
99381350
99381132
99380992
99380990
99380726
99380464
99380444
99379986
99379796
99379658
99379656
99379578
99379312
99379242
99379110
99379058
99378898
99378678
99378614
99378294
99378226
99378216
99378122
99377868
99377828
99377814
99377490
99377380
99377338
99377174
99376814
99376760
99376652
99376446
99376220
99375858
99375688
99375536
99375200
99374756
99374614
99374386
99374246
99374034
99373962
99373606
99373598
99373590
99373584
99373000
99372976
99372960
99372888
99372832
99372736
99372622
99372488
99372468
99372352
99372230
99372188
99372086
99371882
99371852
99371786
99371606
99371590
99371428
99370892
99370804
99370574
99370310
99370120
99370008
99369946
99369798
99369710
99369654
99369460
99368933
99368888
99368663
99368342
99368165
99367811
99367787
99367547
99367178
99367091
99366995
99366818
99366743
99365771
99365663
99365552
99364970
99364937
99364490
99364097
99364046
99363992
99363746
99363506
99363482
99363305
99362972
99362960
99362744
99362738
99362510
99362507
99362489
99362336
99362186
99361946
99360941
99360680
99360614
99360485
99360482
99360140
99360029
99359945
99359858
99359798
99359747
99359714
99359642
99359576
99359549
99359387
99359330
99359015
99358973
99358955
99358868
99358610
99358313
99357986
99357935
99357929
99357413
99356918
99356903
99356897
99356372
99356162
99356090
99355610
99354824
99354455
99353840
99353618
99353396
99353393
99353345
99353339
99353333
99353198
99352946
99352871
99352751
99352625
99352016
99352001
99351752
99351458
99351152
99350564
99350450
99350222
99349856
99349781
99349673
99348656
99348191
99348137
99347741
99347174
99346919
99346820
99346727
99346637
99346406
99346280
99345995
99345626
99345593
99345128
99344882
99344873
99344858
99344678
99344612
99344537
99344219
99344099
99344096
99344090
99343757
99343586
99343184
99342812
99342539
99342116
99341888
99341696
99341663
99341495
99341420
99341417
99341297
99341075
99341039
99340691
99340571
99340568
99340019
99339974
99339515
99339332
99339299
99339095
99338720
99338627
99338429
99338081
99337790
99337766
99337760
99336917
99336635
99336593
99336536
99336533
99336482
99336239
99336167
99335495
99334769
99334703
99334700
99334697
99334505
99334427
99334328
99334106
99334040
99333830
99333557
99333551
99333191
99333107
99332681
99332543
99332537
99332372
99332060
99331016
99330614
99330470
99330347
99330233
99330149
99329987
99329381
99328664
99328559
99328349
99328043
99328031
99327977
99327905
99327899
99327173
99327068
99325844
99325706
99325421
99325316
99325019
99324437
99324098
99323531
99323423
99323405
99323171
99323102
99322619
99322127
99321263
99321143
99321077
99320906
99320669
99320567
99320516
99320426
99320378
99320009
99319574
99319358
99319073
99319040
99318941
99318806
99318764
99318728
99318464
99317927
99317843
99317720
99317588
99317507
99317252
99317051
99317012
99316718
99316502
99315929
99315884
99315704
99315128
99314912
