685506
1361900
99598467
99544806
99487560
99599247
99596190
99554436
99436369
99402439
99401083
99398293
99393673
99393577
99393574
99393310
99393193
99392449
99392095
99392032
99391342
99390427
99387826
99387193
99385627
99385405
99384442
99384439
99379982
99379944
99379934
99379382
99379034
99378920
99378712
99377728
99377446
99377390
99377164
99377086
99376894
99376596
99376146
99376080
99375632
99374352
99374248
99373580
99372458
99372198
99371510
99370958
99369666
99365054
99364508
99363743
99363347
99363251
99362864
99362828
99362585
99362279
99362045
99362042
99361940
99358853
99356645
99353381
99352805
99352766
99352397
99351710
99351356
99351353
99350120
99350102
99349676
99348815
99348737
99347699
99347564
99347492
99345869
99345065
99343391
99343364
99343259
99343196
99342221
99339653
99339584
99339236
99338786
99338666
99338636
99338630
99337958
99337955
99335624
99334667
99333938
99333899
99333629
99333566
99331637
99331250
99331094
99330605
99329447
99329321
99329297
99328259
99326903
99324836
99324713
99324650
99324299
99324290
99324287
99320069
99319871
99319508
99319241
99318452
99318107
99316001
99313480
99312031
99310587
99310578
99310293
99309201
99307842
99307740
99306384
99306363
99305955
99305511
99304149
99303810
99303672
99303441
99303438
99301803
99300483
99300159
99299814
99299475
99299214
99298893
99298281
99295953
99295608
99295359
99295329
99294990
99294909
99294813
99293070
99293046
99293040
99292938
99292569
99292212
99291696
99290814
99289634
99289019
99288743
99287444
99285899
99285554
99283847
99283844
99283373
99283370
99282953
99282950
99282077
99282074
99281813
99281810
99281345
99281342
99281261
99281258
99281042
99281039
99280295
99280292
99279923
99279920
99278048
99278045
99277868
99277865
99277031
99277028
99276302
99276299
99274517
99274505
99273815
99273113
99272852
99272756
99272435
99271319
99270860
99269655
99268338
99267291
99267285
99267270
99266382
99265575
99264240
99264228
99264012
99263346
99263232
99261714
99261642
99260728
99258127
99257716
99257491
99255811
99254101
99252937
99251653
99251326
99250183
99249652
99248866
99244726
99244411
99241591
99239992
99237883
99237577
99236593
99234631
99233563
99233545
99233215
99233131
99231535
99230695
99228805
99227569
99226966
99226060
99225010
99223714
99223483
99221587
99220918
99220336
99218394
99218019
99217190
99216984
99216116
99215575
99215423
99215103
99214886
99214742
99214667
99214157
99213614
99213338
99212570
99212411
99210881
99210221
99210143
99209906
