99569967
99533535
1775289
99433156
1849774
1795249
99562749
99541566
99596709
99539739
389659
99599103
99589209
1504011
99600342
99571518
99555831
99179517
99602325
99602208
99600510
99596676
99583566
99558447
99542991
99516510
99403192
99403120
99402922
99401431
99401056
99398959
99398383
99397408
99396808
99395758
99395605
99395554
99391021
99390979
99390811
99390028
99389845
99389464
99389116
99388597
99387835
99387769
99386362
99386035
99385141
99382705
99382438
99382435
99380526
99380368
99380160
99377812
99377810
99377808
99376934
99374936
99373422
99371382
99370968
99370686
99370496
99370126
99369978
99367850
99367055
99366518
99366212
99366152
99364892
99364889
99364763
99363389
99363149
99362609
99361619
99361448
99360659
99360500
99359792
99357425
99356009
99354857
99354647
99354239
99353579
99352979
99349853
99349727
99349064
99349007
99348473
99347435
99345758
99345407
99344870
99344459
99343346
99342257
99340910
99340865
99340805
99340517
99340292
99339638
99339215
99339068
99337937
99336464
99335144
99334331
99333242
99332318
99331520
99330632
99330551
99328499
99326966
99325628
99324821
99323942
99322961
99322394
99321587
99320399
99319604
99319418
99319175
99319106
99318977
99318911
99318788
99318497
99317819
99316520
99312187
99311752
99311104
99310533
99309711
99307470
99307254
99305868
99305637
99305493
99305487
99305394
99305121
99303249
99303108
99302820
99302346
99302109
99299499
99299073
99298935
99298347
99297819
99295506
99293571
99291810
99291468
99288251
99283595
99283592
99283295
99283292
99283211
99283208
99283205
99283202
99283025
99283022
99279035
99279032
99275732
99275729
99274451
99273209
99268731
99268188
99266889
99263856
99263835
99262617
99261309
99259885
99256405
99256204
99256159
99255727
99251734
99250993
99248314
99245959
99244432
99243760
99240973
99239170
99234970
99234682
99233629
99231097
99226828
99225709
99225640
99225388
99225217
99223825
99219314
99219095
99218598
99215087
99213068
99212267
99212207
99212141
