99602286
99582753
99403201
99401722
99400918
99399457
99399151
99398572
99398347
99398140
99396541
99395848
99395074
99393535
99392068
99391657
99391621
99391117
99391081
99388021
99386512
99385081
99384760
99381829
99381138
99379228
99378730
99378116
99377886
99377660
99376678
99374816
99374814
99374312
99374030
99371508
99370978
99370840
99370428
99370100
99369514
99367244
99366869
99366764
99365399
99365108
99363737
99363332
99363080
99361556
99361100
99360422
99359699
99359138
99358961
99358505
99358478
99358157
99357932
99356027
99355616
99355532
99354239
99353732
99352196
99351359
99350069
99349085
99349076
99347948
99347765
99346856
99346646
99346031
99345968
99345350
99344834
99344111
99343778
99343187
99343160
99342683
99342212
99342149
99341312
99341201
99340664
99340073
99339875
99339023
99338843
99338654
99338639
99338516
99337628
99337490
99337379
99337103
99336986
99336983
99336872
99336797
99335171
99334991
99333398
99332639
99332612
99332405
99332342
99332246
99332132
99332078
99331901
99331208
99330665
99330620
99328052
99327884
99326588
99326576
99326567
99326483
99326186
99326147
99325970
99325967
99322706
99321743
99321557
99320729
99319934
99319232
99318470
99318272
99317264
99315161
99313981
99312562
99312511
99312127
99311347
99310500
99309984
99308460
99308178
99307833
99307821
99307620
99303771
99303519
99303030
99302667
99302613
99302217
99301755
99301689
99301653
99299640
99299313
99299292
99297792
99297648
99296043
99295950
99295632
99295524
99294387
99293232
99292659
99292209
99291774
99291183
99290561
99289955
99287600
99287282
99285482
99285479
99285137
99277742
99277739
99276833
99276830
99276803
99276800
99276797
99276794
99274670
99272843
99272213
99270063
99268743
99268251
99267522
99265917
99265869
99264204
99263493
99263205
99262368
99260764
99260062
99256411
99255358
99254074
99252880
99252841
99252799
99252199
99252166
99252073
99251629
99251386
99251290
99249118
99248743
99248707
99247567
99247426
99245989
99245533
99244264
99243988
99243766
99242041
99239332
99238741
99237877
99236584
99236320
99236074
99235822
99234586
99234364
99233932
99233905
99232966
99232843
99232297
99232294
99232198
99229825
99229309
99229279
99225565
99225097
99225082
99224125
99223033
99222718
99221470
99220192
99219717
99219059
99218277
99217875
99216800
99215187
99214769
99214265
99214199
99213608
99212036
99211247
