99527244
1774897
99542337
1381905
99565248
99535947
99602493
99565251
99429361
99398812
99396382
99393160
99392065
99387460
99385831
99385828
99385825
99385414
99383548
99379776
99377520
99373364
99368624
99352151
99351128
99345728
99343598
99340928
99340061
99339314
99337118
99332822
99331754
99330017
99329729
99328268
99320273
99318593
99316100
99315395
99313678
99299463
99296451
99294864
99290459
99287789
99282449
99282446
99277922
99277919
99276026
99276023
99273230
99267105
99265446
99260464
99255769
99246391
99242464
99238831
99238201
99231484
99229363
99226483
99217505
99215223
