99444317
1489554
99587052
99590832
99509248
99183087
1736035
99547875
1549098
99513416
99592593
99589323
99558585
1807297
1782209
99584049
99564519
99528195
99480485
99480113
1828486
99584241
99573408
99569307
99568326
99568029
99562260
99549984
99534360
99507888
99417727
99403018
99402295
99402262
99402046
99401659
99401638
99399484
99399052
99398905
99398398
99398113
99397450
99397447
99397426
99395191
99394510
99393157
99391402
99389770
99388753
99388699
99388531
99384688
99384685
99384271
99382300
99382078
99380646
99379562
99379188
99378596
99378312
99378288
99378064
99378054
99377692
99377630
99376864
99376800
99376782
99375842
99375470
99373730
99373670
99372802
99371702
99369830
99369740
99369588
99368948
99367424
99365384
99365252
99364073
99363638
99362129
99360848
99359333
99358799
99356822
99354947
99354068
99352892
99352883
99352151
99352019
99351407
99351311
99350543
99350246
99349901
99349883
99349583
99348968
99348317
99348083
99347804
99347642
99347273
99345926
99345188
99345182
99344822
99343133
99342971
99342671
99341252
99340313
99339941
99339938
99339566
99337982
99337637
99334064
99331583
99331379
99331349
99330029
99329918
99329858
99329417
99328706
99326519
99325361
99323798
99319238
99318932
99318782
99318725
99315614
99315230
99314362
99313378
99312364
99311953
99311854
99311023
99310380
99308859
99307803
99307551
99306981
99303099
99302913
99301539
99301386
99300720
99300027
99296679
99296034
99295893
99294972
99294801
99292605
99291765
99291606
99291414
99289991
99288992
99288455
99288170
99287735
99284429
99284426
99283283
99283280
99280544
99280541
99280079
99280076
99279392
99279389
99276737
99276734
99268863
99268524
99265641
99264567
99264306
99264261
99259570
99257185
99256042
99254242
99251953
99251833
99250981
99247204
99247147
99246229
99243757
99243631
99242797
99238246
99237190
99235849
99235438
99235075
99234919
99233416
99232588
99232582
99231889
99231190
99230587
99228688
99228418
99227206
99226846
99222529
99222409
99221866
99220894
99218951
99218834
99218831
99218654
99218559
99217457
99215776
99215275
99214736
99214661
99214322
99214094
99213365
99212579
1295800
