99497966
99587769
99583245
99598707
99542271
1897270
1850823
99602301
99587979
1793387
1488800
99513578
99589029
99567945
99597102
99595365
99439763
99439559
99402889
99400318
99399994
99399340
99398329
99397810
99397471
99397309
99396334
99394699
99393223
99392869
99392836
99392833
99392497
99392011
99391903
99391825
99390370
99389638
99386866
99386593
99386356
99386167
99385414
99383578
99380082
99379648
99379396
99379392
99379318
99379248
99379204
99378260
99378178
99377944
99377648
99377408
99377122
99376930
99376160
99375498
99375166
99374292
99374022
99373642
99373356
99373076
99372850
99372376
99371448
99371350
99371158
99369758
99368966
99368750
99368654
99367454
99366674
99365720
99365597
99361847
99361823
99359822
99359564
99359348
99358940
99358385
99357020
99356663
99356228
99355541
99354956
99354245
99353597
99353588
99352787
99351584
99351347
99351269
99350468
99350411
99350213
99346913
99346541
99345743
99345497
99345455
99344906
99344753
99344684
99343817
99341882
99337787
99335594
99330662
99330065
99329639
99327368
99326843
99326126
99324155
99324137
99323036
99321716
99321182
99321113
99318881
99318773
99318101
99317855
99317753
99316712
99316127
99315869
99315053
99313900
99312250
99312199
99309681
99309003
99307350
99306666
99305850
99305427
99305001
99303444
99303366
99299976
99298401
99298188
99297342
99297213
99296541
99295593
99295203
99294942
99291846
99291804
99291789
99291735
99291441
99291228
99290609
99290276
99288545
99288074
99286019
99285311
99284687
99283853
99283850
99282929
99282926
99282683
99282680
99280580
99280577
99279341
99277490
99277487
99276773
99276770
99276008
99276005
99274343
99274241
99273149
99273116
99273077
99272186
99272081
99270737
99268950
99267672
99266535
99266259
99265752
99263013
99262623
99262500
99262002
99261957
99261936
99261390
99260842
99260704
99260041
99258049
99257515
99255214
99253240
99250465
99248515
99248023
99248020
99246523
99245089
99244888
99242884
99242857
99242764
99241348
99239917
99238261
99238132
99237589
99237520
99235987
99234088
99233272
99233269
99233062
99232510
99231178
99230998
99229153
99229078
99227917
99227896
99225967
99225496
99225067
99225040
99224275
99221521
99220837
99219552
99219477
99219377
99219299
99216608
99216164
99216108
99214346
99213881
99213866
99213779
99213350
99212516
99211454
99211013
99209792
