1357102
1563092
1851612
1841121
1728575
99513398
1521904
99552192
1535522
99539367
1753185
99492368
1697827
99581667
345872
99600969
99573324
775869
99342746
1042923
1749573
99587028
99575349
99602352
99599961
99467354
826809
170174
99580008
99550566
99540354
99524360
99502112
99261507
1892871
1762306
99597999
99564054
99543384
1769319
146096
99602349
99597921
99588702
99576894
99563184
99559995
99557652
99540261
99537882
99527436
99516527
99509222
99509220
99507636
99506832
99412228
99266421
1856663
1770858
827711
99601263
99599964
99599910
99597660
99597267
99591327
99579618
99568134
99558429
99551667
99540276
99537156
99505840
99439721
99438587
99436729
99436591
99429379
99428887
99403285
99403189
99403042
99403036
99402790
99402787
99402739
99402703
99402655
99402646
99402442
99402340
99402322
99402205
99402193
99402160
99402157
99402085
99402052
99402049
99401386
99401212
99401173
99400963
99400960
99400813
99400513
99400282
99399607
99399577
99399487
99399376
99399331
99399268
99399163
99398953
99398869
99398785
99398602
99398437
99398203
99398200
99397999
99397858
99397702
99397579
99397576
99397546
99397318
99397243
99397222
99397069
99396985
99396970
99396940
99396484
99396346
99396340
99396100
99396046
99396040
99395968
99395893
99395872
99395839
99395749
99395380
99395377
99395311
99395089
99394855
99394852
99394573
99394561
99394447
99394429
99394348
99394342
99394204
99394150
99394090
99394072
99394063
99394000
99393982
99393799
99393685
99393670
99393280
99393142
99393049
99392542
99392350
99392302
99392296
99392221
99391972
99391612
99391462
99391390
99390715
99390052
99389917
99389830
99389539
99389161
99388843
99388837
99388678
99388402
99388258
99388159
99388030
99387958
99387703
99387697
99387640
99387487
99387307
99387304
99386947
99385936
99385462
99385102
99384118
99383722
99383023
99382612
99382402
99382015
99381766
99381704
99381586
99381534
99381182
99381166
99381060
99381014
99381010
99380916
99380838
99380826
99380824
99380804
99380740
99380620
99380544
99380406
99380326
99379942
99379804
99379790
99379704
99379652
99379412
99379072
99378888
99378842
99378820
99378754
99378720
99378598
99378520
99378284
99378052
99377928
99377512
99377388
99377210
99377096
99377052
99377010
99376978
99376970
99376714
99376680
99376612
99376470
99376442
99376406
99376166
99376078
99375934
99375840
99375694
99375552
99375338
99375268
99375250
99375218
99375090
99374692
99374486
99374306
99374298
99373784
99373704
99373350
99373348
99373346
99373342
99373110
99372956
99372714
99372676
99372666
99372654
99372548
99372540
99372532
99372528
99372314
99372208
99372174
99372156
99372114
99372020
99372010
99371908
99371806
99371548
99371400
99371280
99370984
99370982
99370818
99370678
99370406
99370308
99370208
99370178
99370102
99370086
99370060
99369984
99369914
99369726
99369638
99369508
99369482
99369389
99369353
99368951
99368846
99368270
99367628
99367619
99367613
99367571
99367280
99367154
99367082
99367061
99367028
99366938
99366932
99366893
99366755
99366641
99366383
99366329
99366137
99365996
99365612
99365465
99365435
99365012
99365003
99364808
99364796
99364721
99364640
99364604
99364544
99364532
99363578
99363455
99363395
99363368
99363317
99363239
99363188
99363056
99362978
99362948
99362888
99362792
99362768
99362678
99362669
99362657
99362384
99362120
99362063
99362030
99361868
99361625
99361586
99361565
99361466
99361340
99361334
99361304
99361301
99361193
99361094
99360923
99360686
99360371
99360347
99360080
99360071
99359699
99359543
99359465
99358934
99358883
99358802
99358778
99358622
99358571
99358532
99358523
99358289
99358274
99358079
99358004
99357995
99357914
99357866
99357845
99357815
99357632
99357224
99357158
99357059
99357050
99356966
99356612
99356555
99356333
99356312
99355982
99355871
99355820
99355775
99355763
99355460
99355289
99355286
99355277
99354998
99354860
99354602
99354326
99354320
99354293
99353852
99353516
99353282
99353060
99353042
99352463
99351998
99351896
99351737
99351512
99351068
99350969
99350942
99350753
99350720
99350582
99350510
99350447
99350180
99350117
99350021
99349979
99349970
99349778
99349754
99349745
99349592
99349469
99349442
99349310
99349217
99349139
99349058
99349034
99348683
99348674
99348659
99348623
99348593
99348479
99348071
99347930
99347843
99347711
99347378
99347348
99347201
99346961
99346748
99346538
99346412
99346385
99346241
99346130
99345941
99345782
99345689
99345512
99345446
99345230
99344795
99344786
99344696
