99563196
1847171
99449708
99492886
191920
99578163
99591153
1660302
99291192
1666697
99592284
99602364
99516709
99548277
99516422
99566217
99551358
1774126
99588750
663250
1890162
1837920
99517289
1745965
1872441
1844648
1740987
99560940
99523316
99507428
99486544
1792807
750677
99597531
99548193
99455771
1757568
99595395
99595341
99592626
99588726
99585492
99585489
99585483
99564432
99556767
99499868
99423019
1922243
1842098
1687782
750438
99600435
99595401
99592287
99579453
99576879
99512778
99507318
99507150
99439577
1906887
1903450
1668020
1442219
99602670
99602391
99602103
99601527
99600540
99597783
99596403
99595389
99593799
99593391
99592560
99591288
99589131
99580020
99578799
99576729
99575931
99575844
99555531
99504382
99503896
99494980
99426421
99403195
99402934
99402007
99401941
99401695
99401578
99401500
99401482
99401476
99401380
99401344
99401290
99400846
99400744
99400588
99400525
99400492
99400420
99400219
99400174
99400066
99399895
99399814
99399274
99399157
99398374
99398326
99398245
99398212
99397867
99397726
99397540
99397123
99396586
99395959
99395857
99395779
99395731
99395656
99395653
99395614
99395602
99395500
99395452
99395188
99395023
99394414
99394192
99394147
99394075
99394036
99393331
99393265
99393091
99392764
99391963
99391759
99391753
99391207
99391033
99390802
99390769
99390628
99390595
99390592
99390238
99390082
99390034
99389890
99389719
99389698
99389362
99388486
99388471
99388273
99388267
99387952
99387892
99387784
99387265
99387037
99386932
99386767
99386467
99386194
99386059
99385999
99385690
99385606
99385516
99385285
99385096
99385048
99384946
99384847
99384568
99384400
99384379
99384070
99384031
99383962
99383632
99383626
99383584
99383491
99383101
99382906
99382738
99382588
99382558
99382360
99382054
99381620
99381578
99381392
99381214
99380718
99380716
99380690
99380622
99380618
99380536
99380508
99380410
99380372
99380338
99380246
99380094
99380090
99380084
99379836
99379720
99379626
99379584
99379492
99378876
99378756
99378706
99378484
99378466
99378326
99378246
99378186
99378160
99378154
99378094
99377990
99377864
99377624
99377560
99377356
99377276
99376882
99376830
99376732
99376688
99376566
99376548
99376496
99376322
99376272
99376268
99376108
99375866
99375646
99375644
99375642
99375640
99375360
99375318
99375298
99375246
99375236
99375220
99375124
99375122
99375030
99374994
99374876
99374638
99374286
99374276
99374250
99374082
99374074
99374036
99373992
99373944
99373930
99373908
99373906
99373816
99373770
99373552
99373442
99373248
99373208
99372470
99372448
99372392
99372374
99372366
99372344
99372212
99372002
99371992
99371956
99371934
99371680
99371622
99371462
99371328
99371314
99371276
99371264
99371198
99371046
99371014
99370962
99370716
99370700
99370346
99370182
99370176
99370050
99369922
99369872
99369680
99369377
99369335
99369314
99369269
99369110
99368909
99368801
99368123
99368036
99367853
99367793
99367637
99367544
99367538
99367202
99367043
99367010
99366497
99366491
99366467
99366446
99366416
99366392
99366245
99365798
99365669
99365369
99364439
99363998
99363971
99363467
99363284
99363104
99362915
99362879
99362702
99362348
99362312
99362249
99362108
99361901
99361544
99361268
99361253
99361088
99361085
99361010
99360980
99360830
99360785
99360596
99360329
99360020
99359528
99359483
99359204
99359177
99359126
99359009
99358892
99358670
99358583
99358046
99358040
99357782
99357431
99357281
99357107
99356972
99356894
99356630
99356459
99356453
99356444
99356345
99356291
99356063
99355508
99355304
99355253
99354968
99354851
99354566
99354563
99354143
99354077
99354047
99353993
99353891
99353795
99353582
99353540
99353369
99353306
99353051
99352985
99352964
99352844
99352589
99352457
99351059
99350519
99350114
99350075
99349370
99349361
99349313
99349016
99348866
99347900
99347774
99347534
99347459
99347102
99346586
99345533
99345464
99344657
99344552
99343304
99342134
99341984
99341840
99341648
99341573
99340544
99340535
99340082
99339884
99339365
99339281
99338690
99337838
99337289
99336707
99336458
99336095
99335654
99335009
99334496
99333743
99333626
99333266
99332834
99332768
99331631
99331355
99330971
99330629
99329573
99329483
99328133
99328016
99327500
99327245
99327113
99325994
99325739
99325631
99325424
99325253
99324446
99323987
99323738
99323366
99323090
99321380
99321362
99320897
99320876
99320726
99320240
99320120
99319790
99319751
99319700
99319664
99319577
99319517
99319496
99319094
99319082
99318992
99318659
