1359525
99589686
99588414
99413413
99597732
99296049
99295290
99295128
99294477
99294219
99293880
99293136
99292983
99291885
99291705
99290756
99290069
99289691
99289010
99287207
99286859
99285449
99283151
99283148
99279800
99279797
99279236
99279233
99278969
99278966
99276779
99276776
99276725
99276722
99276602
99276599
99276344
99276341
99274229
99274061
99273110
99273002
99271307
99271061
99270671
99269874
99269871
99268791
99268692
99267687
99267594
99266604
99265608
99265374
99265161
99264909
99264876
99264828
99264543
99264108
99264102
99263175
99262920
99262110
99261636
99259141
99258949
99258403
99258118
99257116
99256417
99255664
99255574
99255037
99254251
99254047
99253915
99252655
99252541
99252268
99251554
99251521
99250747
99250672
99249976
99249529
99249376
99247582
99246964
99245695
99245689
99245509
99245104
99243916
99242932
99239281
99238708
99238435
99238252
99238093
99236608
99235942
99235651
99235453
99235450
99235054
99234982
99234073
99233713
99231994
99230905
99230260
99230092
99229573
99229441
99228868
99228700
99227698
99227503
99227359
99226312
99225667
99224863
99224071
99221506
99221329
99219899
99218556
99218508
99218337
99218328
99216784
99216068
99214987
99214955
99214325
99214247
99214109
99213281
99211487
99209810
99209735
99209579
1757656
788706
