99577446
99508554
99513050
1857480
99516314
99593667
99586857
99579174
99577122
99534414
99430675
99402910
99402760
99402757
99401497
99401314
99401002
99400996
99400849
99400432
99399433
99399430
99398890
99398683
99398020
99398017
99397303
99397072
99396520
99394774
99394030
99392482
99392305
99391927
99391060
99390904
99390415
99389458
99388831
99388240
99387109
99385864
99385855
99385714
99385042
99384481
99383884
99383608
99383176
99382684
99381961
99381802
99379752
99379316
99378746
99378576
99378518
99378016
99377040
99376964
99376960
99376674
99376248
99375432
99374258
99373946
99373604
99372932
99372816
99372610
99372108
99372066
99371994
99371978
99371582
99370876
99370874
99370288
99369900
99369407
99368294
99368114
99368063
99368015
99367889
99366794
99365759
99364304
99363446
99362717
99362519
99361430
99360992
99360902
99360455
99359696
99355571
99354665
99354104
99353291
99352259
99350540
99347786
99347303
99344747
99344009
99342653
99342266
99341231
99340706
99340055
99338783
99337700
99337676
99336773
99335348
99330755
99328514
99328490
99328331
99328196
99327491
99327482
99327359
99327128
99326855
99324563
99323330
99323084
99322736
99321746
99321494
99321470
99321173
99320921
99320573
99319520
99319466
99318944
99318011
99317969
99317693
99317681
99317573
99316604
99316541
99316535
99316445
99316022
99316010
99315725
99315503
99314828
99314731
99314506
99313570
99313042
99312616
99311815
99310927
99310452
99310449
99310122
99309897
99309312
99307095
99306753
99306606
99305919
99304488
99303942
99303762
99303690
99302136
99301812
99300342
99300321
99299367
99299364
99297654
99297228
99297123
99296412
99290345
99289010
99273110
99241087
99235453
99213281
1571299
