1680131
99468824
99547923
1464887
99519185
99602574
99402457
99402256
99400408
99395131
99393229
99392611
99391897
99386809
99386554
99385741
99383539
99382495
99380862
99380610
99380428
99378140
99377194
99375794
99370558
99370466
99370202
99358967
99358181
99357659
99356783
99356768
99354764
99354578
99353171
99348047
99347003
99342368
99337517
99336890
99325670
99320111
99317285
99316133
99315809
99315782
99315500
99314350
99313771
99312274
99311965
99310759
99309048
99308622
99306291
99304875
99303435
99303165
99300882
99299616
99299064
99296481
99294555
99294471
99292203
99291657
99291141
99281639
99281636
99281627
99281624
99277526
99277523
99274184
99273017
99272798
99271442
99269859
99268881
99267162
99265203
99264681
99264330
99262749
99261273
99261139
99261031
99254983
99254545
99252292
99247903
99243418
99240541
99238000
99237754
99234076
99232426
99228826
99228322
99225862
99223012
99218163
99218136
99217235
99216468
99215615
99215599
99214025
99213596
