99525423
1670425
1841294
1751351
99520943
1665141
1841183
99596544
99480413
99535062
99480122
99478418
1817132
1743308
1531008
99600246
99593640
99572619
99568779
99556920
99552738
99295935
99295899
99295881
99295617
99294852
99294540
99292545
99292434
99292089
99292020
99291753
99291462
99291099
99290639
99290306
99289769
99289727
99289502
99289346
99289319
99288989
99288911
99288854
99288701
99288626
99288503
99288407
99288293
99288101
99288050
99287942
99287819
99287630
99287516
99287339
99287336
99287135
99287129
99286991
99286958
99286790
99286781
99286679
99286550
99286181
99285620
99285467
99285443
99285077
99284987
99284852
99284747
99284639
99284636
99284549
99284546
99284540
99283721
99283718
99283343
99283340
99283169
99283166
99282815
99282812
99282731
99282728
99282689
99282686
99282059
99282056
99281879
99281876
99281807
99281804
99281417
99281414
99281159
99280532
99280529
99279758
99279755
99279254
99279251
99277349
99277346
99276959
99276956
99276815
99276812
99276701
99276698
99276590
99276587
99276536
99276533
99276476
99276473
99276212
99276209
99275822
99275819
99275690
99275687
99275546
99275543
99275396
99275393
99275150
99275147
99275120
99275117
99274898
99274895
99274475
99273596
99273521
99273476
99272999
99272795
99272603
99272126
99272090
99271862
99271850
99271658
99270998
99270950
99270602
99270330
99270018
99269799
99268734
99268620
99268101
99267465
99267234
99265572
99265533
99265422
99265197
99264960
99264759
99264720
99264645
99264219
99264075
99264006
99263952
99263892
99263832
99263718
99262968
99262767
99261981
99261702
99261567
99261492
99261384
99261150
99260887
99260821
99260758
99260641
99260599
99260335
99260059
99260014
99259864
99259801
99259786
99259528
99259513
99259483
99259249
99258406
99258154
99258082
99257353
99257041
99256981
99255988
99255922
99255784
99255694
99255517
99255202
99255187
99255112
99254902
99254662
99254506
99254323
99254053
99253705
99253666
99253621
99253345
99253030
99252961
99252928
99252682
99252124
99252118
99251644
99251587
99250903
99250891
99250717
99250639
99250510
99248971
99248530
99247390
99247303
99246754
99246586
99246250
99245764
99245722
99244729
99244072
99244015
99242647
99242632
99241450
99240865
99240556
99240472
99240463
99240211
99240154
99239959
99239863
99239338
99239245
99239188
99239080
99239050
99238885
99238753
99238645
99238048
99237997
99237826
99237745
99237169
99237019
99236971
99236755
99236662
99236080
99235891
99235294
99234943
99234424
99234304
99233611
99232621
99232570
99232540
99232369
99231925
99231868
99231811
99231172
99230956
99230386
99230008
99229879
99229744
99229687
99229063
99228523
99228409
99227011
99226663
99226582
99226555
99226021
99225136
99225085
99224833
99224629
99224488
99224266
99224029
99224005
99223945
99223735
99222823
99222751
99222310
99222124
99222100
99222052
99221797
99221581
99221536
99221185
99220873
99220534
99220453
99220219
99219669
99219239
99218900
99218891
99218873
99218409
99218361
99218100
99218046
99217926
99217887
99217863
99217788
99217620
99217590
99217569
99217166
99217024
99215900
99215892
99215691
99215467
99214874
99214613
99214358
99214193
99213500
99213227
99213047
99212057
99212054
99212039
99211724
99211511
99211229
99210782
99210389
99210185
99209501
