99564234
99507026
99557187
99559512
99552585
99601281
99545535
99512076
99402235
99401956
99401302
99401200
99400300
99399694
99399592
99397378
99396838
99396790
99396727
99395176
99390868
99390202
99387271
99383800
99383119
99382969
99380850
99380468
99380374
99380248
99379974
99379958
99378792
99378560
99377116
99376170
99375584
99374900
99374898
99374656
99371842
99370094
99369395
99367376
99367124
99367121
99365093
99363623
99363143
99363041
99362156
99358616
99354530
99354515
99349265
99349259
99346013
99345857
99343355
99340703
99339644
99338894
99337850
99337673
99336776
99335576
99334619
99331304
99329504
99328235
99325769
99320969
99320900
99317180
99315269
99315152
99314867
99313702
99312679
99312502
99310233
99306396
99304650
99303213
99302727
99290468
99289781
99286763
99286706
99285470
99283901
99283898
99280238
99276506
99276503
99273668
99266655
99266514
99265896
99264084
99262242
99262062
99261666
99261663
99259684
99256744
99252571
99252424
99250615
99242524
99240676
99237220
99236620
99232102
99227674
99223303
99217974
99216896
99213197
99212744
99211880
99210167
1808115
