99601905
99597645
99602907
99597381
99584403
99403270
99402853
99401680
99399583
99398947
99398875
99396649
99396349
99394762
99393439
99393247
99393238
99392698
99392251
99392128
99392125
99390559
99390556
99390502
99389236
99388915
99388855
99388672
99387373
99384100
99383206
99382993
99382756
99382618
99382120
99382102
99381710
99380840
99380564
99380234
99380218
99378584
99377244
99375960
99375680
99375568
99375234
99374826
99373928
99373650
99373408
99372824
99370756
99370338
99368186
99365990
99365348
99365267
99363542
99360269
99359936
99357197
99351794
99349685
99337964
99336704
99333470
99331376
99331373
99321662
99318818
99317060
99315245
99314428
99313648
99313168
99312994
99312355
99308724
99305781
99305661
99303219
99299256
99299121
99297921
99297285
99296484
99294204
99294201
99292989
99292296
99291570
99288377
99286373
99285533
99285392
99282641
99282638
99282575
99282572
99281213
99281210
99278156
99278153
99273698
99273614
99268371
99268368
99266496
99265278
99265113
99259918
99257965
99252211
99251560
99250243
99249358
99246787
99246073
99243814
99242344
99241087
99239989
99239515
99238039
99236710
99235336
99235267
99231412
99228193
99227482
99225754
99219690
99216748
99214889
99214580
99211070
99210341
