99559272
99596823
99512942
99593037
99516283
99527220
99560463
1846053
1856073
99599229
1527864
99567213
99597522
99549315
99579657
99570963
99523655
1603557
99527754
99585603
1400769
99584001
99488186
99596766
99588006
99577263
99566193
99515602
99515498
99248383
99589983
99586428
99579243
99546603
99519890
99483324
99602514
99597825
99594909
99586671
99579246
99527757
99519884
99510898
1813377
99602358
99600855
99597603
99597378
99595857
99594888
99592617
99591504
99430879
99428821
99428749
99402991
99402823
99402820
99402724
99402607
99402577
99402547
99402484
99402403
99402364
99401965
99401875
99401791
99401725
99401665
99401425
99401371
99400726
99400648
99400528
99400429
99400141
99400120
99399952
99399913
99399385
99399337
99399154
99399142
99399139
99399124
99399088
99399031
99399022
99398995
99398983
99398974
99398926
99398902
99398887
99398554
99398467
99398440
99398410
99398401
99398389
99398254
99398167
99397774
99397519
99397345
99397051
99397045
99397003
99396997
99396994
99396988
99396973
99396781
99396598
99396406
99396271
99396253
99396205
99396196
99396178
99396064
99396061
99396055
99395668
99395665
99395530
99395266
99395218
99395215
99395098
99395071
99394663
99394540
99393781
99393583
99393112
99393106
99392950
99392728
99392674
99392647
99392596
99392386
99392380
99392263
99392104
99391900
99391717
99391555
99391474
99391405
99390973
99390226
99390214
99390178
99390094
99389941
99389932
99389929
99389614
99389563
99389530
99389485
99388729
99388264
99388129
99388018
99387970
99387907
99387607
99387394
99387133
99387091
99386968
99386797
99386743
99386545
99386416
99386263
99386122
99386044
99386020
99385996
99385444
99384961
99384772
99384769
99384724
99384550
99384463
99384082
99383968
99383206
99383182
99383161
99382951
99382855
99382072
99381740
99381732
99381436
99381386
99381266
99380954
99380944
99380856
99380810
99380682
99380514
99380244
99380242
99380048
99379840
99379730
99379718
99379696
99379650
99379348
99379246
99379172
99379158
99379116
99379112
99379064
99379018
99378926
99378728
99378632
99378580
99378550
99378396
99378376
99378372
99378350
99378278
99378228
99378206
99377942
99377934
99377662
99377454
99377298
99377146
99376940
99376730
99376392
99376066
99376060
99375988
99375888
99375808
99375774
99375722
99375716
99375710
99375572
99375446
99375226
99375208
99375104
99375044
99374966
99374736
99374730
99374706
99374700
99374672
99374632
99374472
99374458
99374450
99374398
99374284
99374048
99374028
99374016
99373956
99373934
99373882
99373736
99373618
99373468
99373426
99373270
99373186
99372860
99372700
99372630
99372560
99372416
99372118
99372048
99372018
99371856
99371808
99371744
99371658
99371500
99371466
99371344
99371342
99371334
99371010
99370950
99370920
99370764
99370652
99370528
99370290
99370042
99370040
99369884
99369808
99369708
99369568
99369550
99369428
99369341
99369203
99369152
99368771
99368531
99368099
99368009
99367928
99367697
99367508
99367493
99367472
99367442
99367241
99367196
99367166
99367034
99366980
99366872
99366686
99366683
99366464
99366221
99365420
99365387
99365132
99365099
99364877
99364160
99364055
99364049
99364004
99363596
99362777
99362633
99362339
99362330
99362084
99362009
99361850
99361652
99361202
99360368
99360176
99360047
99359972
99359588
99359474
99358640
99358205
99357746
99356924
99356738
99355772
99355562
99355271
99355145
99354983
99354962
99354803
99354743
99354722
99353519
99353255
99353153
99353111
99352748
99352709
99352691
99352223
99352199
99352166
99352154
99352142
99351992
99351317
99351122
99351071
99351008
99350903
99350861
99350819
99350657
99350414
99350318
99350189
99350138
99350135
99350006
99349913
99349766
99349157
99348896
99348851
99348749
99348554
99348437
99348068
99347183
99346982
99346733
99346334
99345971
99345824
99345812
99345680
99345668
99345419
99345377
99345332
99345158
99345014
99343889
99343769
99343280
99342455
99342323
99342320
99342059
99341894
99341618
99341444
99341420
99340361
99340241
99340043
99340034
99339644
99339494
99339476
99339173
99338966
99338936
99338390
99338078
99338048
99337424
99337082
99337052
99336995
99336578
99336497
99336233
99336092
99336041
99335789
99335738
99334862
99334829
99334637
99334454
99334409
99334406
99334397
99334121
99334100
99333887
99333428
99333407
99333074
99333029
99332921
99332861
99332843
99332729
99332699
99332468
99332378
99332156
99331979
99331952
99331877
99331217
99330674
99330467
99330395
99330290
99330167
99329948
99329594
99329204
