99500346
99559782
99560505
99588252
1375545
99570039
1659585
99423007
99597888
99537342
99434470
1513488
536028
1758419
99598179
99541944
99532626
1323717
99568530
99600630
99597279
99592395
99520316
99515574
99514830
99180312
1572900
99565167
99517703
99515606
99423595
99402649
99402190
99402184
99401335
99400774
99400735
99400483
99400411
99400111
99399667
99396910
99395446
99395383
99395287
99394531
99393754
99392509
99392374
99391510
99390814
99390634
99390175
99389314
99389221
99387820
99385270
99383950
99382996
99382708
99380602
99380500
99380496
99378840
99378102
99378012
99376634
99375484
99374576
99374240
99374008
99373494
99373488
99373220
99373180
99372668
99372504
99372412
99369760
99369299
99368210
99367181
99366197
99365747
99362552
99362534
99361859
99361424
99361052
99360950
99360782
99359768
99358379
99357434
99357278
99357227
99356819
99356792
99355859
99355166
99354938
99354701
99354662
99354593
99353807
99349865
99349520
99345212
99344063
99338363
99337301
99320162
99319580
99319166
99318884
99317378
99317354
99315257
99314876
99313834
99310125
99309795
99309693
99308952
99308406
99307938
99307590
99307425
99306204
99305481
99304602
99301935
99301836
99301830
99301485
99301053
99300051
99299508
99298884
99297987
99297690
99297135
99297078
99296781
99296232
99295767
99292341
99290648
99290564
99288737
99287669
99286529
99285650
99285647
99285065
99283907
99283904
99282119
99282116
99281867
99281864
99280982
99280979
99279770
99279767
99274634
99274499
99273680
99272234
99271166
99270944
99269313
99269157
99268386
99268200
99268071
99267783
99267255
99266484
99266481
99266436
99266013
99265041
99263886
99263436
99263292
99263166
99262032
99260446
99258754
99258319
99258289
99258205
99257380
99256957
99255079
99255058
99254602
99251884
99249337
99249214
99248917
99248752
99246763
99246745
99246511
99245938
99244471
99242206
99241921
99240022
99238945
99238594
99238303
99237121
99236038
99235636
99235231
99234208
99234160
99232903
99232723
99232666
99232423
99232402
99231850
99230422
99229486
99228733
99226747
99224788
99223336
99222259
99222133
99221914
99221911
99221908
99221713
99221248
99219338
99217484
99216244
99215944
99215499
99213659
99212909
99212726
99212498
99212495
99211985
99211982
99211913
99210149
99210011
1755402
1603402
1192358
