99599214
99448643
99599220
99599211
99449084
99592554
99599733
99519893
99597615
99582927
99402502
99401383
99398923
99398386
99396922
99389965
99388105
99385819
99384775
99383740
99378266
99378210
99377492
99376516
99375618
99375454
99375370
99375348
99374216
99372766
99372170
99371694
99369086
99368450
99368198
99367016
99366203
99365423
99364547
99364460
99363377
99360854
99359540
99356222
99356081
99350675
99350633
99348227
99345560
99343559
99343070
99341972
99340712
99340220
99334919
99333911
99332126
99330452
99328010
99325226
99321539
99319235
99315287
99314837
99311926
99309729
99307788
99307362
99307128
99295962
99294834
99294459
99294351
99292182
99287918
99286514
99274535
99271217
99267261
99267024
99264513
99261852
99260080
99260056
99259318
99257395
99247684
99247105
99239779
99231115
99230560
99229588
99229510
99229114
99224620
99222745
99221881
99221314
99219857
99219609
99218172
99217584
99215663
99215443
99210641
99210638
