99564726
99498428
99499186
1605662
99516201
99539244
99593721
99542304
1701849
1384767
99557703
99573093
99546057
99527268
299789
99587685
1762620
99573441
175150
99602661
99602313
99600753
99600507
99572964
99550965
99549945
99403021
99402673
99402430
99402115
99401743
99401023
99400168
99399997
99399982
99399868
99399766
99399616
99399220
99398800
99398584
99397453
99397306
99396892
99396640
99396418
99395770
99395722
99395689
99395230
99394702
99394546
99394345
99393859
99393235
99393187
99393148
99392656
99391957
99391678
99391585
99391042
99391012
99390145
99389944
99389617
99389608
99388573
99388384
99387556
99387082
99386662
99386203
99384796
99384397
99384166
99384127
99384115
99383779
99383290
99382879
99381973
99381564
99381188
99381162
99381086
99380996
99380828
99380344
99380342
99380072
99380060
99379928
99379708
99379698
99379408
99379280
99379278
99379136
99378886
99378488
99378298
99378262
99378070
99377994
99377766
99376866
99376592
99376348
99376314
99376142
99375968
99375882
99375872
99375720
99375270
99375256
99374254
99374228
99373042
99373020
99372876
99372786
99372550
99372302
99371692
99371584
99371552
99370974
99370890
99370412
99369936
99369802
99369700
99369630
99368435
99368222
99368000
99367991
99367340
99366926
99366455
99365543
99365303
99363497
99363413
99362933
99362894
99362474
99361337
99360695
99360503
99360113
99360089
99360005
99360002
99359831
99359678
99359534
99357953
99357035
99355484
99355343
99355178
99354488
99354413
99354305
99354254
99353972
99353948
99353909
99353351
99353147
99352862
99352445
99352328
99351575
99348968
99346877
99346523
99345794
99345572
99345113
99344126
99343454
99342749
99342140
99341867
99341357
99341096
99339890
99338972
99338396
99338357
99338264
99336752
99336749
99336236
99335378
99333923
99333695
99333296
99332282
99331490
99329642
99329078
99328538
99327632
99326189
99325835
99324911
99324542
99321410
99321224
99319994
99318896
99317822
99317633
99317342
99317288
99317150
99317117
99316532
99316484
99316361
99315695
99315341
99313774
99313624
99313612
99313594
99313003
99312100
99312088
99311746
99311602
99311485
99311395
99311365
99310876
99310707
99309954
99309804
99309309
99307950
99306570
99306012
99304995
99304683
99303831
99302967
99302517
99302514
99302433
99302352
99300204
99300087
99299886
99299181
99299040
99298800
99298776
99298440
99298431
99298194
99297366
99297330
99296787
99296313
99296109
99294807
99294723
99294132
99293895
99293871
99293808
99293043
99292530
99292116
99291432
99291300
99290657
99289940
99288998
99288803
99288614
99287558
99287507
99287414
99287375
99286982
99286772
99286508
99285356
99283835
99283832
99283499
99283496
99282677
99282674
99282005
99282002
99281693
99281690
99281315
99281312
99281084
99281081
99280592
99280589
99280187
99280184
99279572
99279569
99277037
99277034
99276905
99276902
99276182
99276179
99275816
99275813
99275720
99275717
99274622
99274313
99273215
99273119
99272879
99272129
99271469
99270342
99270294
99270057
99269529
99269415
99269355
99268983
99268842
99267648
99266691
99265905
99265779
99265467
99265353
99264669
99263721
99263217
99262926
99262509
99262287
99261052
99260878
99260314
99258757
99258676
99258484
99258175
99257668
99257476
99256633
99256630
99256249
99256246
99255799
99254875
99253759
99253123
99252985
99252793
99251707
99251515
99251512
99251272
99250777
99248755
99248536
99247636
99247168
99246742
99246544
99246148
99246145
99246052
99245716
99244723
99244501
99243886
99243763
99243286
99243076
99242983
99242851
99241795
99240799
99240628
99240265
99240262
99240064
99240040
99238813
99238384
99238129
99238024
99237055
99236413
99235594
99235474
99235198
99234736
99234733
99234259
99233083
99233023
99232576
99232552
99231898
99231676
99231265
99230134
99229375
99228892
99228391
99228373
99226774
99226492
99226471
99226435
99226255
99226036
99225742
99225478
99224215
99222415
99222340
99221341
99220519
99220297
99219699
99218867
99218837
99218675
99218241
99217878
99217036
99215976
99215519
99215411
99215155
99214784
99214757
99213914
99212804
99212429
99212186
99212006
99211475
99211142
99210080
99209471
