1168860
1894472
1595902
1823426
99491632
99530589
99516218
1249558
99513966
1925007
1422989
99514962
752414
99557589
1561179
176958
99402865
99402808
99402679
99401749
99401233
99401224
99400969
99400765
99399622
99399538
99399055
99398581
99398083
99397933
99397177
99397087
99396844
99396691
99395296
99394909
99393937
99393910
99393040
99392401
99392119
99391744
99391642
99391273
99389857
99389488
99389185
99388876
99388777
99388771
99387244
99387181
99385195
99384700
99382519
99382516
99382414
99382228
99382087
99382003
99380482
99379936
99379918
99379484
99378162
99377968
99377726
99377488
99376458
99375998
99375704
99375492
99374392
99374110
99373748
99373738
99373696
99373632
99373338
99373200
99372798
99372604
99372596
99371976
99371950
99371560
99370986
99370206
99369870
99369854
99369818
99369606
99369344
99368870
99367646
99367625
99367505
99366761
99366551
99366266
99366080
99366035
99365672
99365456
99365243
99364697
99364625
99363641
99363038
99363035
99362246
99360254
99360221
99359954
99359879
99359342
99359186
99358394
99357779
99357185
99357002
99356522
99355865
99355769
99354920
99354851
99353996
99353900
99353027
99352175
99337100
99334850
99333947
99333200
99328430
99326813
99325355
99325031
99323717
99320936
99320918
99320693
99319748
99319451
99319355
99318086
99317945
99317861
99316814
99315533
99315416
99315077
99314539
99313864
99312850
99312034
99311722
99309855
99309615
99309300
99309096
99308691
99308214
99307914
99306099
99305817
99305772
99305577
99305097
99304809
99304341
99303945
99303324
99302751
99302370
99302292
99300456
99300216
99299886
99298599
99297549
99297327
99297111
99295764
99294774
99294420
99293757
99293175
99290345
99290282
99290159
99289880
99289253
99287720
99286853
99286640
99286451
99286064
99285575
99283781
99283778
99283415
99283412
99283349
99283346
99283319
99283316
99280880
99280877
99280091
99280088
99279284
99279281
99279125
99279122
99279053
99279050
99278570
99278567
99278090
99278087
99275990
99275987
99275000
99274997
99274379
99274163
99272375
99271268
99269754
99269271
99268902
99268737
99268095
99267927
99265908
99265866
99265566
99264816
99263523
99262701
99261906
99261756
99261690
99261357
99260917
99260710
99260044
99259615
99259144
99258928
99258340
99258088
99257974
99257926
99257866
99256306
99255421
99255208
99253975
99253540
99253105
99251959
99251899
99250075
99249901
99249691
99249598
99249448
99248740
99247531
99247513
99247240
99247186
99246970
99246415
99246406
99246088
99245386
99244792
99244627
99244594
99244462
99241870
99241585
99241171
99241165
99240910
99240694
99240538
99240058
99239581
99239308
99238633
99236362
99236011
99235954
99235951
99235927
99234097
99233683
99233572
99233296
99232762
99231823
99231619
99230392
99229720
99229564
99229156
99228265
99227809
99227476
99227299
99227071
99226702
99225856
99225676
99225343
99225247
99225187
99224239
99224236
99223261
99222481
99222247
99221839
99221086
99220375
99220252
99220117
99219908
99218972
99218520
99218184
99217953
99217517
99217391
99217313
99216716
99216196
99216100
99215852
99215812
99215800
99215796
99215760
99214673
99213977
99213974
99213383
99212750
99212645
99209711
