1770054
99487008
1830020
1340876
1708708
1638529
1526645
99584562
99574506
1325144
1577638
1877263
1862490
99581730
1914262
99447323
1284551
99556716
1757913
1519975
1506164
1429146
99569421
99552774
99403273
99403030
99402565
99402058
99401845
99401719
99401401
99400912
99400852
99400849
99400621
99400195
99400102
99399634
99399631
99399628
99399598
99399247
99398884
99398839
99398560
99398137
99398035
99397972
99397645
99397417
99396895
99396679
99396676
99396619
99396457
99396109
99396034
99395824
99395509
99395416
99395062
99394798
99394750
99394459
99394372
99394282
99393742
99393352
99393304
99393295
99393169
99393037
99392968
99392830
99392767
99392182
99391990
99391804
99391381
99390859
99390784
99390463
99390127
99390067
99389977
99389689
99389656
99389587
99389569
99388810
99388663
99388393
99387880
99387853
99387802
99387604
99387484
99387388
99387379
99386971
99386653
99386446
99386296
99385543
99385531
99385495
99385060
99384919
99384268
99383725
99383329
99382939
99382771
99382540
99382507
99382189
99381916
99381862
99381702
99381674
99381624
99381570
99381540
99381428
99381210
99380386
99380306
99378780
99378548
99378468
99377946
99377920
99377474
99377182
99377126
99376508
99376106
99375620
99375616
99375606
99375602
99375592
99375590
99375588
99375586
99375418
99375090
99374812
99374696
99374564
99373872
99372790
99372326
99372122
99371632
99371306
99370620
99370616
99370544
99370542
99370514
99370494
99370444
99370442
99369980
99369952
99369662
99369221
99368429
99368312
99368036
99367901
99367367
99367364
99366911
99365957
99365807
99365327
99363830
99362987
99362933
99362903
99362627
99362453
99362090
99360101
99359687
99359321
99358730
99358367
99358064
99357689
99357371
99356210
99355319
99355055
99354242
99353426
99351848
99350756
99350141
99349589
99349073
99349037
99348791
99348599
99348518
99347057
99346715
99345998
99345980
99345557
99345554
99345416
99343409
99342830
99342308
99341816
99341300
99341219
99339914
99337244
99337163
99336461
99334115
99333236
99331538
99330878
99330830
99329996
99329870
99328892
99328820
99328040
99328028
99327659
99326273
99325334
99325280
99244180
99214040
99213935
99213593
99212270
99211955
99211931
1910289
1869866
1781376
1706820
1555604
1492716
1482007
1427443
