99540882
99555213
99424570
1802007
1375434
99598350
99600459
99500220
99402856
99402652
99401623
99401155
99401068
99400003
99399208
99398644
99397264
99397234
99396148
99395422
99395389
99395200
99395029
99394696
99394639
99394384
99394093
99394084
99392932
99392875
99391921
99391309
99390694
99389692
99388981
99387349
99387130
99387046
99384916
99384055
99382546
99382453
99381847
99381066
99380286
99380014
99379820
99379404
99378896
99377248
99377178
99376206
99375944
99375660
99375488
99375118
99374786
99374596
99374512
99374032
99373714
99373628
99373386
99372938
99372306
99371336
99370056
99369820
99369472
99367406
99366377
99365741
99365462
99365300
99365210
99364583
99364535
99364061
99362174
99362105
99361601
99360797
99358304
99357983
99357764
99354737
99354119
99353864
99353843
99353120
99353009
99352898
99352895
99351398
99351341
99350705
99349319
99348596
99348119
99346328
99346232
99346049
99344522
99343319
99343067
99341555
99341399
99340703
99340217
99339779
99339587
99339395
99338612
99336782
99336689
99336251
99335651
99335633
99335549
99334778
99333152
99329618
99329231
99326927
99326552
99325508
99325232
99324086
99323483
99322742
99321350
99321347
99320606
99320099
99320081
99319118
99318623
99318458
99318350
99318020
99317555
99317234
99316838
99316157
99315056
99311695
99310113
99310050
99309834
99309552
99309516
99308721
99307155
99306867
99306132
99304842
99304593
99303705
99303039
99302220
99301740
99301509
99300453
99300123
99299007
99298101
99296694
99296658
99296301
99295761
99295461
99286700
99285989
99283916
99277688
99277685
99274394
99273395
99273251
99271973
99270623
99266622
99265368
99262656
99261933
99261315
99261177
99261106
99259933
99259369
99258799
99258751
99258463
99258400
99257947
99257905
99257431
99257251
99256804
99256729
99256726
99256711
99256240
99256165
99255964
99255841
99255748
99255442
99255319
99255265
99255076
99254920
99254899
99254680
99254443
99254404
99254350
99253897
99253273
99252988
99252679
99252412
99251920
99251905
99251875
99251848
99251611
99251608
99251119
99250813
99250627
99250606
99250513
99250396
99250228
99250198
99249997
99249649
99249184
99249061
99248533
99248245
99247624
99247549
99247420
99247234
99247078
99246805
99246766
99246748
99246613
99246265
99246013
99245914
99245860
99245818
99245746
99245638
99245239
99245086
99244858
99244837
99244708
99244474
99244453
99244441
99244339
99244279
99244237
99244102
99244009
99243661
99243436
99243412
99243220
99243073
99243007
99243004
99242962
99242959
99242821
99242815
99242518
99242377
99242131
99242095
99241987
99241597
99241351
99240331
99239833
99239410
99238921
99238447
99238438
99238414
99238105
99237946
99237712
99237673
99237586
99237166
99237061
99236812
99236554
99236461
99236179
99235402
99234745
99234718
99234487
99234103
99234013
99233452
99233236
99232972
99232930
99232750
99232594
99232300
99231286
99230866
99230653
99230443
99230221
99230026
99229984
99229900
99229876
99229756
99229636
99229483
99229270
99229039
99229006
99228886
99228643
99228535
99228412
99228364
99228148
99227968
99227857
99227467
99227398
99227026
99226570
99226558
99226378
99226351
99226291
99225868
99225841
99225427
99225370
99225145
99225115
99224977
99224956
99224917
99224854
99224770
99224767
99224314
99224308
99224305
99223900
99223789
99223522
99223504
99223372
99223327
99223117
99222814
99222535
99222292
99221902
99221695
99221191
99221080
99220648
99220630
99220609
99220570
99220363
99220348
99220240
99220222
99220171
99220081
99219657
99219639
99219489
99219449
99219443
99219218
99219101
99218960
99218855
99218741
99218723
99217944
99217842
99217764
99217731
99217256
99216932
99216272
99216220
99215952
99215948
99215880
99215675
99215543
99215179
99215047
99215035
99214799
99214694
99214463
99214409
99214310
99214295
99214274
99214148
99213752
99213665
99213464
99213398
99213395
99213113
99213110
99213077
99213026
99212894
99212834
99212528
99212216
99212108
99212045
99211862
99211676
99211604
99211430
99211382
99211283
99211253
99211244
99211193
99211145
99211088
99211031
99210671
99210635
99210632
99210605
99210593
99210590
99210497
99210305
99210260
99210077
99210059
99210005
99209927
99209699
99209696
