1852142
99561030
1791341
930645
99560523
99528222
99588333
99432574
99594165
99573459
1782029
1387653
99587679
99577359
99566238
99529344
99480488
99598965
99586983
99561816
99557148
99487232
99480407
99480026
1723355
1642980
99593097
99589365
99588162
99574431
99571824
99562449
99539454
99506134
99480494
99480284
99480077
99437629
99429385
99428533
99403123
99402913
99402877
99402793
99402658
99402088
99401566
99401530
99401254
99399961
99399889
99399523
99398635
99398632
99398620
99398323
99398191
99397507
99397387
99397291
99397147
99396958
99396898
99396865
99396211
99395905
99395881
99395878
99395596
99395533
99395494
99395437
99395308
99395197
99395026
99394156
99394102
99394003
99393739
99391195
99390964
99390547
99390235
99389095
99388630
99388480
99388333
99387559
99387280
99387052
99387004
99386632
99386131
99385456
99385453
99385024
99384802
99384628
99383737
99383458
99383410
99382714
99382603
99382564
99382528
99381708
99381548
99381410
99380332
99380258
99380108
99379758
99379690
99379530
99379438
99379332
99379302
99379300
99379082
99378932
99378930
99378762
99378536
99378436
99378314
99377978
99377894
99377656
99377654
99377644
99377200
99376570
99375346
99375112
99375070
99374578
99374530
99374372
99374300
99373690
99373626
99373436
99372988
99372484
99372320
99372284
99372280
99372060
99371854
99371534
99371482
99371446
99371294
99371150
99370996
99370826
99370184
99369892
99369824
99368789
99368678
99368093
99367979
99367955
99367706
99367391
99367334
99367298
99366581
99366554
99366428
99365915
99365849
99365087
99364619
99364574
99364478
99364298
99364283
99364130
99364091
99363611
99362264
99362126
99361541
99361481
99361397
99361394
99361349
99361262
99361034
99360722
99360563
99360428
99360419
99360299
99360245
99359660
99359522
99359399
99359159
99358835
99358808
99358613
99358562
99358559
99357521
99356933
99356567
99356057
99355691
99355526
99355439
99355400
99354716
99353789
99353447
99353444
99353408
99353267
99352865
99348908
99347204
99344975
99344408
99344405
99342914
99340736
99339638
99338027
99336731
99336425
99333794
99330314
99325169
99323888
99323876
99322004
99321371
99321158
99320972
99320645
99320642
99320450
99319490
99319484
99318494
99317759
99317702
99317567
99317363
99316853
99316802
99316637
99316460
99316352
99316088
99316073
99315764
99315677
99315485
99315482
99315212
99314948
99314773
99314497
99313642
99313312
99313135
99313069
99312433
99312184
99312130
99312055
99312010
99311929
99311599
99311056
99310548
99310422
99309957
99309738
99309636
99309285
99309069
99308442
99308373
99307710
99307272
99307206
99307041
99306669
99306654
99306651
99306558
99306162
99305682
99305490
99305379
99305343
99305175
99305028
99304401
99304296
99304275
99304197
99303744
99303459
99303447
99303387
99303330
99303096
99302766
99302640
99302253
99301119
99300606
99300423
99298674
99297663
99297558
99297120
99296421
99296172
99295839
99295335
99295200
99295182
99294849
99294819
99294771
99294636
99294633
99294369
99293964
99293784
99293604
99293265
99292719
99292323
99292236
99292173
99292170
99291309
99291057
99290543
99290189
99289952
99289391
99288560
99288443
99287357
99286928
99286754
99286751
99286424
99285671
99285182
99285179
99284786
99284153
99284150
99284018
99284015
99283769
99283766
99283475
99283472
99282857
99282854
99282089
99282086
99282035
99282032
99281777
99281774
99281483
99281480
99281126
99281123
99280850
99280847
99280556
99280553
99277676
99277673
99276881
99276878
99276875
99276872
99275924
99275921
99275846
99275843
99275447
99275444
99274532
99274220
99274124
99274091
99273875
99273677
99273599
99272930
99272813
99272123
99272096
99272036
99272027
99272024
99271928
99271751
99271223
99271085
99270929
99270567
99270267
99270114
99269697
99269694
99269688
99268467
99268305
99268209
99267786
99267423
99266433
99266196
99265953
99265668
99264648
99264504
99264360
99263859
99263535
99263088
99262650
99262278
99261804
99261369
99260713
99260644
99260506
99260278
99260257
99260242
99260230
99260161
99260008
99259870
99259744
99259102
99258985
99258577
99257830
99257137
99256723
99256618
99256276
99256228
99256099
99255610
99255292
99254860
99254482
99254023
99253510
99252748
99252130
99251725
99251467
99251464
99250930
99250216
99250159
99250132
99250126
99250069
99250048
99250018
99249844
99249841
99249286
99248848
99248722
99248470
99248374
99247627
99247099
99246607
99246262
99245896
99245611
99245167
99245083
99244909
99244660
99244495
99244381
99243910
