99564243
99566958
99579669
99545298
99569664
99600402
99596550
99491216
99599232
1776435
99558039
99552921
1482939
99537183
99554619
99549381
99597450
99562131
99491218
99423187
99402976
99402331
99400042
99399892
99399862
99399805
99399775
99399625
99399472
99399175
99399172
99399148
99399106
99399100
99399007
99399004
99398371
99398362
99398338
99397150
99396754
99396367
99396265
99396184
99396124
99395803
99395563
99395560
99395479
99395392
99395260
99394834
99394225
99394189
99394078
99393646
99393502
99393292
99392983
99392887
99392707
99392695
99392239
99391093
99391036
99389794
99389599
99389089
99388942
99388420
99388414
99388357
99388324
99388318
99388312
99387676
99386032
99385447
99384784
99384478
99384352
99384133
99383830
99383755
99383395
99382894
99382846
99382342
99381928
99381922
99381652
99381506
99381462
99381414
99381388
99381246
99380702
99380624
99380556
99380470
99380190
99380180
99379678
99379672
99379632
99379442
99379350
99379200
99379118
99378954
99378934
99378868
99378718
99378540
99378386
99378224
99377908
99377722
99377628
99377452
99377306
99377098
99376954
99376936
99376628
99376472
99376186
99376114
99375990
99375834
99375156
99375106
99374844
99374622
99374114
99373920
99373792
99373760
99373614
99373094
99372702
99372530
99372206
99372164
99371906
99371812
99371566
99371332
99371076
99371038
99370598
99369954
99369766
99369566
99368810
99368408
99368336
99367943
99367700
99367631
99367520
99367271
99366779
99366191
99366005
99365195
99365033
99364286
99364175
99363116
99362882
99362522
99362498
99362273
99361316
99360068
99359489
99359234
99358472
99357242
99356264
99356261
99356069
99355721
99355043
99354668
99352853
99352730
99349868
99346673
99345914
99344195
99339125
99338687
99324584
99321740
99320102
99319298
99318560
99318473
99318245
99317249
99315740
99315554
99315290
99314287
99314149
99313216
99312289
99312007
99309744
99308454
99307935
99307332
99306357
99305931
99304776
99303054
99302832
99301353
99300474
99300234
99299967
99299892
99299211
99297192
99296577
99295836
99293835
99293700
99292575
99290729
99289409
99289385
99288599
99288392
99287042
99286121
99281054
99281051
99280403
99280400
99280157
99280154
99279452
99279449
99278126
99278123
99277145
99277142
99277025
99277022
99274772
99274769
99274268
99273689
99273413
99273263
99272891
99272453
99272348
99269979
99269505
99268770
99268257
99267906
99267711
99267408
99267093
99264450
99264441
99262848
99261963
99261267
99260665
99260566
99260449
99259708
99258706
99257458
99257290
99256855
99256627
99256606
99256582
99254164
99253798
99252901
99252499
99252343
99252337
99251164
99249334
99248830
99247606
99246601
99245398
99244600
99244321
99244168
99243226
99241687
99240922
99239602
99238948
99237916
99237910
99237772
99236518
99236056
99234937
99234652
99233320
99232156
99231718
99229762
99229234
99228271
99227689
99226909
99226090
99226048
99225451
99225367
99225364
99224944
99224428
99223732
99223489
99223270
99223045
99222619
99221269
99220447
99219735
99219251
99218657
99218439
99213653
99213650
99213599
99212855
99212741
99212612
99212342
99211451
99210119
99209615
