99555135
99590820
99589749
99577290
99555465
99551082
1722444
1677419
99595965
99519437
99423157
99403228
99403147
99402781
99402427
99402418
99402109
99401878
99401533
99401389
99401332
99401005
99400795
99400486
99400339
99400063
99399091
99399034
99398803
99398470
99398284
99397747
99397660
99397252
99396874
99396445
99396409
99396322
99395935
99395698
99395488
99395257
99394759
99393775
99393760
99393526
99393226
99392914
99392566
99392560
99392527
99392122
99392005
99391999
99391507
99390604
99390295
99389863
99389653
99389266
99388918
99388786
99388360
99388117
99387736
99387628
99387100
99385768
99385300
99384238
99384076
99383920
99383914
99383269
99382963
99382633
99382582
99382150
99381880
99381692
99381094
99380676
99380414
99380378
99380278
99379970
99379882
99379802
99379714
99379464
99379460
99379456
99379328
99379180
99378834
99378724
99378414
99378242
99378078
99377870
99377788
99377718
99377618
99377336
99377250
99377218
99377204
99376820
99376756
99376590
99376434
99376162
99375970
99375714
99375566
99375544
99375494
99375134
99374982
99374770
99374716
99374546
99374440
99374404
99374200
99374086
99373676
99373416
99373414
99373312
99373222
99373150
99372966
99372954
99372918
99372814
99372600
99372442
99372356
99372318
99372254
99371886
99371618
99371530
99371470
99371454
99371384
99371258
99371256
99370668
99370386
99369968
99369950
99369419
99369359
99368918
99368885
99368621
99368549
99368510
99368330
99368060
99367988
99367949
99367919
99367730
99367640
99367448
99366857
99366629
99366338
99366179
99366161
99366143
99365525
99364985
99364913
99364847
99364769
99364652
99364496
99363407
99362813
99362450
99362198
99362192
99362081
99361124
99361067
99360674
99360263
99358349
99357944
99357788
99357089
99357038
99356921
99356624
99356525
99355268
99355214
99355181
99355169
99355157
99355151
99354710
99354641
99354635
99354368
99354071
99353858
99353681
99353576
99352829
99352760
99352133
99351884
99351791
99351554
99351479
99351473
99351329
99351293
99351164
99350813
99350807
99349637
99349634
99349601
99349586
99349541
99349214
99348962
99348377
99348089
99348059
99347576
99347549
99347483
99347480
99347474
99347327
99347111
99346703
99346391
99346307
99346148
99345977
99345746
99345722
99345686
99345119
99345059
99344996
99344918
99344465
99344252
99343847
99343403
99343265
99343124
99342938
99342458
99342107
99342035
99341945
99341873
99341771
99341609
99341360
99341351
99341024
99340985
99340952
99340895
99340349
99340229
99340001
99339605
99339497
99339086
99339005
99338699
99338681
99338399
99338393
99338375
99338366
99338321
99338195
99337949
99337802
99337619
99337337
99337265
99337115
99336800
99336686
99336545
99336215
99336017
99335933
99335873
99335825
99335807
99335474
99335183
99335114
99334997
99334826
99334814
99334346
99334268
99333533
99333509
99333140
99333128
99332969
99332792
99332690
99332339
99332165
99331367
99331214
99331046
99330890
99330797
99330767
99330704
99330341
99329195
99329036
99329021
99329018
99328823
99328748
99328400
99327782
99327686
99327416
99327413
99326954
99326948
99326768
99326672
99326666
99326357
99326183
99325982
99325229
99325190
99324881
99324734
99324656
99324389
99324194
99324044
99324020
99323720
99323684
99323660
99323651
99323348
99323216
99323015
99322676
99322439
99322397
99322163
99321941
99321836
99321203
99321092
99320927
99320810
99320795
99320780
99320774
99320765
99320759
99320753
99320744
99320741
99320279
99320195
99319670
99319595
99318260
99317423
99316928
99316685
99316400
99316238
99314590
99314110
99313666
99313435
99313321
99313315
99313246
99312775
99312277
99311995
99311314
99311095
99310867
99310119
99309384
99309204
99308808
99308802
99308535
99308169
99307368
99306555
99306519
99306441
99306354
99306234
99305622
99305265
99304743
99304740
99304737
99304566
99304524
99304041
99303678
99303675
99303606
99303465
99303087
99303084
99303027
99302826
99302781
99302664
99302487
99301800
99301728
99301725
99301431
99301080
99300303
99300225
99299469
99299325
99299274
99298899
99297522
99297270
99297174
99297165
99296703
99296553
99296430
99296262
99296142
99296064
99295476
99295425
99294651
99294306
99294012
99293712
99293472
99293460
99293271
99292674
99292548
99292260
99292224
99292077
99291987
99291948
99291798
99291252
99290943
99290615
99290078
99290066
99289478
99289178
99289091
99289040
99288968
99288821
99288767
99287996
99287636
99287519
99287345
99287066
99287036
99286703
99286208
99286115
99285983
99285944
99285023
