99559362
1480694
99589779
99449246
99590823
99496122
99513184
99557649
99602697
99430939
99403174
99402316
99401593
99400807
99400618
99399130
99397642
99397270
99396307
99396283
99395566
99394387
99394048
99391111
99389413
99388234
99384577
99384151
99383716
99382666
99382354
99380814
99379962
99379490
99379018
99376600
99375862
99374910
99374842
99374690
99373922
99371876
99371110
99370452
99370448
99370446
99369690
99369158
99368597
99368546
99368516
99366668
99366464
99365591
99365372
99364235
99363245
99362819
99358034
99356810
99356531
99354740
99353978
99352826
99344663
99337712
99315800
99312112
99311920
99309948
99309618
99309252
99305673
99304863
99301695
99300960
99300915
99300645
99299433
99298320
99298314
99298053
99298008
99296646
99295287
99295218
99289982
99287252
99285614
99283406
99280736
99280733
99276683
99276680
99273602
99272729
99265659
99264396
99263808
99263439
99259678
99259675
99259429
99259075
99258256
99258001
99257518
99256141
99255415
99255133
99255067
99253948
99253261
99252736
99251764
99250210
99250087
99247738
99246259
99242683
99239224
99238345
99235840
99233602
99232285
99229831
99229102
99227518
99227452
99226654
99220024
99219681
99218783
99214073
99213488
99211844
99211697
1608258
1602988
