99426190
99536742
1852944
1477271
99594606
99435742
99527901
1649462
1760270
1091598
1393136
99597891
99543084
99510334
99181023
840553
99527811
99455480
99179760
20114
99526815
1541073
99593730
1507789
99527847
99460679
1556191
1669897
99566004
1717808
1594155
534083
99527838
99527814
1135339
99527844
99516232
99514278
99244153
1798132
1307400
99590043
99589698
99529830
99527889
99527853
99527850
99527841
99527787
99527784
99514272
99514246
99480806
99437158
99427894
99413419
1764138
1255178
916324
99600915
99590484
99584064
99559599
99553941
99541032
99527862
99516350
99513842
99512410
99431029
99431023
99431017
99431011
99429736
99402997
99402880
99399946
99398827
99394681
99391351
99390616
99388270
99380532
99379250
99378188
99378106
99374642
99374210
99372582
99365711
99364007
99362225
99362078
99361937
99361445
99361154
99360017
99357578
99357290
99350297
99337583
99314620
99312268
99308646
99304314
99301086
99299247
99298233
99297240
99290000
99287588
99286520
99284735
99280397
99280394
99272312
99272207
99271769
99271550
99265959
99263562
99260146
99258565
99254797
99254005
99237301
99236086
99231562
99231433
99231208
99230254
99228655
99217545
99215856
99215091
99213968
99212426
99210899
99209576
99209516
1703695
1484652
924493
873578
419932
