722244
99575769
99602637
99477788
99588480
99601581
99601578
99601575
99598533
99584688
99573978
99516719
99499238
99422893
99422353
99417151
99402436
99400657
99398317
99398050
99397312
99397192
99396466
99395236
99395059
99394705
99391756
99391159
99390703
99390640
99389635
99389179
99387331
99386914
99386431
99385591
99384148
99383317
99382369
99381787
99381252
99381230
99378008
99376884
99375936
99375816
99373982
99373068
99372586
99372222
99372176
99371964
99371410
99370192
99367343
99367232
99366752
99365675
99365537
99364934
99364106
99363770
99363341
99363155
99362303
99361061
99360326
99360323
99359498
99359372
99359327
99359324
99359048
99358637
99358232
99358208
99357137
99356579
99356549
99356504
99356465
99356309
99355838
99355523
99353090
99349628
99344132
99343148
99343010
99341837
99341009
99339614
99337952
99337883
99334340
99334232
99331907
99330734
99328967
99328328
99327914
99325949
99323726
99321833
99321059
99320570
99319559
99319469
99319325
99319184
99316145
99314410
99314341
99312205
99311644
99310930
99310296
99309321
99309237
99309192
99306126
99305736
99305634
99303042
99302985
99302211
99301968
99301380
99301200
99300648
99300435
99299868
99299580
99298143
99297267
99297069
99296748
99296178
99296175
99295653
99295599
99292944
99291456
99290741
99290018
99290015
99289382
99289043
99287738
99287555
99286796
99286646
99286421
99286271
99285569
99285134
99285119
99284717
99284495
99284492
99280313
99280310
99279602
99279599
99279524
99279521
99279434
99279431
99279353
99278903
99278900
99278858
99278855
99278702
99278699
99278678
99278675
99275096
99275093
99274436
99274298
99273899
99273854
99272033
99271601
99271472
99271181
99270902
99270336
99269949
99269589
99268998
99268455
99266286
99264750
99264666
99264477
99264171
99262980
99262896
99262824
99261978
99261630
99256768
99256660
99255628
99255190
99253810
99252157
99252106
99250906
99250477
99248224
99246460
99246172
99245122
99243619
99242527
99242239
99241924
99241174
99240781
99240358
99237451
99237181
99236761
99235780
99234952
99234853
99233362
99233059
99232720
99232324
99232318
99231250
99230878
99230722
99230398
99227176
99226522
99225523
99224962
99224509
99223930
99222883
99222811
99222382
99221332
99220063
99219940
99219797
99219794
99219119
99219029
99218672
99218385
99217433
99217160
99216912
99215627
99215399
99215131
99214457
99214037
99213827
99213722
99212846
99212630
99212192
99211829
99211757
99211754
99211727
99211445
99211337
99211115
99210548
99210158
1821559
1587781
736823
102601
