453423
99497964
1480076
99580200
1914279
1854583
99570648
1462284
99596136
1608790
1831013
99567039
99550110
99581334
99584091
99581661
99578106
99568500
1787531
99533427
99569214
99568506
99598911
1846674
99580488
1323633
99566220
1506880
99561729
1530090
99423955
99496444
1782925
99602604
99531816
1290159
1856937
1423373
99488304
99434452
1866451
99595371
99377684
1681121
99592734
99546537
99531669
1797374
99602040
99532371
1665200
99575697
1799012
1547633
507193
1768530
1707588
1542094
99593502
99591243
99586674
99495796
1831337
1558283
1409655
1345242
657779
99584220
99546453
99544788
1769581
99599535
99596409
99596181
99594753
99592317
99515112
99441545
99598617
99597234
99594513
99592260
99584559
99577056
99543462
99502716
99469202
1606909
1544888
1250752
99602118
99593436
99578487
99576279
99566076
99562158
99556512
99544872
99525183
1788248
1626152
1494052
1280424
99601638
99598353
99592437
99584079
99571737
99570153
99557160
99529215
99524363
99514616
99509018
99508254
1868665
1712365
1653171
1397535
1328274
99600573
99599442
99598830
99598827
99598824
99596889
99582459
99577851
99574272
99569112
99548916
99523694
99521144
99418132
1377875
866598
99602931
99602922
99602205
99601221
99598764
99597459
99593238
99591132
99583311
99573030
99563394
99546510
99545175
99544929
99542967
99542652
99533583
99533205
99501532
99437917
99429997
99403261
99403180
99403141
99403003
99402958
99402952
99402931
99402895
99402766
99402619
99402568
99402508
99402424
99402298
99402271
99402238
99402142
99402130
99402091
99402025
99401995
99401767
99401716
99401590
99401503
99401467
99401446
99401356
99401353
99401326
99401284
99401206
99401161
99401107
99401101
99401098
99401050
99401026
99401014
99401011
99400906
99400870
99400864
99400861
99400783
99400642
99400609
99400474
99400453
99400402
99400345
99400186
99400087
99400048
99400030
99399844
99399763
99399658
99399655
99399604
99399571
99399550
99399517
99399508
99399460
99399409
99399184
99399085
99399043
99398863
99398791
99398788
99398761
99398671
99398662
99398629
99398626
99398596
99398578
99398566
99398563
99398503
99398335
99398275
99398149
99397735
99397708
99397630
99397621
99397618
99397615
99397612
99397609
99397606
99397570
99397543
99397522
99397465
99397273
99397261
99397132
99397129
99397108
99396928
99396850
99396841
99396823
99396820
99396802
99396670
99396613
99396595
99396559
99396460
99396433
99396376
99396361
99396115
99396031
99396019
99395974
99395971
99395932
99395911
99395785
99395767
99395716
99395674
99395548
99395458
99395425
99395416
99395368
99395323
99395248
99395242
99395233
99395104
99395092
99395044
99394993
99394795
99394792
99394777
99394687
99394684
99394678
99394627
99394474
99394465
99394426
99394408
99394366
99394318
99394246
99394198
99394153
99394114
99394099
99394060
99394045
99393856
99393829
99393748
99393733
99393730
99393712
99393496
99393466
99393403
99393361
99393316
99393277
99393262
99393202
99393124
99393067
99393061
99393004
99392977
99392962
99392845
99392815
99392338
99392167
99392098
99391915
99391879
99391801
99391663
99391600
99391588
99391477
99391450
99391339
99391321
99391306
99391276
99391132
99391105
99391075
99391072
99391054
99390976
99390970
99390931
99390895
99390886
99390877
99390763
99390727
99390601
99390577
99390544
99390520
99390493
99390412
99390397
99390358
99390346
99390307
99390076
99390025
99390001
99389920
99389902
99389887
99389821
99389803
99389548
99389494
99389347
99389341
99389338
99389323
99389191
99389155
99389140
99389134
99389122
99389002
99388960
99388906
99388870
99388813
99388660
99388555
99388294
99388192
99387811
99387670
99387667
99387508
99387502
99387400
99387352
99387328
99387325
99387313
99387292
99387277
99387253
99387124
99387028
99387010
99387001
99386995
99386806
99386617
99386575
99386503
99386365
99386353
99386110
99386107
99386077
99385966
99385930
99385924
99385750
99385666
99385564
99385546
99385357
99385312
99385186
99385072
99384931
99384889
99384829
99384763
99384661
99384607
99384343
99384328
99384304
99384259
99384223
99384091
99384028
99384025
99384004
99383887
99383851
99383824
99383773
99383731
99383704
99383692
99383590
99383497
99383380
99383257
99383227
99383224
99383113
99383053
99382948
99382888
99382774
99382525
99382513
99382480
99382462
99382459
99382333
99382318
99382153
99382135
99382015
99382006
99381967
99381946
99381940
99381898
99381886
99381841
99381838
99381778
99381772
99381760
99381726
99381722
