1735995
1792417
99402628
99401407
99400261
99397906
99397441
99395620
99394132
99393943
99393532
99392620
99391771
99389365
99389287
99387838
99387472
99387232
99387211
99387058
99385198
99383839
99383398
99383305
99382555
99381955
99381420
99380462
99379870
99378870
99378592
99378412
99376384
99376264
99375142
99375008
99374854
99374738
99374070
99373292
99371458
99370588
99367871
99367268
99365051
99364322
99362930
99362480
99357680
99356717
99356366
99356294
99356048
99354653
99354650
99354533
99354194
99353930
99353567
99353315
99353312
99340550
99325364
99321761
99320915
99320615
99320183
99320123
99319610
99319508
99318455
99318425
99316007
99315863
99313930
99312517
99311515
99310825
99310398
99306774
99303207
99302397
99301266
99299832
99299139
99299136
99298149
99297345
99297090
99297084
99296532
99296211
99294597
99294279
99294237
99293991
99291924
99289550
99289355
99289286
99289157
99288569
99288182
99285350
99285146
99283637
99283634
99283463
99283460
99282851
99282848
99276518
99276515
99276410
99276407
99274862
99274859
99273401
99272921
99271709
99271421
99270887
99270644
99269292
99267075
99265683
99264687
99263424
99261786
99260158
99255343
99255337
99255115
99253189
99250996
99249157
99247840
99247765
99247750
99247666
99246517
99245389
99245287
99244633
99244105
99243091
99243088
99242455
99238459
99238126
99236497
99234136
99230230
99229201
99228715
99228481
99227806
99224710
99224590
99223186
99222889
99220882
99220045
99214679
99214406
99214031
99213662
99212474
99211067
99210821
