1898712
1114974
1763743
1211582
1747634
99598869
99569448
99520319
99402277
99401632
99397663
99394423
99393022
99393019
99393016
99393013
99393010
99391843
99391840
99391549
99391546
99391543
99391537
99391534
99391291
99389728
99385114
99383401
99383365
99376574
99373480
99371488
99370666
99361115
99360590
99360023
99359303
99357335
99357239
99357176
99342314
99335015
99333935
99319205
99318572
99317339
99315653
99313207
99309810
99309282
99308895
99308052
99306114
99304581
99304437
99304035
99304032
99300069
99299163
99298683
99298050
99297867
99297357
99297234
99294603
99293346
99290570
99287261
99280070
99280067
99278993
99278990
99274310
99270965
99264777
99258388
99256198
99252550
99249742
99243697
99242173
99241576
99234607
99234217
99233011
99232231
99230404
99230011
99226306
99225874
99225871
99224635
99222571
99219437
99214610
99213899
99213884
99212603
99211061
99209837
192221
81490
