99591894
99510832
99591882
1914094
99513448
99533064
99602376
99586494
99566703
99520259
99390535
99390247
99390067
99388432
99387034
99385480
99384052
99383971
99383239
99382267
99382021
99381949
99381696
99380628
99378904
99377858
99376994
99376510
99375204
99374600
99370888
99370124
99369089
99367295
99364775
99363260
99362354
99354428
99354323
99320828
99320798
99318578
99309924
99307638
99307311
99307182
99306186
99305079
99304617
99303768
99303753
99302466
99302073
99302070
99298749
99298464
99297483
99296625
99293331
99293019
99292794
99292002
99290672
99290597
99290558
99288938
99287939
99283277
99283274
99274646
99273851
99273674
99269898
99266874
99261849
99257440
99256291
99256081
99256018
99255742
99255334
99253486
99252916
99249631
99245098
99243448
99241567
99241228
99240751
99239644
99238021
99235660
99232135
99228640
99226639
99221608
99220654
99219185
99216496
