1729607
99553752
99502708
99466613
99519473
1750956
99571752
1643557
99551073
99505208
99580752
99590853
99591537
99553737
1796288
1751095
99567957
99542736
99512120
99546657
99509176
99524366
99587112
1749857
1741371
1692147
99593199
99564786
99584223
99580107
99565020
99553488
99523481
99498132
99496110
1360109
99602403
99590796
99580104
99572787
99565176
99516181
99593058
99580293
99562236
99553740
99519911
99415204
99601506
99598728
99589263
99586056
99585135
99582705
99571374
99562065
99558765
99602451
99575679
99545838
99543189
99462134
99317612
99275099
1767119
1713918
1672306
1641430
99602868
99602811
99602373
99601611
99599955
99596832
99588456
99581142
99580956
99575145
99574194
99566949
99562851
99549447
99546462
99541062
99533790
99533367
99526872
99519902
99495914
99438551
99430963
99402778
99402775
99402625
99402475
99402382
99402379
99402376
99402373
99401515
99400873
99400750
99398950
99398833
99398737
99398545
99397267
99395776
99395443
99394921
99394915
99394516
99394243
99394066
99393358
99393220
99391975
99391498
99391495
99391393
99391258
99390985
99390304
99389824
99388966
99388681
99387544
99386824
99386596
99386434
99385873
99384976
99384298
99383593
99383527
99383371
99382609
99380688
99380652
99380584
99379684
99379642
99379358
99379192
99379052
99379038
99378946
99378916
99378864
99378702
99378544
99378374
99377284
99377252
99376856
99376716
99376188
99375890
99375354
99374904
99374888
99374812
99374520
99373568
99373102
99373024
99372868
99372608
99371982
99371716
99371274
99370986
99370780
99370766
99369902
99369776
99368660
99367589
99367310
99367235
99366017
99364634
99364067
99363161
99362870
99362321
99362141
99361328
99359993
99359453
99359252
99359003
99358661
99358241
99357719
99357686
99357683
99356564
99356084
99355478
99355187
99354080
99353513
99352655
99350993
99350024
99349325
99348476
99348413
99348389
99347387
99347048
99346133
99346046
99345611
99345287
99345263
99345254
99344777
99344744
99343088
99342821
99341795
99341330
99341324
99340751
99339659
99339656
99335459
99335408
99335312
99335309
99334163
99333506
99333260
99333221
99332150
99332057
99329192
99328964
99328922
99327095
99326234
99325904
99325490
99325469
99325331
99324056
99323969
99323174
99323078
99322223
99321710
99321689
99321257
99320180
99320060
99319319
99319136
99318314
99318296
99318044
99318026
99317639
99316457
99315371
99315164
99314641
99314158
99313276
99313045
99312613
99309243
99308865
99307953
99307296
99306762
99306216
99304395
99304389
99302916
99302688
99302604
99302094
99301458
99300837
99300540
99300213
99299016
99298806
99298560
99296817
99296442
99296307
99296244
99295380
99295101
99294546
99294180
99294096
99293328
99292635
99292473
99290961
99290585
99289994
99289763
99287561
99286673
99286376
99286229
99286139
99285527
99285221
99283109
99283106
99280610
99280607
99279518
99279515
99279482
99279479
99279194
99279188
99278879
99278876
99278546
99278543
99275978
99275975
99275726
99275723
99275660
99275657
99275102
99274808
99274805
99274784
99274781
99274190
99273221
99272897
99271877
99271865
99271811
99270153
99269166
99268365
99267219
99265776
99264984
99263328
99263199
99262809
99262542
99260716
99259426
99257722
99256348
99256129
99255112
99254953
99254812
99253168
99252388
99250966
99250522
99248959
99247576
99246913
99246775
99246664
99246157
99246139
99243124
99242563
99242353
99242248
99240583
99238570
99237937
99237892
99237082
99233824
99230629
99230581
99228388
99228241
99227932
99227512
99226864
99226756
99226624
99225541
99225142
99224971
99224722
99224695
99223828
99222874
99222229
99222226
99222220
99222217
99222214
99222208
99222205
99222202
99222196
99222190
99222148
99221629
99219020
99216340
99215888
99214925
99213938
99213788
99213467
99213071
99212699
99211007
99210053
99209567
1827558
1787612
1760310
1704073
1690813
1689422
1687515
1673717
1640899
1638134
1585558
1582398
1472540
