16513
401289
408681
402399
147432
107762
255226
414974
39166
40637
23879
24253
1012291
680
1181
1770
19421
23747
24792
23428
39721
545297
17671
407796
92418
39004
38851
1157
407288
1257
83224
20921
915846
16796
1786
20187
936469
19034
412698
69547
21020
725
17605
311228
1508
1246
1081
930256
888521
363127
303422
307963
362681
170620
885400
898216
898217
938469
938472
938474
938497
938498
310471
895984
945703
945704
945700
945701
941554
941599
362670
362717
362771
362816
362823
363042
363107
943701
377216
911179
911181
23250
12241
39185
402872
53334
16649
15510
9071
68272
522
412996
11259
12378
45645
638281
48111
17392
862113
49618
52957
