30422
30540
30541
1895
30667
30782
30783
30784
30785
30786
30787
30788
31038
31147
31149
31150
31206
31239
31608
31759
7070
7079
7081
31906
31907
31939
32027
32028
32029
32050
32051
32055
8576
32425
32625
32773
32776
32777
32780
32781
32798
11570
32799
32814
32840
32922
32968
32976
33001
33009
33023
11993
11994
33067
33101
33110
33115
33117
33119
33131
33132
12628
33148
12839
12840
33261
33262
33654
33655
33656
33684
33688
33993
34298
34300
34423
34424
34500
34529
34637
18785
34785
34821
34825
34983
35241
35259
35493
35691
35695
35696
36073
36395
36468
25624
25625
36530
36774
