107
136
137
167
219
220
245
268
267
366
405
433
434
708
766
884
938
1018
1025
1210
1280
1283
1285
1325
1401
30578
1559
1575
1688
2034
30736
30747
2256
30749
30755
2262
2263
2269
3023
30966
3186
3402
31054
31055
3415
3549
3551
3696
3699
3700
3886
31199
4344
4380
4431
4555
4731
4816
5066
5519
31
5762
31508
5768
5860
6309
31666
6502
6589
6640
6656
7282
7432
32067
7948
8052
8051
8167
8168
32192
32276
9214
9433
9537
9538
9786
10278
10305
10410
10411
10474
10583
10666
32682
10895
11188
11212
11469
11475
11901
33035
12136
12171
12239
12776
12826
12998
13259
33355
13486
13580
13750
13929
33470
33501
14198
14199
14337
14596
14615
33647
14944
14977
33693
15042
33698
15166
15377
15641
15693
15707
15728
15892
16008
16158
16263
16310
16461
16841
16865
16868
34162
34166
34192
18197
18196
18470
18697
18765
19298
19717
19819
19948
20199
20393
20468
20920
35244
21184
21200
21263
21274
21353
21572
35443
35453
35493
22409
50
22447
22450
22454
22460
22496
35668
22500
22507
35676
22653
23055
23180
35926
23822
23879
23965
23977
36043
24574
24802
24827
24837
25035
25102
25122
25123
36352
25124
36353
36403
25698
25870
64
25908
25992
26009
26216
26217
26247
26284
26285
26333
26359
26488
26494
26592
26594
26808
26823
26900
26920
26937
27077
27289
27298
27316
27419
27474
36806
27770
