30801
2546
2602
2603
2604
30811
2645
2647
2666
30813
2668
2669
2670
2671
2672
2673
30814
30815
30816
30817
30818
30819
30820
30821
30822
30823
30824
2674
30825
30826
30827
30828
30829
30830
30831
30832
30833
30834
2675
2676
2677
2678
2679
2680
2681
2682
30835
2734
2735
2736
2737
2738
2739
2740
2741
2742
30862
30863
2756
30920
30930
2922
3724
4656
4657
4790
4920
5623
5849
31554
6265
6351
6418
31700
6426
6784
6785
6828
7748
7975
7981
7983
7989
8802
8803
9273
32384
9881
9959
10027
10174
10664
32716
32717
11112
11113
11114
32718
11115
11116
11117
11118
11119
11120
11121
11122
11123
11124
11125
11126
12229
12230
12231
12232
12233
12234
12314
33125
12547
12548
12551
12553
12787
13408
13544
13602
33408
14195
14388
14389
14516
14517
33599
14639
33600
14664
33608
33609
14941
14954
14955
33657
33658
33659
33660
33661
14956
33662
33663
14957
14958
33664
14959
14960
33665
33666
33668
33669
33670
15272
16017
16260
16261
16262
16263
33979
34015
16390
16479
16480
16679
16690
17018
17843
18063
18082
18083
18165
18178
18328
18329
18361
18378
18379
18390
18619
18656
18854
18975
18976
18977
19086
19087
19089
19090
19352
19358
19470
19471
19476
19487
19488
19574
19606
20247
20438
20533
20611
20612
35142
20910
20991
21060
21097
21098
21112
21113
21114
21127
21153
21182
21401
21586
21587
21588
21589
21861
21962
22406
23100
23695
23744
23844
35968
23850
24037
24038
24231
24408
24529
24530
24531
24532
24533
24534
24939
25081
25083
36522
36523
