30389
30402
30422
30423
30474
30515
30540
30541
30579
30656
1895
30659
30660
30661
30667
30749
30782
30783
30784
30785
30786
30787
30788
30879
30880
30881
30882
30883
30884
30885
30886
30887
30888
30889
30892
30891
30893
30895
31037
31038
31041
31112
31114
31147
31148
31149
31150
31165
31187
31206
31226
31230
31239
31279
31349
31404
31428
31486
31606
31607
31608
31651
31754
31755
31757
31758
31759
31767
31878
31879
31880
31897
31898
7070
7079
7081
31900
31901
31904
31905
31906
31907
31928
31929
31935
31938
31939
31940
31941
31943
31946
31956
31967
31980
31981
31982
31984
7662
32020
32022
32023
7663
7664
32025
7665
32026
32027
32028
32029
7668
7669
7671
32050
32051
32055
32067
32299
32300
32301
32302
32304
32404
32405
32425
32426
32474
32625
32628
32638
32639
32759
32760
32767
32770
32772
32774
32775
32776
32778
32779
32781
32783
32784
32785
32786
32787
32788
32789
32790
32791
32792
32793
32794
32796
32798
11570
32799
32811
32812
32813
32814
32816
32817
32818
32819
32821
32830
32831
32834
32835
32836
32837
32840
32841
32842
32843
32844
32845
32846
32847
32848
32850
32851
32852
32853
32855
32856
32857
32859
32860
32861
32863
32864
32865
32867
32871
32872
32874
32875
32876
32877
32878
32879
32880
32881
32883
32884
32889
32893
32894
32909
32911
32916
32917
32919
32922
32923
32931
32932
32933
32934
32936
32937
32938
32939
32940
32941
32942
32943
32944
32947
32963
32964
32965
32966
11794
32968
32971
32976
32977
32979
32982
32983
32985
32987
32996
32997
33000
33001
33002
