313
462
499
30384
635
738
797
30407
966
1002
1003
1010
1011
1033
30427
1036
30428
30429
1043
30430
1074
1101
1104
1126
1201
1208
30483
19
1216
30603
30604
30606
1750
1751
1853
1857
1859
1860
1861
1862
1863
1865
1864
1866
1867
30653
1901
1926
1927
2009
2145
30728
30734
30733
30732
2246
30770
2422
2423
2425
2426
2529
2722
2768
2824
2835
30914
2873
2880
30917
2894
30923
30922
30938
2948
30948
2996
3010
3014
30961
3042
3071
3141
3143
3144
3145
3146
30991
3148
3149
3152
3153
3154
30992
30993
3156
3157
30994
30995
3159
3159
3160
3161
3162
30996
30997
3165
3166
3167
3168
3169
3170
30998
30999
3171
3172
3173
3175
31000
31001
31002
31003
3176
3178
3179
3180
3181
3182
31004
31005
31006
31007
3183
3184
3185
3188
3189
3190
3191
3192
3193
3194
3195
3196
31008
31009
3197
3198
3199
3200
3201
3202
31010
3203
3204
3206
3207
3208
3209
3210
3211
3212
3213
31011
3214
3215
3216
3217
3218
31012
3219
3220
3221
3222
3223
3224
3225
3226
31013
3227
3228
3229
3230
3231
3232
3233
3234
3235
3236
3237
3238
3239
3240
3241
31014
3242
3243
3244
31015
31016
3245
3246
3247
3248
3249
31017
3250
3251
31018
3253
3254
3255
3256
3257
3258
31019
31020
3259
3287
3335
31035
3429
3444
3445
3446
3447
3448
3449
3450
3451
3452
3453
3454
3457
3458
3459
3460
3461
3463
3464
3465
3466
3526
31066
31069
31070
3680
3681
3693
3732
31096
31100
31106
31109
3822
31113
31115
3824
3825
3829
31117
3846
3847
3849
3850
3852
3853
3854
31118
3882
31130
31131
31134
3936
3943
3945
3946
31138
3948
31139
3949
3964
31142
31143
31144
3967
31153
31154
31155
3992
3998
4004
4121
4156
4177
4183
4185
4186
4187
4188
4189
4191
4196
4206
4238
4246
4289
4335
31261
4406
4468
4552
4574
4648
31283
31287
31294
4697
31299
4727
4759
4913
31322
4940
5203
5204
5207
5209
5212
5214
5215
5220
5260
5261
5273
5283
5309
5310
5311
5428
5429
5503
31435
5561
5564
5565
30313
5635
31469
31470
5718
31482
31484
31485
31487
5740
31497
5765
5787
5798
5815
5821
5822
5824
31527
5825
5840
5875
5877
5878
5896
5931
5932
5959
5960
6009
6010
6032
31587
6127
6237
6238
6239
6240
6244
6302
31645
6363
6364
6405
6407
6445
31706
6506
6543
31746
6602
6603
6604
6605
6606
6683
31778
6715
6788
6824
6832
6863
7049
7061
7156
7191
7207
7214
7216
7288
31959
7308
7317
7321
7329
7367
7407
32001
7437
7807
32054
7821
7828
32060
32068
32069
32070
8045
8046
32099
8072
32102
8083
32105
32107
8107
8108
8109
8112
32114
8163
8182
32122
8230
8231
32131
32132
32133
32134
32135
8246
8322
8337
8358
32166
8380
8402
8403
8410
8420
8430
8510
32203
8514
8516
8517
8519
32204
32205
8520
8521
32206
8553
32217
8586
8639
32231
8674
32257
8737
8739
8740
8741
8742
8744
8746
32258
8747
8748
8749
8750
8751
8752
8753
8755
8757
8758
8759
8760
8761
8762
8763
8764
8765
8766
8767
8768
8769
8770
8771
8772
8773
8774
8775
8776
8777
8782
8790
8800
8836
8898
9068
32311
9071
9072
32313
9166
9171
9177
9203
32351
9214
9262
32379
32382
32424
9572
9623
9728
9800
9804
9818
9821
32543
10144
10155
10167
10402
10403
10404
32595
10417
10418
10540
10649
10656
10661
10677
32649
10831
32673
32674
32675
32676
32683
10971
10972
32713
32740
32741
33014
11912
11967
11969
11970
33024
33037
12141
12143
12144
12145
12146
33039
12148
12149
12155
33040
12176
12180
12236
12280
12281
12282
12293
33071
12317
33093
33094
12388
12389
12390
12391
12392
12393
12394
12396
12563
33140
12587
33141
12591
33154
12746
12758
12759
12774
12805
12825
12868
12875
33226
12911
13015
13077
13106
33281
13123
13126
13152
13164
33299
33326
13325
33356
13466
13481
33362
13564
33430
33434
33435
13815
13816
13817
13818
13819
13820
13821
13822
13823
13866
33456
33457
13867
13868
13869
13940
14031
14076
14093
33504
33505
33506
14174
33517
14198
33518
14199
14236
14237
14238
14239
14240
14241
14243
14261
14264
14265
14266
14390
14581
14583
33573
14587
14588
14617
14648
14649
14676
14677
14780
14797
33646
14969
14981
14982
15152
33747
15194
15211
33755
15340
15342
15350
15352
15383
15390
33786
33787
15398
15433
15434
33796
33797
15507
15508
15511
15551
15562
33833
15592
15620
15640
15668
15674
15675
15688
15711
15742
15750
33870
15801
15802
15803
15804
15809
33886
15837
15839
15849
15857
15866
15867
15868
