66
70
302
303
306
308
311
312
385
531
834
1032
1174
1175
30476
1198
1262
1326
1721
1854
1897
1907
1908
1909
30658
1956
1996
30681
2092
2093
2094
2118
2236
2249
2327
30769
2387
2498
2503
2753
30867
2754
2798
30878
2849
2882
30931
30939
2989
3029
3053
30976
3302
31025
3369
3370
3486
3506
3654
3743
3744
3770
3965
3985
4037
4038
31163
31164
4044
31166
4046
4047
31169
31168
4048
31170
4049
31171
31172
4050
4051
4052
31173
31174
31175
31177
31176
4053
4054
4055
4056
4057
31178
31180
31179
4058
31183
31182
31181
31184
4059
4060
4061
4062
4063
4065
4070
4071
4072
4080
31189
4132
4135
4142
31203
4143
4150
4151
4152
4153
4154
4157
4202
4241
4249
4250
4251
4509
4681
4724
4725
4726
4851
4852
5188
31362
31363
5328
5491
5500
5532
31439
5540
5542
5543
31440
31441
31442
31443
5544
31444
5545
5546
5547
5548
5549
31445
5550
5552
5553
5554
31446
5585
5586
5588
31455
31472
5736
31488
5739
5811
5852
5853
5901
6126
6137
6243
6257
31640
31641
6428
31726
31747
6597
6598
6609
6632
6661
6673
6674
6675
6719
6870
6873
6875
6910
6934
31871
6935
6936
6937
31872
6938
6939
6940
31873
6941
31874
6942
31881
31887
31888
7037
7038
7200
31966
7419
7423
32005
7440
32031
7714
7813
7814
32072
7945
32083
7946
7947
7950
7953
8048
8049
32109
32110
32111
8208
8209
8233
32144
32145
8353
32156
32157
32158
32159
8395
8483
8501
8658
32240
8694
8909
8911
8917
8976
9083
9084
9085
9087
9088
9096
9106
9108
32386
9379
9381
9383
9384
32387
32388
9385
9386
9387
9388
9391
9531
9575
32430
9618
9619
32439
9660
9683
32453
32470
9777
32486
10150
10241
10624
32621
32622
32623
32624
10652
32636
11466
11502
11507
11514
11584
32808
11601
32815
32839
11635
11636
11705
11741
32924
11758
11838
32992
32993
25450
27504
33015
33056
12331
12347
12348
12349
12350
12351
12352
33086
12353
12354
33087
12355
33088
12356
33107
12470
12471
12472
12473
12477
12478
12481
12487
12577
12710
12791
33216
12814
12851
12857
12867
13012
33271
13066
33314
13279
13282
13284
13286
13314
13319
33331
13365
13373
33348
13489
13495
13531
13614
13664
13683
13825
13887
14204
14269
14270
14271
14272
14273
14274
14275
14336
14337
33595
33596
33597
33598
14723
14739
14740
33614
33615
14741
14742
33616
14747
33617
33618
33619
33620
14748
33621
33622
14749
14750
33623
14751
14752
33624
33625
33626
33627
33628
14754
33629
33630
14756
14757
14759
14761
14762
14763
14764
33632
33633
33634
33635
14765
14766
14767
14768
14931
14976
15008
15249
33763
33764
15274
15360
15388
15473
15480
15558
15587
15649
15810
15815
33884
15835
15893
16003
33923
33925
16004
16005
16006
16007
16033
16103
33965
16187
33970
16194
16195
16197
33980
16293
16343
34008
34012
16384
16394
16426
16440
16445
16483
16490
16491
16493
16512
16651
16717
16718
16755
34145
16811
16844
34186
34187
17025
17026
17030
17039
17042
17048
17071
17374
17389
17390
17399
17416
17514
17537
17588
17610
17614
17634
17648
17717
17744
17745
34418
34421
34428
17862
17877
17948
17950
17970
18062
18070
34478
18190
18215
18217
18235
18260
18261
18262
18274
18338
18343
34572
18427
34598
18474
18518
34638
18654
18702
18718
18723
18746
18747
18750
18773
34681
34682
18819
18828
18832
18862
18888
18931
18942
18943
18953
18954
18955
18956
34726
18957
34727
18958
18995
18996
19034
34734
19062
19163
19164
19183
19229
19230
19239
19240
19256
34818
34831
34832
19302
19303
19304
19305
34836
19336
19404
19501
19571
19593
19598
19637
19638
19750
19787
19794
19806
34948
19813
34957
19852
19854
19864
19882
19893
19932
19934
34976
19975
19996
20009
20138
20151
20229
35045
20248
20291
20330
35062
20348
20349
20350
35070
20351
20361
20434
20441
20450
20451
20485
35093
20606
20757
20820
35182
20855
20856
20925
20970
20982
35245
35246
21051
21063
21064
21065
21111
21118
21119
21180
21263
21289
35343
21433
21438
21464
21493
21504
35375
21528
21530
21532
21541
35387
21852
21932
35523
22007
22018
22042
22086
22322
35618
35619
35620
35621
35622
35623
22323
22324
35624
22325
22326
22327
22328
22329
35625
35626
22330
22331
22332
22333
35627
22334
22335
35628
22336
22337
22338
35629
22339
35631
35632
22340
22341
22342
22343
35633
22344
22345
22428
22430
22431
35640
22439
35653
22485
22488
35675
35709
22595
22907
22926
23004
23020
35804
35814
23148
35820
35821
23149
23150
35822
23151
23153
23154
23480
23495
23647
23653
23654
35935
23655
23727
23729
23792
23892
24077
36060
24314
24344
24441
24480
24481
24515
24516
24517
24575
24687
24901
24904
25012
36311
25020
25053
36348
25206
25265
25413
25481
25497
25526
36459
25576
25587
36467
25644
36535
26339
36744
36751
27276
27284
