317
720
30401
1283
1284
1285
30519
1382
30546
1521
1561
1725
2230
30741
30742
30744
2250
2522
2523
2524
2532
2866
2876
30915
30916
3026
3027
30967
30969
3477
3820
3839
3840
4034
4125
31247
4290
31248
4299
31249
31364
5303
5329
5332
31603
6130
6186
6248
6449
31729
6644
31769
6908
7295
7732
32042
7934
7974
8106
8184
32128
32178
32184
32185
32187
8505
32372
9632
9767
30314
32497
9889
9894
9907
32505
32529
32530
9987
9990
32531
32532
9995
10637
10640
10645
10647
32995
12254
33224
33254
13014
13171
13232
33334
33341
33406
13608
33440
13877
14267
33533
33534
14371
14606
15218
15345
33802
15495
15496
15589
15595
15685
15709
33931
16082
16265
33981
33983
16285
16291
33990
34013
16389
16402
16403
34038
34039
34040
16659
34092
34096
34119
34120
34137
16837
16840
34181
34185
16974
34191
34190
17027
34275
34284
34286
34287
34289
34288
17412
17445
34302
17474
34304
17477
17542
17556
34316
17566
34321
34322
17643
34352
34353
34383
34389
34390
17761
34393
34394
34395
17801
34420
17850
17876
34430
17953
17954
34445
18066
34476
18075
34507
18143
34515
18218
34531
18234
34537
18304
34549
34550
18320
18399
18400
18417
34574
18461
34591
34592
18462
34601
34625
18530
34626
18834
34692
34720
18946
18947
34723
19118
19149
34790
19192
34810
34817
19275
19296
34854
19430
34890
34895
19601
19620
19628
19718
34936
19746
19761
34941
34958
19897
19948
34974
19994
20010
35028
35034
35038
20179
20181
20186
20230
35060
35073
20380
35081
20444
20445
20446
20540
35134
20737
20759
35171
20782
20841
20867
35188
20880
35194
20881
35196
35203
20917
20939
20972
20973
35236
35237
21024
21049
21057
35262
21133
21135
21136
21387
35382
35462
35499
35507
21882
35571
22420
22422
22576
22750
23017
35942
23721
24042
24092
36036
24200
24208
24212
24213
24897
36338
36351
25157
25243
25244
25330
25336
25392
25426
25498
25544
25545
36543
26170
36624
36625
