72
236
245
30337
273
274
275
30338
30339
277
279
280
281
30343
366
372
1177
1285
30578
2053
2155
2180
2380
2470
2532
2608
2632
2633
2762
30879
30880
30881
30883
30884
30885
30886
30891
30892
30893
2803
3023
3735
4032
31225
4238
4723
4816
4929
5304
31414
31508
5768
5875
5904
32
31602
31607
31608
6355
6483
6502
6589
31746
6624
6833
6836
31867
6945
6946
6949
7065
31897
31898
31899
7070
7076
7078
7079
7081
7083
31900
7084
31901
7088
7091
7096
7097
31902
7103
7108
7109
7111
7116
31903
31904
31905
7119
7120
7122
7123
7124
7129
31906
7130
7131
7133
7315
7352
7455
32067
32085
7973
8050
8051
8052
8067
8157
32181
8422
8481
32235
8758
32276
32296
9968
9984
32529
9990
32551
10138
10155
10606
10627
10628
32625
10630
32628
10653
11739
11748
11909
11946
12052
12171
33047
12482
33109
12483
33110
12486
12487
33111
33112
12488
33113
12489
33114
12494
33115
12495
33116
12496
12498
33117
12501
33118
12503
12504
12505
12506
12508
12509
12511
33119
33120
33121
33122
12517
12740
12776
12885
12887
12888
33229
33230
12923
33305
13281
13282
13298
13583
13639
13647
13665
13712
33470
33489
33501
14188
14203
14398
14399
14499
14508
14778
33647
14944
15015
15086
15101
33742
15249
15255
33798
15438
15439
33803
15478
15533
15534
33842
15667
15691
15726
15728
15837
15958
16077
16124
16158
33983
16486
16868
16985
17377
17386
34299
17493
17645
34417
34562
34585
34586
18470
18584
19168
19179
19209
34825
19548
