1905
30662
2799
3032
3037
31114
6625
31767
7370
31980
31982
31983
31984
31985
32277
32772
32773
11526
32774
32775
11527
11528
32776
32777
11529
32778
11531
11530
32779
11532
11533
32780
11534
11535
32781
32782
11536
11537
32783
11538
32784
32785
11539
32786
11540
32787
11541
32788
11544
11545
11546
32789
32790
32791
32792
32793
32794
32800
11571
11572
11573
11574
11575
32801
32802
11576
11577
32803
32804
11578
11579
11580
32831
11624
32833
11625
11626
32834
11630
11634
32843
11642
32845
11643
11644
11645
11646
32847
11647
32848
32849
11648
11649
32850
11650
32851
11651
32852
11652
11653
11654
32853
11655
11657
11658
11659
11661
32857
11662
11663
11669
11670
11685
11687
32882
11697
11708
11709
11710
32888
11711
32889
11712
11714
11715
11716
11717
32890
32891
32892
32893
11718
32894
32895
11720
11721
32896
11722
32897
32898
32899
11723
32900
32901
11725
32902
32903
32904
32905
11726
32906
32907
32908
32910
32911
32912
11727
11728
32913
11729
32914
32915
11730
11731
11732
32918
11740
11763
32932
11764
32934
32935
32936
32937
32939
32942
32943
32944
11766
11767
11768
11770
11771
11772
11787
32965
32966
32970
11809
11812
11824
11831
32994
33007
11892
33008
11893
12628
33148
33743
16215
34216
18397
34644
18864
34696
19155
19156
19157
19158
35018
35819
23141
25394
36476
36745
