1905
30660
30662
2799
3032
3037
31114
3982
31205
31206
4160
31207
31208
31209
4161
31210
31211
4162
31212
31213
31404
31486
5728
6625
6629
31767
7370
31980
31981
31982
31983
31984
31985
7643
8560
8561
10371
32768
32769
32772
11525
32773
11526
32774
32775
11527
32776
11528
32777
11529
32778
11530
11531
32779
11532
11533
32780
11534
11535
32781
32782
11536
11537
32783
11538
32784
32785
11539
32786
11540
32787
11541
32788
11544
11545
11546
32789
32790
32791
32792
32793
32794
32798
11569
11570
32799
11571
11572
11573
11574
11575
11576
11577
32803
11578
11579
11580
32814
11598
11603
11607
11608
32829
32830
11621
32831
11622
11624
32833
11626
32834
11630
32838
11637
32840
11638
32841
32842
32843
11642
32844
32845
11643
11644
32846
11645
11646
32847
11647
32848
11648
32849
11649
32850
11650
32851
11651
32852
11652
11653
11654
32853
11655
11656
32854
32855
11657
32856
11658
11659
11661
32857
11662
11663
11668
32876
32877
32878
32879
11685
11687
11689
32881
32882
11693
11694
11695
32884
11697
11708
11709
11710
32888
11711
32889
11712
11714
11715
11716
11717
32890
32891
32892
32893
11718
32894
32895
11720
11721
32896
11722
32897
32898
32899
11723
11724
32900
32901
11725
32902
32903
32904
32905
11726
32906
32907
32908
32910
32911
32912
11727
11728
32913
11729
32914
32915
11730
11731
11732
11735
32918
32919
11740
32922
32926
32927
32928
32929
32930
11761
11762
32931
11763
32932
32933
11764
32934
32935
32936
32937
32938
32939
32941
32942
32943
32944
32945
11766
32946
32947
