162
163
30337
273
274
275
30338
30339
276
277
30340
279
30341
30342
280
281
282
283
284
285
286
287
288
290
291
292
30343
293
294
295
30389
668
721
723
30406
799
831
30464
1187
30540
1414
1919
30704
30718
2105
2108
2147
30770
2380
2529
30838
30879
30880
30881
30882
30883
30885
30884
30886
30887
30888
30889
30890
30892
30891
30893
30894
30895
2821
30908
30915
2926
30932
2942
2993
3024
30972
30980
30981
30982
30983
30984
3093
3094
3095
30985
3106
3109
3118
3377
3481
3699
3872
3979
4133
4136
31250
4543
4546
4614
31385
5536
5537
5858
31533
32
31607
6134
6135
31608
31659
6391
6613
6614
31759
6624
6732
6764
31807
6991
7065
31897
31898
31899
7070
7071
7072
7073
7074
7075
7076
7077
7078
7079
7080
7081
7082
7083
31900
7084
7085
7086
7087
7088
7090
7091
7092
7093
7094
7095
7096
7097
31902
7098
7099
7100
7101
7102
7103
7104
7105
7106
7107
7108
7109
7111
7112
7113
7115
7116
31903
31904
31905
7117
7118
7119
7120
7122
7123
7124
7129
31906
7130
7131
31907
7133
7144
31913
31929
7218
7220
7221
31939
7222
31941
31942
7223
7224
7269
31948
7662
32020
7663
7664
32025
7665
7666
32026
7668
7669
7671
32049
32050
7761
32057
7945
7947
32084
8066
32119
8256
8305
32171
32175
32176
8521
38
32258
32276
32291
32299
32300
32301
32302
32303
32304
9142
9268
9454
32449
32451
32543
10189
32600
32609
32624
10627
10628
32625
10630
