69
72
73
96
97
114
140
141
201
202
314
342
370
371
387
457
30363
538
557
565
609
613
654
725
729
769
778
780
30403
838
843
893
903
919
941
968
1027
30422
30423
1072
30452
1110
1116
1117
1181
1418
30545
1456
1499
1507
30562
1521
1535
1552
1556
30582
1593
1601
30588
1644
30595
1688
1699
30625
1836
1901
2104
2175
2179
2180
2196
2341
30800
2670
30816
30828
2733
2757
2874
30937
2965
2969
3010
3300
3301
3394
3516
3519
3543
3544
3545
3546
3550
3552
3556
31150
31151
3983
4344
4388
4392
4437
4450
4460
4462
4463
4551
4622
4703
4716
4720
4721
4722
4723
4803
4816
4832
4916
4936
4946
4954
4956
4986
4997
5000
5008
5020
31335
5034
5037
5039
5056
5061
5067
5127
5165
5205
5221
5222
5224
5225
5226
5228
5229
5250
31368
5387
5497
5505
5721
31499
31539
31547
6071
6323
6344
6365
6405
31795
31807
31826
6813
7032
7218
31938
7220
7221
31939
7222
31940
31941
31942
7223
31943
7224
7314
7647
32022
32023
32054
32083
8085
8101
8173
32121
8403
8406
8407
8410
8411
36
8513
8515
8518
8520
8521
32209
8634
8697
8710
8789
8819
8898
32279
8988
9060
9075
9086
32317
9160
9289
32377
9343
9369
9514
32449
9751
9752
9963
9976
10011
10013
10085
10086
10194
10230
10336
10352
10417
10457
10514
10675
10683
10684
10707
10712
43
10743
10913
10949
10967
10969
44
11081
11133
11210
11224
11295
11347
11382
