324
616
670
732
30398
785
1033
1285
1319
1377
1388
1619
1723
1732
1734
1735
1736
1820
2114
2130
30738
30739
2230
2257
2267
2271
2272
2314
2339
2484
2485
30798
30796
30797
2486
30799
2487
2488
2489
2490
2491
2492
2493
2494
2496
2497
2499
2500
2501
2505
2510
2761
2866
2867
2875
2877
2878
2950
2967
3008
3035
3277
3276
3278
3279
3820
3883
3888
3890
4076
4123
4144
4158
4159
4167
4221
4296
4300
4304
31249
4305
4307
4309
4841
4844
4845
4846
5294
5302
5303
5483
5490
5638
6099
6100
6129
6162
6476
6511
6545
6652
6698
6717
6736
6786
6893
6894
6906
6948
6949
6957
6966
7134
7269
7320
31970
7322
7433
7731
7786
7806
8075
8076
8106
8152
8227
8378
8399
8438
8455
8457
8458
8508
8877
9131
9268
9289
32371
9290
32373
32374
9291
9292
9293
9294
9295
9296
9500
9506
9654
9725
9726
9767
9824
9888
9932
9984
9986
9988
9989
9991
9992
32533
9993
9995
10011
10012
10013
10014
10015
10016
10017
10018
10019
10024
10103
10639
11198
11319
11320
11321
11913
12201
12202
33055
12249
12302
12312
12332
33151
12684
12697
12698
12704
12709
12810
12811
12812
33254
13049
13073
13081
13367
13396
13498
13519
13520
13521
13572
13607
33406
13630
33415
33440
13876
14188
14257
14360
14361
14362
14363
14372
14621
14946
33712
15068
15073
15495
15556
15567
15589
15590
15591
15598
15599
15600
15601
15651
33857
16010
16251
16276
16283
16287
16307
16308
16383
16399
16405
16412
