302
303
341
543
544
2059
3578
3718
3735
31092
31225
31359
31358
31414
5516
31545
6148
6307
31877
31896
7218
7219
7220
7221
31939
7222
31941
31942
7223
31943
7224
7637
7945
32081
32095
36
32224
8693
32317
9167
32344
32624
32729
11895
12128
12127
12334
33215
33222
33261
33262
33284
33515
33527
14324
14977
15049
33707
15092
15735
16067
33984
34274
17752
17907
17908
18430
18853
20244
21034
21109
21809
21810
21946
21977
21978
35533
35536
35823
35980
23934
36077
36200
36263
36324
25488
36557
36559
36560
36564
36565
36566
36567
36568
36569
36572
25868
26887
37031
37032
37034
