70
71
30337
275
30338
30339
276
277
279
280
281
287
30343
647
30389
668
30392
721
723
30402
799
30406
831
30410
872
1024
1027
30422
30423
30438
30441
1082
1083
1091
1122
1125
30461
30463
1175
1187
30474
1212
1248
30515
1352
30540
30541
1414
1517
1562
30579
1591
1617
1627
30593
1706
1762
30657
1901
30659
30661
1918
1919
30667
30668
30676
30677
1993
2006
30698
2078
2090
2105
2108
2127
2128
2145
2212
30738
2219
30740
2228
2346
2352
30783
30784
30785
30786
30787
2367
2368
2419
2475
2476
2481
2482
2503
2631
2633
30836
2703
2766
2796
2798
30880
30881
30883
30884
30885
30886
30891
30892
30893
30894
30897
2821
30908
2829
30909
2830
2831
2832
2833
2834
30910
2839
2863
2878
2923
2944
2988
2993
3032
3073
3142
3146
30991
3155
3183
3188
3196
3198
3201
3202
31010
31011
3214
3215
3216
3218
3223
3226
31013
3227
3228
3231
3235
3243
3244
31015
31016
3245
31021
31022
31037
31038
3360
3367
3430
3478
3521
3522
3523
3524
3525
3532
31074
3655
3656
3657
3658
3659
3660
3675
3676
31090
3762
31102
3766
3770
3791
3801
3928
31148
31150
31151
3983
3990
4012
4029
4035
4038
31165
31167
31192
4116
4136
4147
4154
31204
31205
31206
4160
31207
31208
31209
31210
4161
31211
31212
4162
31213
31224
4212
4215
4221
4224
31230
4241
4285
4312
4336
31260
4423
4503
4524
4614
31279
4685
4693
4696
4698
4738
4760
4776
31321
31323
5193
5194
31384
