30339
2207
2698
30879
30880
30881
30883
30885
30884
30886
30887
30888
30889
30890
30892
30891
30893
30941
3400
3447
5523
31508
31607
31608
31897
31898
7076
7083
31900
31901
7111
7116
31903
31904
31905
7119
7123
7124
7129
31906
7131
31907
7133
31929
8067
8104
12130
12482
33109
33110
33111
33112
12488
33113
33114
33116
12496
33117
12501
33118
12508
33119
12511
33120
33121
33122
12517
12740
12860
12863
12890
12894
33229
33470
15087
15098
33718
15107
33742
20544
20545
24986
25017
36414
36415
36416
36417
36418
36419
