364
379
380
381
501
762
963
1045
1135
1136
30464
1169
2038
2149
2389
2704
30896
2802
2803
2985
3514
3578
31079
3690
3776
3811
3930
3932
3938
3939
31141
4164
4165
4235
31302
4910
4911
5231
31376
5304
5305
5449
5450
5451
5452
5453
5454
5455
5456
5457
5458
5460
5461
5462
5463
5464
5465
5466
5467
5468
5469
5470
5471
5472
5473
5585
5795
31545
5923
5967
6001
6013
6042
6082
6185
6215
6252
6323
6358
6496
6498
6532
6553
6554
6799
6833
7229
7271
7273
7312
7674
7675
7782
7938
7967
7973
8044
8068
8119
8228
8381
8429
8503
8547
32211
32212
8548
32213
8549
8550
32214
8559
8619
8643
8680
8867
9168
9173
9369
9395
9502
9542
9573
9594
9782
9809
9878
32519
32520
32521
9960
32523
32524
9961
9962
32561
10381
10408
10582
10583
10584
10585
10587
10643
10726
32652
10727
32653
10807
11423
11492
11504
11505
11565
12137
12372
12373
33096
12387
12535
33124
12645
12712
12713
12738
12764
13048
13104
33314
33319
33320
13398
13400
13861
13862
14015
14148
14167
14168
33515
33516
14301
14302
33523
33527
14324
14381
14394
14395
33538
33539
14398
14399
14400
14401
14402
14403
14404
14405
14406
14407
14408
14409
14411
14412
14413
14414
14415
14416
14417
14418
14419
14420
14421
14422
33541
14446
14670
14719
14720
14727
14728
33612
14729
14730
14733
14734
14735
14736
14737
33644
14801
14972
15027
15167
15231
15365
15366
15368
15369
15371
15372
15373
15374
15375
15377
15378
15379
15380
33863
