233
30330
30337
273
274
275
30338
30339
276
277
30340
278
279
30341
30342
280
281
282
283
284
285
286
287
288
289
290
291
292
30343
293
294
295
647
668
30389
721
723
30402
799
30406
30410
831
1027
30422
30423
1156
30474
1187
1277
1278
30515
30540
30541
1387
1414
1505
1516
30579
1761
30625
30656
1895
1896
1905
30659
30660
30661
30662
1918
1919
30667
2034
2105
2108
2109
2211
2212
2252
2256
30749
30782
30783
2352
30784
2359
2360
2361
2362
2363
2364
2365
2366
30785
30786
30787
2367
2368
2370
2371
2372
30788
2373
2375
2376
2377
2378
2379
2380
2381
2382
2383
2482
2703
2799
30879
30880
30881
30882
30883
30884
30885
30886
30887
30888
30889
30890
30891
30892
30893
30894
30895
2811
2812
2821
2836
30910
2944
2959
2961
2993
3032
3036
3037
3307
3308
3328
31037
3359
31038
3360
3367
31041
3735
3803
31112
31114
31147
3981
31148
31149
3982
31150
31151
3983
4035
31161
31162
31165
31187
4136
4138
31205
31206
4160
31207
31208
31209
31210
4161
31211
31212
4162
31213
4215
31230
4261
31239
4320
4345
31260
4346
4614
31279
4738
31323
4925
31343
5193
5194
31349
5247
31404
5385
31405
5482
31428
5495
31466
31486
5728
5766
31508
5767
5768
6133
31606
31607
6134
6135
31608
6187
6201
6276
31651
6326
6613
6614
6616
6617
31754
31755
31756
31757
31758
6618
6619
6620
6621
6622
6623
31759
6624
6625
6629
6631
6637
31767
6638
6640
6710
31878
31879
6961
6962
6964
31880
7065
7066
7067
31897
7070
7071
7072
7073
7074
7075
7076
7077
7078
7079
7080
7081
7082
7083
31900
7084
31901
7086
7087
7088
7089
7090
7092
7093
7094
7095
7098
7099
7100
7101
7102
7103
7104
7105
7106
7107
7108
7109
7110
7111
7112
7113
7114
7115
7116
31904
31905
7117
7118
7119
7120
7121
7122
7123
7124
7125
7126
7127
7128
7129
31906
7130
7131
7132
31907
7133
31928
31929
31934
7210
31935
7217
7218
31938
7219
7220
7221
31939
7222
31940
31941
31942
7223
31943
7224
7225
7231
7232
7233
7234
7235
7245
31946
31956
7323
7335
7369
7370
31980
31981
31982
31983
31984
31985
7371
7414
7643
7660
7662
32020
32022
32023
7663
7664
32025
7665
7666
32026
32027
32028
7667
32029
7668
7669
7670
7671
7738
32049
32050
7761
32051
32055
7815
7816
7941
32067
8079
8128
8129
8235
8305
8560
8561
32248
8821
8822
8823
8824
8825
8826
8827
8828
8829
8830
8831
8832
32277
9050
9051
9052
9053
32298
32299
32300
32301
32302
32303
32304
9062
9063
9064
32331
9130
9429
9454
32404
9477
9478
32405
9479
9480
9481
9482
9483
9484
9485
9486
9487
9488
9489
9490
9491
9492
9507
9550
9574
32425
32426
9589
9598
32435
9773
32464
32465
32466
32467
32468
32474
10005
10371
10377
10537
10627
10628
10629
32625
10630
32628
10653
10665
32638
32639
11031
32759
32760
11521
11523
32768
32769
32770
32772
11525
32773
11526
32774
32775
11527
11528
32776
32777
11529
32778
11530
11531
32779
11532
11533
32780
11534
11535
32781
32782
11536
11537
32783
11538
32784
32785
11539
32786
11540
32787
11541
32788
11544
11545
11546
11548
11550
11551
11552
11553
11554
11555
11556
32789
32790
32791
32792
32793
32794
11557
32796
32798
11569
11570
32799
32800
11571
11572
11573
11574
11575
32801
32802
11576
11577
32803
32804
11578
11579
11580
11586
32811
11588
32812
32813
32814
11597
11598
11602
11603
32816
32817
32818
32819
11604
32821
11606
11607
11608
11610
32822
32829
32830
11615
11616
11617
11618
11620
11621
32831
11622
11623
11624
32833
11625
11626
32834
32835
11629
11630
32836
32837
32838
11632
11637
32840
11638
32841
32842
32843
11642
32844
32845
11643
11644
32846
11645
11646
32847
11647
32848
32849
11648
11649
32850
11650
32851
11651
32852
11652
11653
11654
32853
11655
11656
32854
32855
11657
32856
11658
11659
11660
11661
32857
11662
11663
11668
11669
11670
32858
11671
11672
11674
11675
11676
11677
11678
11679
11680
11681
32859
32860
32861
32862
32863
32864
32865
32866
11682
32867
32868
32869
11683
32870
32871
32872
11684
32873
32874
32875
32876
32877
32878
32879
32880
11685
11687
11688
11689
32881
11690
32882
11691
32883
11692
11693
11694
11695
32884
11697
11706
11708
11709
11710
32888
11711
32889
11712
11713
11714
11715
11716
11717
32890
32891
32892
32893
11718
32894
32895
11720
11721
32896
11722
32897
32898
32899
11723
11724
32900
32901
11725
32902
32903
32905
11726
32906
32907
32908
32910
32911
32912
11727
11728
32913
11729
32914
32915
