262
30348
345
621
30396
786
1013
30441
1081
1082
1083
1085
1182
30475
30518
30536
30537
1379
1380
1590
1618
1676
1687
1839
1840
1841
1842
1843
1926
1963
1989
1990
1994
2031
2076
2134
2151
2159
2160
2224
2234
2261
2284
2406
2408
2427
2428
2460
2818
30905
30906
30907
2937
30936
2968
30959
3261
3262
3263
3264
3265
3266
3267
3268
3269
3270
3271
3272
3273
3274
3275
3276
3277
3278
3279
3281
3282
3283
31033
3488
3489
3490
3491
3492
3493
3494
3495
3496
3497
3498
31063
3499
3500
3501
3502
3504
3506
3507
3508
3509
31064
31065
3510
3512
31079
3725
3827
3939
3941
3942
3950
3951
3952
3953
3954
4007
31192
31193
31201
31202
4148
4170
4247
4292
4293
4294
4301
4302
4306
4429
31302
4761
4762
4763
4764
4765
31303
4766
4767
4769
4771
4773
4779
4780
31305
4785
5179
31341
5197
31374
5493
31472
5652
5653
5662
5663
5664
5665
5666
5667
5668
5669
5670
5671
5718
5730
5733
5750
5850
5854
5856
5857
31542
6023
6314
6324
6361
6461
6462
6463
6464
6465
31716
31717
6523
6546
6634
6672
6689
31787
31792
6825
6826
31847
6828
31848
6944
7039
7040
7041
7051
7059
7060
7061
31936
31937
7248
7249
7252
31947
31949
31950
31951
31952
7274
7275
31953
7302
31962
7365
7368
7406
7418
7653
7673
7827
7937
7964
8022
8055
8056
8061
8103
8166
8243
8249
32137
8250
32149
32161
8359
8383
8384
8385
8386
8391
8393
8396
8397
8442
