30735
30781
30958
3510
31110
31218
31219
4195
31221
4901
31346
31350
31351
31451
31452
31581
31591
31593
31953
32151
32153
32218
32219
32220
32222
32264
32265
32321
32320
9114
32326
9123
9155
32342
32427
32428
9576
32429
9577
9932
32554
10043
10122
32566
32567
10179
32577
10223
32579
32629
32733
32734
32735
32737
12617
33200
33201
33203
13269
33322
13694
33423
33458
33460
33545
33546
33547
14429
15234
33775
33778
33909
18626
19006
35445
35446
35447
35492
35702
35895
35897
35902
35903
36442
36443
36532
