30330
233
30337
273
274
275
30338
30339
276
277
30340
278
279
30341
30342
280
281
282
283
284
285
286
287
288
289
290
291
292
30343
293
294
295
647
668
30389
721
723
30402
30406
799
831
30410
1027
30422
30423
1156
1187
30474
1277
1278
30515
30540
30541
1387
1414
1505
1516
30579
1761
30625
30656
1895
1896
1905
30659
30660
30661
30662
1918
1919
30667
2034
2105
2108
2109
2211
2212
2252
2256
30749
30782
30783
2352
30784
2359
2360
2361
2362
2363
2364
2365
2366
30785
30786
30787
2367
2368
2370
2371
2372
30788
2373
2375
2376
2377
2378
2379
2380
2381
2382
2383
2482
2703
2799
30879
30880
30881
30882
30883
30884
30885
30886
30887
30888
30889
30890
30891
30892
30893
30894
30895
2811
2812
2821
2836
30910
2944
2959
2961
2993
3032
3036
3037
3307
3308
3328
31037
3359
31038
3360
3367
31041
3735
3803
31112
31114
31147
3981
31148
31149
3982
31150
31151
3983
4035
31161
31162
31165
31187
4136
4138
31205
31206
4160
31207
31208
31209
31210
4161
31211
31212
4162
31213
4215
31230
4261
31239
4320
4345
31260
4346
4614
31279
4738
31323
4925
31343
5193
5194
31349
5247
31404
5385
31405
5482
31428
5495
31466
31486
5728
5766
31508
5767
5768
6133
31606
31607
6134
6135
31608
6187
6201
6276
31651
6326
6613
6614
6616
6617
31754
31755
31756
31757
31758
6618
6619
6620
6621
6622
6623
31759
6624
6625
6629
6631
6637
31767
6638
6640
6710
