158
159
215
216
356
363
392
922
980
991
992
993
994
1129
1486
2459
2603
2636
2681
2861
3019
3021
3022
3420
3622
3894
4535
4538
4547
4638
31385
5527
31554
6299
6413
6766
6887
7027
7552
8074
8947
9326
9327
42
10173
33014
11945
33035
12082
12111
12692
13731
14665
14826
14848
14873
14884
15074
15080
15191
33751
49
15197
15466
15956
15958
16205
16502
16948
18014
34467
18294
19922
20395
20396
21020
21484
21487
21941
22036
22175
22263
22264
22633
22694
22756
24123
24137
24164
24218
24323
24977
24983
25302
25303
25304
25305
26742
27262
27864
27931
