235
236
237
245
30344
13103
307
470
498
503
504
505
506
507
508
509
510
511
512
513
514
515
516
517
518
519
638
825
30424
30440
1102
1168
1320
30597
1760
1815
1835
1836
1837
1838
1873
1891
1892
1886
1885
1884
1893
1894
1898
1899
1913
1914
1915
1916
1966
1968
1969
1970
1971
1972
1973
1974
1975
1976
1977
1984
1989
1995
2007
2008
2011
2012
2039
2059
30716
30718
30722
30723
30724
2126
2166
2167
2168
2169
2170
2171
2172
2173
2174
2175
2176
2177
2178
2179
2180
2181
2182
2183
2184
2185
2186
2187
2188
2189
2190
2191
2192
2193
2194
2195
2196
2197
2198
2199
2200
2202
2203
2204
2205
2206
2207
2208
2209
2216
2217
2218
2222
2223
2248
2251
2253
2254
2258
2259
2260
30841
2783
2786
2792
30900
2820
2889
2896
2927
2928
2951
2962
2963
30943
30944
30945
2975
30946
30947
2976
30950
3045
3054
3117
3326
31029
31030
3438
3439
3468
3470
3471
3472
31057
31058
3498
3513
3533
3701
3707
3708
3709
3710
3711
3712
3713
3714
3715
3734
3859
3888
3928
31135
3973
4021
4025
4029
4032
4127
4140
4141
31199
31200
4145
4146
4149
4166
31215
4172
4178
4256
4257
4258
4336
4404
4488
4513
4514
4515
4516
4517
4518
4524
4593
4594
4595
4597
4598
4599
4602
4603
4604
4605
4606
4608
4609
4610
4611
4643
31285
4876
31313
5206
5210
5226
5286
5412
5414
5433
5439
5480
5481
31425
31426
31427
5595
31456
31457
5596
5637
5707
5709
5711
5712
5713
5714
31489
5899
5900
5964
31558
5965
5966
6011
6012
31609
6199
31622
6241
6266
6267
6280
6318
6411
6523
6526
31723
6551
6552
6593
6595
6789
6797
6831
31849
6836
6896
6897
6898
6899
6900
6902
6903
6904
6943
6944
6945
6946
6947
6987
6991
31885
7012
31892
7013
7014
7015
7016
7017
7042
7043
7044
7045
7046
7047
7048
7053
7202
7239
31945
31954
31961
7304
7305
7306
7307
7309
7315
7316
7355
31975
7356
7357
7358
7359
7360
7362
7365
7386
31988
31989
7387
7388
7389
7391
7392
7393
7394
31990
7397
7398
7399
7400
7401
7402
7442
7443
7444
7445
7448
7451
7453
7454
7615
7627
32012
7653
32044
7825
7850
7854
7855
7856
7857
7858
7859
7860
7861
7862
7863
7864
7865
7866
7867
7868
7869
7870
7871
7872
7873
7874
7875
7876
7877
7878
7879
7880
7881
7882
7883
7884
7885
7886
7887
7888
7889
7890
7891
7892
7893
7894
7895
7896
7897
7898
7899
7901
7902
7903
7904
32062
7905
7906
7907
7908
7909
32063
7910
7911
7912
7914
7915
7916
7917
7918
7919
7920
7921
7922
7923
7924
7925
7926
7927
7928
7929
7930
7931
7932
32064
7933
7936
7944
32087
7968
7996
7997
32094
7998
7999
8000
8001
8002
32095
8003
8004
8005
8006
8007
8008
32096
32097
8010
8011
8012
8013
8014
8015
8016
8017
8018
8019
8020
8022
8023
8024
8025
8081
8086
8089
32108
8092
8095
8096
8097
8098
8126
8127
8153
8154
8155
8156
8157
8197
8198
8199
8200
8201
8202
32143
8256
8257
8258
8259
8260
8261
8263
8264
8265
8267
8269
8270
8271
8272
8273
8275
8276
8277
8278
8280
8281
8282
8283
8284
8285
8287
8289
8290
8291
8292
8293
8296
8297
8298
8299
8300
8302
8303
8304
8499
8504
8537
32216
8590
8622
32262
8812
8834
32287
32288
8970
8971
8973
8974
8985
9054
9056
9057
9127
9128
32340
9172
9175
9176
32343
9178
9179
9180
32344
9181
9182
9183
9184
9185
9186
9187
9188
9189
32345
32346
32347
32348
32349
9190
9191
9192
32350
9193
32369
9310
32389
9406
9407
9408
9430
32400
9504
32417
9622
9661
32443
9664
9764
9806
32477
32479
32480
9825
9826
9827
9828
32481
32482
9830
9831
9832
9833
32483
9834
9835
9836
9837
9838
9840
9841
9842
9843
9844
32484
32485
9845
9846
9847
9848
9849
9850
9851
9852
9853
9854
9855
9856
9872
9873
32493
9874
32494
9875
9895
9938
9965
10071
10072
10073
10401
10442
10552
10573
32626
32627
10657
32644
10916
10950
10960
32711
11085
11240
32754
11494
11496
11497
11498
11500
11567
11609
11611
32823
32824
11612
11613
32825
32826
32827
32828
11614
11664
11696
32920
32925
11790
11792
11795
32967
11797
11798
11800
11801
11803
33020
33022
11979
11980
11981
11983
11984
11985
11986
11987
11988
11989
11990
12003
12152
12156
33041
12157
12158
12160
12161
12163
12173
12174
12184
33048
12193
12194
12206
12207
12211
12304
12371
12416
12580
12589
