92
93
139
138
150
151
197
198
207
208
308
417
30310
464
30357
530
1005
30467
30568
1815
1838
30723
30724
2170
2172
2230
2570
2679
3016
3288
3296
3744
31113
4070
4071
31186
4073
4534
4637
4647
4670
4672
5250
31368
5354
5404
5532
5586
5618
5625
5653
5911
5943
6170
6175
6202
6359
31701
6501
6531
31723
6801
6803
31794
31798
31815
31816
31818
31819
31820
31821
31822
31823
31824
31825
31826
31828
31829
31830
31831
31832
31833
31835
31836
31837
31838
31839
31841
6988
7279
7355
7388
7541
7539
7540
7759
8195
8439
8556
8700
8855
32340
32347
32348
32349
9190
9276
9464
9644
9820
9844
9868
10016
10081
10176
10737
10738
10745
10746
10747
10763
11497
11918
45
12535
33124
12536
12540
12541
33127
12547
12548
12550
12552
12635
12636
33205
12834
30317
13029
13030
13082
13258
13691
13710
13724
13760
13912
14254
14328
14485
14647
33738
33744
15261
33830
15997
16144
16266
16501
34052
16535
16578
16639
16648
16751
16938
17531
17645
17838
17896
17957
18415
18441
19222
34831
19984
20898
232
21346
35366
21691
35451
21807
21827
22158
22172
22181
35604
22183
22311
22312
22570
22647
22648
22649
23121
23122
23142
23157
23314
35854
23377
23410
23431
23461
23484
23569
23570
23571
23572
23574
23584
23600
23601
23602
35935
35944
35991
35992
23983
24037
24038
24059
24157
24345
36113
24353
36163
24451
24452
36187
24564
24697
24730
24814
24844
24946
25090
25098
25112
36483
25663
25839
26154
26425
27246
27470
36872
28262
28573
28612
37165
28668
28725
28816
28835
37246
37304
28984
29044
29046
29169
29170
29204
29219
29228
37480
29605
29650
29712
29730
29735
29761
29774
29863
29951
30014
30055
30108
30121
30134
30268
