30346
465
677
761
798
823
846
1015
1024
1046
1119
1120
1127
1191
1247
1258
1259
1291
30529
1350
1598
1633
1673
1679
1707
1714
1741
1856
1881
1882
30657
2005
2041
2044
30710
2056
2057
2062
2063
2089
2103
2106
2127
2210
2224
2225
2226
2227
2228
2232
2233
2235
2374
2384
2401
2403
2415
2416
2419
2420
2429
2438
2472
2478
2479
2480
2481
2502
2531
2698
2707
2708
2718
2719
2725
2729
2759
2770
2773
2774
2776
2775
2777
2796
2806
2807
2817
2844
2845
2846
2847
2855
2857
2858
2859
2860
2861
2862
2863
2864
2865
2881
2931
2932
2933
2935
2938
30970
3080
3296
3387
3388
3389
3390
3391
3427
3428
3434
3702
3705
3716
3722
3723
3741
31092
3747
3759
3768
3791
3794
3796
3828
3887
3897
3952
3991
4066
4118
4173
4501
4672
4695
4736
4772
4804
4815
4905
4906
4907
4908
4912
4918
31380
5300
5405
31412
5440
5478
5498
5499
5560
5574
5575
5576
5577
5578
5580
5581
5626
5627
5628
5741
5760
5779
5904
5905
5936
6026
6027
6028
6101
6124
31600
6125
6202
6205
6206
6235
6236
6256
6300
6313
6321
6366
6394
6395
6397
6403
6409
6414
31699
6457
6492
6502
6524
6531
6544
6601
6608
6657
6677
6679
6680
6724
6726
6798
6808
6812
6814
6815
6816
6817
31844
6837
6842
6843
6844
6845
6846
6847
6848
6849
6850
6851
6852
6853
6854
6855
6856
6857
6858
6859
6860
6861
6864
6979
7054
7057
7247
7291
7310
7441
7612
7613
7614
7616
7618
7620
7698
7780
7781
7783
7809
7939
32082
7960
7969
8039
8041
8053
8186
8190
8204
8222
8338
32162
8388
8422
8494
8502
8523
8524
8525
8526
8533
8534
8535
8743
8787
8788
8789
8813
8814
8905
8908
9107
9113
9119
9169
9309
9370
9371
9378
9456
9457
32407
9513
9624
9626
9627
9762
9763
9765
9801
9815
9966
9998
10032
10033
10046
10098
10141
10142
10143
10180
10183
10199
10200
10553
10554
10557
10558
10604
10610
10611
10614
10615
10617
10631
10633
10641
10651
10720
10797
10966
10982
10983
10984
10988
11100
11468
11592
11593
11594
11595
11862
11915
11921
11922
11923
11930
11936
11937
11961
12170
12171
12185
12187
12203
12220
12222
12250
12258
12275
12305
12306
12309
12325
12388
12525
12526
12554
12558
12559
12560
12561
12564
12578
12585
12586
12647
12723
12726
12734
12735
12744
12745
12797
12804
12850
12871
12872
12896
13072
13078
13089
13091
13092
13093
13094
13096
13105
13130
13142
13143
33287
13154
13155
13153
13174
13176
13255
13256
13275
13278
13295
13480
13499
13514
13522
13546
13547
13548
13549
13571
33379
13619
13621
13622
13626
13627
13633
13634
13649
13656
13663
13666
13676
13703
13704
13713
13715
13740
13741
13758
13769
14007
14017
14138
14146
14190
14191
14259
14328
14331
14334
14351
14355
14356
14385
14392
14425
14426
14427
14430
14612
14647
14655
14667
14721
14770
14788
14803
14804
14805
14940
14970
15067
15136
15139
15140
15141
15142
15144
15146
15150
15151
15165
15168
15169
15173
15176
15215
15219
15237
15240
15250
15255
15327
15336
15347
15357
15393
15396
15414
15415
15435
15449
15455
15459
15461
15463
15471
33807
33809
15497
15515
15517
15566
15597
15605
15612
15614
15616
15662
15672
15681
15686
15687
15731
15732
15847
15872
16107
16165
16193
16238
16281
16383
16554
16569
16622
16626
16646
17032
17461
17818
17863
17903
18006
18208
18281
18282
18318
18456
18780
18803
19198
19387
19486
19717
19720
19771
19896
20327
20790
35173
35174
21169
21187
21303
21336
21344
21393
21399
21426
21488
21489
21492
21529
21534
21565
21653
21825
21826
21841
21847
21849
21850
21857
21859
21865
21866
21867
21868
21869
21872
21883
21931
21951
21979
22380
22434
22440
22441
22453
22458
22460
22462
22479
22522
22523
22578
22745
22959
22960
22961
35773
22966
23051
23105
23120
23162
23169
23170
23171
23172
23173
23174
23175
23247
23278
23296
23300
23305
23334
23344
23345
23346
23347
23348
23356
23357
23358
23374
23381
23429
23432
23459
23493
23508
23714
23732
23752
23753
23754
23755
23757
23862
23863
23866
23867
23868
23885
23894
23899
23900
23901
23904
23919
23920
23968
23972
23977
23980
23987
23991
36020
24009
24010
24011
24016
24020
24028
24031
24035
24195
24196
24199
24206
24207
24216
24222
24223
24331
24388
24523
24601
24767
24788
24843
24846
24848
24885
24929
24975
24976
25057
25142
25146
25175
25185
25231
25441
25442
36440
25509
25515
25516
25541
25542
25554
25555
25556
25588
25723
25725
25797
25837
26154
26197
26225
26736
27160
27161
36743
27168
27277
27278
27281
