30660
30662
3032
31114
31147
31165
31205
31206
31208
31207
31209
31211
31213
31239
31404
31486
5728
6625
6629
31767
7070
7079
7081
7370
31980
31981
31982
31983
31984
31985
8079
32277
10371
32768
32769
32773
11526
32774
11527
32776
11528
32777
11529
32778
11531
11530
32779
11532
32780
11533
11534
11535
32781
32782
11536
11537
32783
11538
32784
32785
11539
32786
11540
32787
11541
32788
11544
11545
11546
32789
32790
32791
32792
32793
32794
32796
32798
11569
32799
11570
32803
32804
32813
32814
11597
11603
32819
11604
11606
11607
11608
32829
32830
11616
11621
32831
11622
32833
11624
11625
11626
32834
32837
32838
11637
32840
32841
32842
11642
32844
32845
11643
11644
32846
11646
32847
11647
32848
11648
32849
11649
32850
11650
32851
11651
32852
11652
11653
11654
32853
11655
11656
32854
32855
11657
32856
11659
11661
32857
11662
11663
11668
11669
11670
32858
11671
32868
32876
32877
32878
32879
11685
11687
11692
11693
11694
11695
32884
11697
11708
32889
11715
11716
32890
32891
32892
32893
32894
32895
32896
32897
32898
32899
32900
32901
11725
32902
32903
32904
32905
11726
32906
32907
32908
32910
32911
32912
32913
32914
32915
11732
32916
11735
32917
11736
32918
32919
11740
32922
32926
32927
32928
32929
32930
11761
11762
11763
32932
11764
32934
32935
32936
32937
32939
32942
32943
32944
32947
32946
11768
11769
11770
11771
11772
32962
11787
32965
32966
32968
11807
11808
32969
32970
11809
11810
32971
32972
11812
11820
11821
11822
11824
32974
11832
32977
32979
11839
11843
32985
11847
