32966
32968
11807
11808
32969
32970
11809
11810
32971
32972
11812
11820
11821
11822
11824
32974
32977
32979
11839
11843
32985
11847
32988
32989
32990
11856
32991
32994
33007
33008
33009
11993
11994
33067
12330
12628
33148
33307
13205
33308
13206
33688
33743
33773
15348
15922
16215
33975
33993
34216
34345
17618
34529
18220
18397
34589
34588
18567
34637
34644
18864
34696
34697
34706
34785
19155
34786
34787
19156
19157
19990
34982
34983
34984
35018
20905
35309
35819
23141
35915
23662
23938
36061
36068
36381
25394
36571
36745
