764
30964
3034
30965
30966
3831
3860
5610
5831
8405
8466
8467
8468
8568
8579
8580
8581
8582
8583
8584
8868
8982
9573
10035
32681
32742
12299
33144
13357
13358
13848
14510
15401
15564
33877
16257
17008
34456
18182
34526
18640
18762
34693
19312
20342
20553
21062
21987
22138
22515
23110
35941
23806
35966
23839
35978
35979
35980
35985
23922
23969
23970
36015
24249
24250
36083
24251
24252
36086
24253
24254
24255
36088
24256
24257
24258
24259
36090
24260
36091
24261
24262
36093
36094
24263
24264
24265
24266
36095
24267
24268
24269
24270
24271
24272
36096
24273
24274
24275
24276
24277
24278
24279
24280
24281
24282
24283
24284
24285
24286
24287
24288
24289
24290
24291
24292
24293
24294
24295
24296
36098
36099
24299
36101
24300
36104
36105
36106
24311
25649
25650
27362
27364
27365
