66
70
71
72
73
83
82
108
109
114
149
141
140
157
156
170
189
190
214
213
225
300
310
312
314
338
354
369
14
386
390
428
527
30368
531
538
566
685
932
963
972
1099
1104
1148
1177
1178
1180
1181
1184
1185
17
18
1476
30675
2341
2401
2498
2528
2575
2632
30816
2873
2907
3010
3303
3323
3353
3354
3544
3699
3735
3793
4036
4220
4292
4460
4515
4547
4551
4703
4721
4735
4803
4816
4832
5000
5020
5081
5205
5226
31358
31359
5228
5229
31379
31381
31484
31485
5760
5817
31539
5875
31556
6001
6177
6204
6206
6238
6453
6458
6505
6605
6606
6910
6956
7218
31938
7219
7220
7221
31939
7222
31940
31941
31942
7223
7224
7229
7313
7315
7432
7500
7502
7647
7663
7666
32026
7784
32096
8049
8112
8114
8115
8191
8217
8356
32187
36
32203
8513
8515
8518
8519
32204
8521
8580
8692
8695
8702
8739
8819
8867
8898
8988
9074
9100
9182
32377
9395
9501
9514
9643
9707
9752
9763
9968
32528
10094
10307
32587
10487
10638
32644
10808
10973
11004
11223
11224
11230
32753
11423
11424
11495
32951
12029
12030
12071
12080
12113
12180
12190
12247
33063
12581
12662
12696
12710
33215
33222
13086
13109
33314
13325
13395
13703
13735
13923
14239
14250
14275
14276
14295
14305
14316
14326
14333
14670
33609
14690
14691
14719
33615
15051
15483
15581
15630
33884
15955
15958
15982
16091
16183
16193
16244
16245
16269
16429
16431
16671
34101
