265
1318
1845
2956
2957
3762
4359
4360
4361
4546
4914
5233
5297
31416
5437
5537
5536
5607
5606
5613
5672
5673
5675
5674
5676
5677
5680
5678
5681
5683
5682
31474
5684
5685
5686
5687
5688
5689
5690
5691
5692
31475
5693
5694
5696
5695
31476
5698
5697
5699
5700
5701
5702
31477
5705
5703
5704
5706
31478
31479
31480
31498
5788
5793
5794
5796
6994
6995
7058
31894
31895
31896
7211
7215
7255
31963
31964
31965
7427
7955
7991
7992
7993
7994
8111
8324
8595
8596
8597
8598
8599
8600
8601
8602
8603
8604
8605
8606
8607
8608
8609
8610
8611
8612
8613
8614
8615
8811
8847
8965
9014
9015
9017
9019
9020
9022
9023
9024
9029
9030
9048
9098
9509
9970
10618
10623
10650
10655
32634
13133
13146
14048
33507
14242
14693
15353
15354
15355
15603
33899
33929
16038
16040
16043
16222
16227
16340
16478
34105
34133
34132
16772
16773
34134
16846
16847
16848
16849
16850
16957
17392
34279
34280
34281
17393
17507
17550
17675
17691
17734
17751
17752
17793
17819
17978
18202
18203
18356
18426
18572
18589
18641
18707
34666
34667
19103
19503
19597
19603
19845
19873
19875
19876
19904
19940
20111
20129
20173
20328
20527
20702
20703
35195
35278
35279
35293
21202
21264
21267
21843
22043
22044
22443
22449
22457
22508
22520
23283
23284
35871
23502
23734
24307
24308
24844
25406
25512
25513
26153
26174
26192
26193
27494
36805
27526
27849
27850
27964
36879
27993
28010
36976
28223
28239
28255
28282
28288
37014
28457
28458
28504
28525
