30326
85
84
108
109
191
192
211
212
30347
313
315
339
340
1178
1184
1201
1204
20
1208
19
1215
1904
2532
3291
3699
3735
3846
3858
5226
31359
31358
5228
5229
5939
5947
31668
31676
31688
31692
31693
6458
31880
7143
7218
7219
7220
31939
7221
7222
31941
31942
7223
31943
7224
32000
32081
36
8819
9075
32339
32622
11414
11819
11895
11970
33024
12027
12618
33215
33222
33261
33262
13052
13606
14305
14314
14690
14719
14977
33694
15340
34465
19423
21977
21978
35533
35536
22142
35789
35973
23934
24779
25094
25386
25488
36470
25655
36557
36559
36560
36564
36565
36566
36567
36568
36569
36572
25868
31941
31942
7223
31943
7224
32000
32081
36
8819
9075
32339
32622
11414
11819
11895
11970
33024
12027
12618
33215
33222
33261
33262
13052
13606
14305
14314
14690
14719
14977
33694
15340
34465
19423
21977
21978
35533
35536
22142
35789
35973
23934
24779
25094
25386
25488
36470
25655
36557
36559
36560
36564
36565
36566
36567
36568
36569
36572
25868
