30402
30406
799
30410
30474
30515
1414
2457
4077
4136
4223
6261
6632
6876
7234
7725
7736
32759
32811
11634
32860
32862
32863
32867
32869
32873
32877
32878
32881
11690
11691
32958
32960
32980
32981
11844
11964
33100
33101
13210
13211
33309
13212
13213
13214
13215
16288
16331
17014
34215
34217
34218
34219
34220
34221
17445
17517
34347
17698
17958
18145
34518
34575
34598
18474
34676
34677
34725
18951
34784
34791
34792
34824
34892
20349
20469
20637
35181
20901
35216
20944
35294
21441
35361
21996
35618
35619
35620
22331
23148
24971
36395
