66
30326
70
71
72
73
84
85
96
97
108
109
149
114
129
128
130
131
140
141
156
157
162
163
165
164
170
192
191
201
202
210
212
211
213
214
225
251
259
30334
30333
30344
296
30347
301
310
312
313
314
315
338
339
340
354
369
14
389
402
428
440
468
30365
504
527
30368
531
538
553
566
603
648
693
708
744
784
874
875
880
917
30419
951
968
975
974
1039
1099
1104
1148
1177
1178
1181
1184
17
1200
1201
1203
20
1207
1208
1210
1211
18
1212
19
30484
1214
30485
1215
1216
1220
1221
1222
1225
1226
30487
1229
1230
1231
1234
1235
1237
1238
1239
1241
1242
1244
1246
1247
1290
1350
1476
1479
1520
1836
1872
30675
1947
30710
2138
2156
2179
2192
2256
30749
2401
2418
2498
2528
2532
2554
2583
2627
2630
2632
2651
2656
2676
2743
2744
2746
2873
2897
2907
30937
30939
30946
30953
3010
3059
30979
3096
3118
3142
3187
3290
3291
3292
3303
3353
3354
3401
3420
3423
3545
3546
3547
3548
3563
3654
3718
3735
31092
3747
3793
3846
31118
3882
4031
4069
31185
4144
4220
4292
4460
4516
4547
4551
4643
4703
4721
4735
4803
4816
4832
4864
4969
4998
5000
5020
5039
5089
5134
5205
5226
31358
31359
5228
5229
5289
31381
5396
5398
31412
5407
5408
5478
5499
31463
31484
31485
5760
31509
5817
5849
31539
5875
5939
5947
31556
6001
