67
72
260
387
471
30311
30416
30415
1016
1178
1179
1181
1327
1422
1846
1847
30652
30664
1939
1955
1957
1961
1981
1983
2277
30759
2348
2525
2526
2527
2528
30800
2530
2723
2808
2841
3018
3064
3065
31039
3361
3767
3823
3962
31158
31186
4073
31204
31216
4244
31235
4350
4351
4352
31291
31311
4832
4833
4838
4916
5229
5285
5298
31418
5446
5484
5492
5494
5605
5744
5756
5812
5902
31547
31548
31549
31550
5906
5969
6092
6128
6168
31612
6169
6170
6171
6172
6173
6222
6221
6255
6259
31627
31628
6355
31701
6456
6504
31710
31711
6678
6781
6782
31848
6841
31853
31890
31955
7415
7647
7682
32065
32066
32073
7971
8077
8113
32121
8217
8223
8342
8343
8344
8345
8346
8347
8348
8349
8350
8351
8445
8446
32200
8562
8563
8594
9204
32380
9427
9428
32408
9566
9567
9568
9569
9570
9571
9595
9662
9700
9701
9702
9703
9704
9705
9706
9707
9708
9709
9710
32452
9711
9712
9713
9715
9716
9718
9721
9722
9723
9724
9740
9741
9976
10059
11099
11495
11560
11900
11914
11963
33029
12005
12006
12007
12140
12237
12238
12239
12240
12379
12380
12381
12382
12383
12384
12385
33102
33103
33105
12566
33135
33142
12696
12706
33162
12707
12708
12722
12792
33214
12908
30317
33243
33244
13030
33256
33286
33321
13258
13259
13389
13403
13471
13473
13583
13601
13635
33410
33411
13636
13637
13638
13639
13640
13641
13642
13643
13644
13645
13646
13647
13648
13652
33414
33449
33450
33451
13884
13935
