67
72
73
1178
1179
1181
1327
1422
1737
1846
30664
1983
2277
30759
2348
2525
2526
2527
2528
30800
2530
2723
2841
3018
3064
3065
31039
3361
3767
3823
3962
31158
4073
31204
4244
31235
4350
4351
4352
31310
31311
4832
4833
4838
4916
5229
5285
5298
5484
5494
5605
5744
5756
31547
31548
31549
31550
5969
6128
6168
6169
6171
6172
6173
6221
6255
6259
31627
31628
6355
6456
6504
31710
31711
6678
6781
6782
6841
31853
6954
31892
31955
7415
7647
7682
32073
32082
7953
7971
8077
8114
8115
8179
32121
8223
8343
8342
8345
8346
8348
8349
8350
8351
32200
8563
8594
9204
32380
32392
9427
9428
9568
9571
9595
9662
9700
9701
9702
9703
9704
9705
9706
9707
9708
9709
9710
32452
9711
9712
9713
9714
9715
9716
32453
9721
9722
9723
9724
9740
9741
9976
10059
11099
11495
11560
11900
11914
11963
33029
12005
12006
12007
12140
12237
12238
12239
12240
12379
12380
12381
12382
12383
12385
33102
12394
12566
33142
12696
12706
12707
12708
12722
12792
12908
13030
33286
13259
13389
13403
13471
13473
13583
13601
13635
33410
33411
13636
13637
13638
13639
13640
13641
13642
13643
13644
13645
13646
13647
13648
13652
33414
33450
33451
13884
13935
13936
14052
14063
14066
33492
14228
14378
14584
14603
14666
14771
14773
14938
15160
33746
15212
15242
33770
15411
15457
33837
15680
15725
33883
15981
15982
15983
15984
15985
15986
15987
15988
15989
15990
15991
15992
15993
15994
16021
16077
16086
16089
16090
16091
16093
16094
16095
16096
16097
16098
16099
16100
16101
16102
16105
16108
16116
16130
16136
16138
16145
16155
16196
16201
16211
16212
16213
16232
16243
16244
16245
33977
16253
16295
16296
16305
33991
16316
16341
16342
16380
16383
34018
16416
16427
16428
16429
16430
16431
16432
16435
16436
16441
16460
16461
16462
16463
34042
34043
34044
34045
16464
16465
16466
16467
16468
16469
16470
34048
34049
16487
16488
16492
16654
16655
16671
16680
16688
16689
16706
34108
34109
34110
16707
16722
16723
16724
16725
16726
16727
16728
16729
16730
16731
16732
16733
16734
16735
16736
16737
16738
16739
16740
16741
16742
34118
34121
16751
16752
34122
16757
34124
16763
16766
16776
16781
16782
16783
16784
16785
16786
16796
16797
16819
16820
16829
16830
16836
16841
16856
34158
16859
16952
16953
16982
17002
17004
17012
34188
34189
17017
17020
17023
17034
17038
17040
17042
34201
34202
17060
17068
17072
17074
17075
34222
17076
17077
34223
17078
17079
17080
17081
17082
17083
17369
17372
17394
17397
34283
17400
17404
17409
17419
17436
17443
17444
17468
17484
34305
17488
17489
17490
17491
17492
34306
17493
17494
17496
17503
17509
17541
17543
17544
17552
17553
17554
17571
34325
34326
34327
17579
34328
34329
34330
34331
34332
34335
17587
17599
17617
17630
34351
17656
17657
17658
17659
17660
17661
17662
17663
17668
17678
17679
17694
17695
34369
34372
34373
17696
17697
17700
17701
17702
17703
17704
17705
17706
17724
17725
17728
17732
17756
17760
17762
17763
34397
17769
17770
17771
17791
17792
17804
17805
17809
17820
