118
119
146
147
14738
155
154
305
321
30349
342
347
30350
370
371
30351
30352
443
466
30369
664
812
905
906
30418
907
1041
30430
30439
1079
30444
1093
30448
1121
1122
30457
1150
30466
1168
1312
1313
1343
1352
30570
30581
1650
1674
1692
1708
1715
30603
30604
1754
1755
1756
1757
1873
1878
1907
1908
1909
1910
30658
1912
2010
30692
2024
30696
2026
2036
2037
30709
2060
2070
2071
30719
2143
30734
30733
30732
30735
2167
2185
2187
30745
2280
2322
2323
2335
2336
2337
30779
2349
2350
30780
2390
2407
2409
2494
2496
2638
2782
2805
2813
30903
2825
2915
2939
2940
2964
30953
30958
3031
3038
3047
3057
3062
3079
3087
3088
3099
3165
3166
30997
3280
3304
3327
3328
3331
3333
31032
3338
3358
31034
3365
3480
3511
3515
31088
3721
3774
3813
3835
3850
3856
3868
3877
31130
31131
3962
3996
4022
4042
4068
31188
31189
4087
4088
4090
4091
4092
4093
4095
4096
4097
4098
4099
4100
4101
4102
4103
4104
4105
4108
4109
4110
4111
4112
4114
31191
4122
4129
4130
4150
31217
31219
31221
4198
4200
4242
4243
4250
31240
31246
4342
4363
31272
31273
31274
4487
4489
4613
31288
4689
4690
31301
4775
4776
4777
31305
4783
4879
31316
4923
4924
4938
5108
5182
31340
5183
5187
5188
31346
31349
31351
31356
5204
5202
5203
5206
5207
5208
5209
5211
5212
5214
5215
31360
5253
5255
31370
5256
31371
5259
5261
5264
5265
5266
5267
5269
5268
31373
5271
5272
5273
5274
5276
5278
5279
5282
5283
5301
5324
5327
5341
5342
5375
5400
5426
5427
5448
5449
5450
5451
5452
5453
5454
5455
5456
5457
5458
5459
5460
5461
5462
5463
5464
5465
5466
5467
5468
5469
5470
5471
5472
5473
5498
31446
31448
31451
31452
5563
5569
5570
5674
5675
5676
5703
5704
5705
5710
5723
5737
31492
31493
31495
5756
5757
31498
5780
5781
5834
5878
5887
5888
5902
5928
6017
6018
6019
6025
6073
6074
31581
31591
31593
6145
6166
6200
6203
6265
6311
6315
6319
6350
6354
6371
31658
6446
6447
31710
6547
6548
6611
31763
31764
6671
6690
6692
6694
6713
31790
31791
31792
31793
31794
31795
31796
31797
31798
31799
31800
31801
31802
31804
31805
31806
31807
31808
31809
31810
31811
31812
31813
31814
6809
31849
6838
6867
6868
6869
6876
6883
6933
6967
6970
6971
6972
6973
6989
7053
7056
31909
31910
7138
7139
7140
7142
7146
7147
7152
7177
31924
7189
7196
7198
31944
7241
31960
7301
7333
7345
7373
7374
7380
7420
7422
7635
7688
7694
7715
7719
7720
7721
7755
7759
7778
7779
7784
7808
7819
7914
7916
7917
7918
7919
7923
7927
8175
8176
8177
8179
8316
32151
32153
8331
8365
8419
8423
8459
8496
8506
32202
32209
8572
8574
32218
32219
32220
32222
8588
8616
8617
8636
32236
32237
8708
32252
8718
8719
32257
32264
32265
8849
8851
8856
8862
8863
8869
9073
9083
32312
9093
32320
32321
32326
32342
9210
32361
32362
9271
9287
9520
9525
9540
32427
32428
32429
9603
9612
9633
9683
9722
9723
9732
9737
32463
9791
9796
9798
9802
9805
9830
32498
9896
9943
9955
9956
32508
32509
32534
32535
32542
10014
32554
10048
32560
10051
10093
10106
32566
32567
10125
10126
10148
10160
10164
10204
10216
10219
32579
10238
10272
10280
10296
10310
10333
10340
10343
10355
10400
32603
10465
10574
10625
10726
32652
10727
32653
10730
43
10731
10735
10738
10741
10742
10743
32659
32660
10752
10753
10754
10755
10756
10757
10758
10759
10761
10762
10765
10767
10770
10771
32662
10775
10784
10785
10788
10790
10792
10813
9
10832
10857
10868
10875
10909
10911
11007
11011
11012
32706
11049
11078
11088
11108
11179
11192
11196
11199
11205
11252
11261
11266
11267
32733
32734
32737
11273
11275
11281
11282
32738
11292
11293
11312
11314
11316
11322
11327
11331
11355
11359
11360
11366
11367
11399
32768
32769
11524
30316
11563
11564
11565
11639
32953
11788
32968
11817
11879
12010
12041
12197
12245
33067
12280
33070
12313
12472
12555
12623
12624
12625
12630
12641
12705
33167
33168
33170
33171
33172
33174
33176
33177
12731
12732
12760
12777
33200
33201
33203
12793
12813
12880
12901
33251
12942
12943
12944
12948
12949
12950
33254
13014
13016
13018
13021
13056
13060
13065
13079
13100
13147
33302
33303
13177
13209
13244
33322
13276
13278
13294
13305
13319
33331
13354
13390
13402
33354
13423
13462
13493
13513
13532
13534
13535
33367
33374
13545
13576
13595
33413
13677
33423
13815
13816
13817
13824
33458
33460
13872
13896
13909
13920
13991
14037
33503
14162
14163
14166
14216
14220
33532
14343
14344
14359
14369
14370
14373
14380
14415
14416
14414
14418
14419
33541
14428
33545
33546
33547
14530
14531
14611
14646
33604
14672
14745
14780
14800
14888
33653
33654
33657
33671
14962
14963
14964
14975
15011
15012
15064
15070
15072
15078
15108
15126
15132
15171
15222
33775
33778
15394
15407
15437
15462
15505
15521
15629
15652
15771
33874
15825
15890
15927
33909
15938
16046
16079
33947
16147
33967
16252
16406
16433
16513
16514
16518
16522
16527
16528
16531
16532
16533
16536
16537
34053
16538
16539
16540
16545
16546
16547
16553
16555
16558
16559
16561
16568
16569
16571
16572
16573
16575
34066
16579
16581
34067
16587
34070
16589
16591
34073
34074
16594
16595
34075
16596
16599
16602
16603
16604
16607
16608
34079
16612
16618
16621
34086
34087
16631
16635
16637
16638
16641
16650
16684
16747
16863
16947
16962
17036
34193
34195
34203
17073
17457
17497
17519
17521
17522
17527
17528
17533
17534
17535
17536
17537
17538
17540
17541
17542
17543
17544
17545
17546
17547
17548
34341
17717
34402
17960
17980
17997
18015
34484
18266
18267
18277
18286
34542
34570
34619
18577
18598
18657
18674
18693
34668
18738
34685
34699
34700
18891
18954
18960
18961
34730
34731
34732
19093
19106
19107
19108
19141
19143
19166
19215
34819
19273
19274
19282
19323
19334
19344
19347
34848
19370
34861
19466
19693
34932
34936
19841
35014
20141
20142
20152
20154
20157
35030
20219
20220
20274
20333
35067
20343
20538
35123
35124
20609
20669
20670
20699
20700
20701
35153
35154
20712
20713
20714
20715
20716
20717
20718
20719
20729
20753
20885
35204
35217
30308
20954
20961
35229
35230
20962
21044
35261
21101
21157
35301
21251
35311
35312
21254
21255
21257
35316
21262
35327
21378
21388
21440
21474
21513
35394
21562
21564
21566
21570
21571
21577
21582
21599
21600
21607
21627
21641
21642
21643
35444
35445
35446
35447
21702
21712
21789
21790
35492
21827
21870
21942
21974
1
35540
21991
21992
22003
22126
22127
22128
35578
22129
22217
22218
22219
22307
22325
35625
35626
22349
22351
22354
22408
22417
22421
22509
22524
22525
35687
35688
22538
22553
22554
22555
35702
35704
22738
22754
22772
22791
22792
35736
35737
35738
35749
22843
22892
22908
22963
22965
22968
22973
22976
22988
22989
23005
23034
35802
35803
35811
35815
23128
35816
23132
23153
23184
23185
23280
23425
35895
35897
23444
35902
35903
23475
23510
35921
23650
35933
35948
23801
23802
23831
23873
23954
36037
24108
24111
36060
24214
24221
24228
24237
24241
36099
24355
36126
24378
24384
24425
24454
24488
36221
24601
24603
24721
24936
25106
25149
25165
25166
25168
36377
25269
25277
25280
25290
25333
25336
25381
25427
36442
36443
25462
25466
25512
25548
25549
25550
25551
25561
25568
25575
25620
25621
25726
25730
25731
36515
25751
36532
25794
25830
25840
36545
25885
25890
25958
25987
25994
36594
26000
26042
36601
26048
26053
26073
26077
26078
26079
26105
26121
26122
26208
26232
36641
26244
26245
26246
26250
26257
26266
26267
26292
26322
26323
36648
26345
26356
36650
26391
26411
26414
26456
26466
26501
26504
26505
26540
26543
26557
26558
26562
26565
26569
26582
26591
26600
26601
26617
26624
26626
26627
36681
36686
36687
26690
36696
26729
26731
26737
36699
26772
26774
26775
36703
26785
26826
26833
26853
26864
26865
26881
26883
26904
26950
26952
26985
27006
27014
27015
27018
27034
27048
27056
27110
27111
27127
27131
27132
27167
27286
27287
27347
36760
36761
27370
27371
27373
27383
27384
27385
27386
27387
27388
36767
27389
27390
36768
36769
27440
36789
36796
27516
27563
27619
27959
36902
28114
28258
28320
37042
28460
28462
28494
37051
37052
37053
37055
37056
37057
37058
37059
37060
37061
37062
37063
37064
37066
37067
37069
37070
37071
37072
37073
37074
37075
37076
37077
37078
37079
37080
37081
37082
37083
37084
37094
37097
37098
37099
37100
37102
37105
37106
37107
37108
37110
37111
37114
37115
37136
28571
28696
28697
28698
28703
28884
28919
37307
37407
37409
37444
29501
29552
29557
29558
29700
29771
29854
29856
29865
30099
30216
30295
30296
30297
30300
30301
