67
72
73
1178
1179
1181
1327
1422
1737
1846
30664
1983
2277
30759
2348
2525
2526
2527
2528
30800
2530
2723
2841
3018
3064
3065
31039
3361
3767
3823
3962
31158
4073
31204
4244
31235
4350
4351
4352
31310
31311
4832
4833
4838
4916
5229
5285
5298
5484
5494
5605
5744
5756
31547
31548
31549
31550
5969
6128
6168
6169
6171
6172
6173
6221
6255
6259
31627
31628
6355
6456
6504
31710
31711
6678
6781
6782
6841
31853
6954
31892
31955
7415
7647
7682
32073
32082
7953
7971
8077
8114
8115
8179
32121
8223
8343
8342
8345
8346
8348
8349
8350
8351
32200
8563
8594
9204
32380
32392
9427
9428
9568
9571
9595
9662
9700
9701
9702
9703
9704
9705
9706
9707
9708
9709
9710
32452
9711
9712
9713
9714
9715
9716
32453
9721
9722
9723
9724
9740
9741
9976
10059
11099
11495
11560
11900
11914
11963
33029
12005
12006
12007
12140
12237
12238
12239
12240
12379
12380
12381
12382
12383
12385
33102
12394
12566
33142
12696
12706
12707
12708
12722
12792
12908
13030
33286
13259
13389
13403
13471
13473
13583
13601
13635
33410
33411
13636
13637
13638
13639
13640
13641
13642
13643
13644
13645
13646
13647
13648
13652
33414
33450
33451
13884
13935
13936
14052
14063
14066
33492
14228
14378
14584
14603
14666
14771
14773
14938
15160
33746
15212
15242
33770
15411
15457
33837
15680
15725
33883
15981
15982
15983
15984
15985
15986
15987
15988
15989
15990
15991
15992
15993
15994
16021
16077
16086
16089
16090
16091
16093
