67
72
260
387
30311
471
30416
30415
1016
1178
1179
1181
1327
1422
1847
1846
30652
30664
1939
1955
1957
1961
1981
1983
2277
30759
2348
2525
2526
2527
2528
30800
2530
2723
2808
2841
3018
3064
3065
31039
3361
3767
3823
3962
31158
4073
31186
31204
31216
4244
31235
4350
4351
4352
31291
31311
4832
4833
4838
4916
5229
5285
5298
31418
5446
5484
5492
5494
5605
5744
5756
5812
5902
31547
31548
31549
31550
5906
5969
6092
6128
6168
31612
6169
6170
6171
6172
6173
6222
6221
6255
6259
31627
31628
6355
31701
6456
6504
31710
31711
6678
6781
6782
31848
6841
31853
31890
31955
7415
7647
7682
32065
32066
32073
7971
8077
8113
32121
8217
8223
8342
8343
8344
8345
8346
8347
8348
8349
8350
8351
8445
8446
32200
8562
8563
8594
9204
32380
9427
9428
32408
9566
9567
9568
9569
9570
9571
9595
9662
9700
9701
9702
9703
9704
9705
9706
9707
9708
9709
9710
32452
9711
9712
9713
9715
9716
9718
9721
9722
9723
9724
9740
9741
9976
10059
11099
11495
11560
11900
11914
11963
33029
12005
12006
12007
12140
12237
12238
12239
12240
12379
12380
12381
12382
12383
12384
12385
33102
33103
33105
12566
33135
33142
12696
12706
33162
12707
12708
12722
12792
33214
12908
30317
33243
33244
13030
33256
33286
33321
13258
13259
13389
13403
13471
13473
13583
13601
13635
33410
33411
13636
13637
13638
13639
13640
13641
13642
13643
13644
13645
13646
13647
13648
13652
33414
33449
33450
33451
13884
13935
13936
14052
14063
14066
33492
14143
14228
33531
14378
14584
14603
14666
33631
33638
14771
14772
14789
33653
14938
33694
33745
33746
15160
15185
15212
15213
15242
15276
33770
15411
15457
33837
15680
33858
15725
33883
15853
15981
15982
15983
15984
15985
15986
15987
15988
15989
15990
15991
15992
15993
16021
16077
16085
16086
16089
16090
16091
16092
16093
16094
16095
16096
16097
16098
16099
16100
16101
16102
16104
16105
16108
16116
16130
16136
16138
16145
33963
16155
16196
16201
16211
16212
16213
16232
16243
16244
16245
33977
16253
16295
16296
16305
33991
16316
16341
16342
16380
16392
16393
34018
34019
16416
34027
16427
16428
16429
16430
34033
16431
16432
16435
16436
16441
16460
16461
16462
16463
34042
34043
34044
34045
16464
16465
16466
16467
16468
16469
16470
16487
16488
16492
16654
16655
16671
16680
16688
16689
16706
34108
34109
34110
16707
16722
16723
16724
16725
16726
16727
16728
16729
16730
16731
16732
16733
16734
16735
16736
16737
16738
16739
16740
16741
16742
34118
34121
16751
16752
34122
16757
34124
16763
16766
16776
16778
16785
16786
16796
16797
16819
16820
16829
16830
16836
16841
34158
16859
16952
16953
16982
17002
17003
30305
17004
17012
34188
34189
17017
17020
17023
17034
17038
17040
34201
34202
34203
17060
17068
17072
17074
17075
34222
17076
17077
34223
34224
17078
17079
34225
17080
17082
17083
17369
17372
17394
17397
34283
17400
17404
17409
17419
17436
17443
17444
34299
17468
17484
34305
17488
17489
17490
17491
17492
34306
17493
17494
17496
17503
17509
17541
17543
17544
17552
17553
17554
17571
34326
34327
17579
34328
34329
34330
34331
34332
34335
17587
17591
17617
17630
34351
17656
17657
17658
17659
17660
17661
17662
17663
17678
17679
17694
17695
34369
34370
34371
34372
34373
17696
17697
17700
17701
17702
17703
17704
17705
17706
17724
17725
17728
17732
17756
17760
17762
17763
34397
17769
17770
17771
17774
17791
17792
17804
17805
17809
17820
17828
17839
17842
17845
17865
17866
17887
17889
17891
17905
17906
17909
17910
17932
17962
17972
34447
17974
18001
18049
18050
18055
18058
18059
18064
18065
18097
18137
18139
18144
18169
18170
34514
34516
18223
18224
18225
18226
18227
18228
18229
18230
18240
18242
18249
18250
34536
18253
18254
18255
18259
18265
18275
18280
18287
18313
18330
18331
18392
18395
18406
18432
18433
18434
18437
18438
18439
18440
18441
18448
34587
18449
34590
18463
34593
18464
18465
18466
34597
34600
18480
18486
18487
18500
18501
18502
34617
18503
18504
18505
18506
18507
18508
18509
18510
18511
34618
34619
18514
34620
34621
34622
18515
18516
34623
18519
18575
18587
18588
18615
18627
18643
18644
18645
18646
34652
18647
34653
18649
18650
18651
34654
18661
18717
18719
18720
18721
18722
18758
18779
18783
18801
18830
18843
18844
18845
18846
18847
18848
18849
18867
18871
18881
18882
34704
18885
18887
34707
34710
18903
34711
18914
18915
18916
34717
34718
18934
18939
18941
18944
18959
18960
18961
18964
18965
18969
19005
19035
19036
19060
19067
34737
19082
19083
34740
19106
19107
19108
19114
34767
19120
34775
19132
19165
19168
19169
