73
89
88
90
91
100
101
121
120
131
130
132
133
161
162
163
179
180
116
117
196
195
210
244
255
30339
30346
314
373
395
396
469
30358
478
501
550
577
606
618
624
625
627
628
652
30388
671
676
706
709
710
733
767
770
781
787
792
823
922
923
949
962
1006
1023
1057
1135
1136
30464
1259
1260
1286
1291
1295
1306
1317
30518
1390
1392
1449
1453
30551
30553
30558
1500
1502
1530
1533
1565
1567
1578
1667
1669
30593
1675
1693
1694
1884
1885
1886
1891
1892
1897
1937
1939
1955
1957
1961
2105
2109
2120
2121
2135
2146
30730
2190
2195
2223
2271
2413
2527
2548
2565
2580
2587
2614
2615
2629
2637
2678
30879
30880
30881
30883
30884
30885
30886
30887
30888
30889
30890
30891
30892
30893
2856
2857
2873
30934
30937
30941
3105
3106
3108
3113
3315
3361
3561
3570
3699
3795
3810
31118
3882
4144
4183
4192
4350
4393
4397
4406
4409
4410
4441
4501
4505
4506
4507
4545
4707
4708
4724
4725
4726
4736
4825
4838
4856
4862
4937
5042
5079
5087
5092
5102
5121
5124
5126
5162
5288
31383
31385
5310
5311
31425
5503
31508
5768
5778
5948
5950
5969
6042
6047
6071
6135
31608
6169
6171
6322
6323
6409
6449
6477
31722
6599
6645
6650
31774
6723
31783
6725
6736
6738
6781
6782
6948
6962
7003
7024
7032
7033
7064
7065
31897
31898
7068
7069
7070
7071
7073
7075
7076
