324
670
720
722
30401
785
30404
30405
1199
1283
1284
1285
1292
30519
1319
1377
1382
1388
30546
1474
1521
1561
1723
1725
30725
30739
2230
30741
30742
30743
30744
2250
2257
2272
2314
30768
2339
2349
2350
30780
2369
2484
2488
2489
2492
2493
2510
2522
2523
2524
2713
2761
30871
30874
2839
30911
2866
2867
2875
2876
2877
2878
30915
30916
2909
2911
30924
2936
2950
3008
3026
30967
30968
3035
30969
3060
3363
3820
3839
3883
3890
31129
4076
4125
31198
4158
4159
4167
4184
4221
31247
4290
4291
4296
31248
4299
4300
4304
31249
4305
4307
4309
4347
4841
4842
4843
5219
31364
5303
5329
5332
5483
5488
5490
5742
31514
31590
31601
31602
6129
31603
6130
6162
6186
6248
31626
6429
6449
6476
31729
6545
6644
6652
31769
6662
6691
6717
6720
6736
6872
6893
6894
6906
6949
31876
6957
6966
6970
6971
6973
7134
7295
31970
7322
7375
7433
7715
7731
7732
32042
7786
7820
7934
7937
7974
8075
8076
8106
8184
8227
32128
8356
8378
32178
32184
8419
32185
32187
8455
8457
8458
8505
8508
8546
9289
32371
32372
9290
32373
32374
9291
9292
9293
9294
9295
9296
9500
9506
9515
9516
9632
9725
9767
30314
9824
32497
9888
9889
32498
9894
32505
9984
32529
9985
32530
9986
9987
9988
9989
9990
32531
32532
9991
9992
32533
9993
9994
9995
10011
32550
10012
10013
10014
10015
10016
10017
10018
10019
10024
10637
10640
32630
10645
32631
11097
12201
12202
33055
33061
33062
