37004
40644
1440
24678
20541
1349
15058
303423
363129
170621
376741
882503
100311
43288
300811
316615
159700
12444
884118
884120
884121
316510
301589
306107
309390
300214
304246
300474
300475
300528
895717
914589
915503
23250
409068
402872
522
412996
11259
12378
407149
52984
860119
154477
871646
871721
159002
151869
1139
1130
159711
154143
884258
159309
153392
943275
151863
153239
155863
150202
150187
406270
155378
151696
150106
151403
156644
156229
359172
150570
158616
373270
376381
370370
161428
159187
163514
26545
376409
376465
153587
370271
100309
158940
156293
368514
165413
152241
151976
151858
375060
303731
360820
153026
307718
152920
150011
151587
151829
152868
365114
