73
74
75
128
129
130
131
162
163
186
185
210
334
30675
30814
3292
3424
3735
4247
5402
31426
5513
6245
31666
31672
31690
31692
6452
6540
6956
32081
8634
8751
9070
9071
9132
32345
32622
32624
11895
12787
33222
13052
13350
13351
33336
13352
13356
13360
13361
13362
13363
13368
13370
13371
13505
33470
33501
15051
33716
15431
33803
15460
15791
15876
16128
17365
34274
34339
18026
18244
18737
34874
34873
19878
20428
20483
21390
21411
21977
21978
35533
35536
22622
22623
22624
35857
23931
23934
24986
36322
25337
25488
36534
27274
27303
13362
13363
13368
13370
13371
13505
33470
33501
15051
33716
15431
33803
15460
15791
15876
16128
17365
34274
34339
18026
18244
18737
34874
34873
19878
20428
20483
21390
21411
21977
21978
35533
35536
22622
22623
22624
35857
23931
23934
24986
36322
25337
25488
36534
27274
27303
