66
72
73
86
87
97
96
114
149
129
128
130
131
141
140
162
163
165
164
170
194
201
202
210
225
252
259
30333
30334
302
303
312
314
341
354
369
14
392
30365
505
30368
531
553
566
604
648
694
708
876
877
878
918
931
977
976
1039
1104
1131
1177
17
18
1327
1340
1345
30533
1347
1348
21
1350
1351
1352
1353
1354
1355
1357
1358
1360
1361
1366
1367
1368
1372
1373
1374
1375
1376
1476
1480
1836
1872
30675
1947
2139
2180
2256
30749
2339
2338
2401
2498
2555
2556
2628
2630
2651
2657
30817
2677
30914
2904
30937
3095
3118
3289
3290
3291
3292
3303
31066
3545
3549
3550
3654
3699
3718
3735
3826
31118
3882
4031
4220
4292
4443
4547
4551
4594
4643
4816
4832
4864
4969
4998
5000
5020
5039
5089
5134
5150
5201
5205
31358
31359
31381
5396
5398
5401
5402
31412
5407
5408
5410
5478
31426
31435
5515
5800
5801
5802
31517
31518
31519
5812
5823
31539
5880
5940
6071
6148
6171
31617
6205
6206
6218
6245
6259
31628
6452
6456
6492
6540
6647
6910
6951
6956
7218
7219
7220
7221
31939
7222
31941
31942
7223
31943
7224
31966
7339
7430
7432
32001
7440
7603
7604
7605
7606
7647
7675
7706
7813
32082
7947
32084
7955
32090
8049
8074
32109
32110
8191
8217
8329
8356
32187
36
8473
8501
32203
8513
8515
8518
32204
8521
8582
8634
8742
8751
8780
8867
32276
8929
8988
9019
9071
9076
32313
9100
9132
9167
9180
9182
32377
9343
9395
9501
9514
32415
32416
9694
9709
9752
9759
9763
9782
10094
10607
10624
32622
32624
10633
10638
10662
32644
10808
11121
11230
11495
27504
11895
11958
12046
12071
12080
12180
12230
12247
33063
12298
12305
12334
12581
12686
12710
47
12787
33215
33222
12860
33261
33262
13052
13086
13090
13105
33297
33314
13323
13325
13350
13351
33336
13352
13356
13360
13361
13362
13363
13368
13370
13371
13389
13395
13505
13697
33425
13703
33456
33463
33470
13964
13965
33501
33515
33516
14233
14235
14237
14242
14276
14297
14316
14660
33607
33609
14719
14741
33615
14744
14757
33635
14768
14796
14831
14973
14977
14995
15051
15092
15101
33751
15203
15233
15431
15454
15460
15461
15483
15494
33814
15581
15630
33850
15644
15675
15792
15794
15795
15958
15969
15984
15985
16091
16093
16110
16112
16128
16183
16193
16244
16245
16269
16271
33985
16471
16497
16671
34101
34108
16706
16710
16768
16807
34217
34225
17365
17399
17523
17524
34327
34339
17638
17654
34366
17679
17768
17773
17775
17812
17856
17857
17894
17907
17908
17909
17965
17966
17985
18026
34468
18190
18244
18246
18326
18388
18449
18470
18486
18503
18504
18505
18506
18507
18508
18509
18511
34618
18518
18620
34667
34678
18776
19093
19120
34788
19169
34796
19184
19207
19346
19390
19423
34873
34874
19492
19546
19790
19829
19878
19892
19918
20044
20116
20243
20317
20388
20428
20434
35091
20483
20527
20553
20606
20647
20657
20665
20746
20794
20807
20895
21058
21109
21149
21230
21270
21283
21390
21411
21436
21521
35388
35438
21694
21699
21723
21724
21803
21808
21809
21810
21932
35523
21945
21946
21947
21977
21978
35533
35536
21983
35538
21988
22006
22007
22009
35548
22042
22163
22199
22200
22320
22359
35675
22552
35704
22566
22627
22628
22629
22630
22731
22744
22753
22765
22887
35761
52
23096
35805
23250
35856
35857
35858
23367
23387
23388
35919
23807
23808
23877
23932
23934
24111
24127
24143
24271
24363
36185
36200
36221
24599
24649
24664
24670
36243
36245
24798
24986
25019
36315
36320
36324
36346
36402
25337
25419
25488
25491
25516
25539
25647
25653
25670
25684
25696
36534
36557
36559
36560
36564
36565
36566
36567
36568
36569
36572
25868
26072
26179
26181
26472
26473
26982
27075
27080
27274
27298
27512
27517
27774
28453
37047
29231
