30392
870
871
872
1055
30461
1248
1339
1517
1738
1912
2278
2391
2392
2394
2395
2397
2398
2399
2400
2427
2433
2434
2435
2436
2437
2464
2829
30909
2830
2831
2832
2833
2834
2923
2992
3339
3340
3341
3342
3343
3344
3345
3346
3347
3348
3349
3508
3521
3522
3525
3655
3656
3657
3658
3659
3660
3661
3662
3663
3664
3665
3667
3668
4169
4175
4322
4323
4324
4325
4326
4327
4328
4329
4330
4491
4492
4493
4494
4495
4496
4497
4498
4499
4500
4502
4519
4563
4564
4565
4566
4567
4568
4569
4570
4571
4572
4573
4575
4576
4577
4578
4579
4580
4581
4582
4583
4584
4585
4586
4587
4588
4589
4630
4631
4632
4633
4646
4686
4687
4688
4689
4690
4691
4692
31297
4746
4747
4748
4750
4751
4752
4753
4806
4808
4810
4811
4812
4817
4818
4819
4820
4821
4822
31315
31321
5277
31394
31395
31396
31397
5344
5345
31398
5346
5347
5350
5351
5353
5354
5355
5356
5357
5358
5359
5360
5361
5362
5363
5364
5365
5366
5367
5368
5371
5372
5373
5374
5375
5376
5377
5378
5381
5382
31399
31400
31401
31402
31403
5384
5629
5630
31467
5632
5642
5643
5644
5645
5646
5647
31473
5648
5743
6290
31635
6291
6292
31636
6293
31637
31638
6294
31639
6295
6296
7326
7327
7328
7750
7753
7799
7800
7801
7802
7803
7804
32077
8150
8626
8627
8629
8630
8665
8666
8667
8668
8669
8804
8805
8806
8808
8809
8810
8820
8916
32322
32323
9138
9194
9195
9196
9197
9198
9199
9215
9279
9280
9281
9282
9283
9284
9285
9286
9298
9299
9300
9301
9302
9303
9304
9305
9306
9307
9417
9421
9905
9906
9932
9941
9946
9947
9948
9949
9950
9951
9952
9953
10101
10102
10263
10516
10517
10518
10519
10520
10521
10522
10523
10524
10525
10526
10527
10528
10529
10530
10531
10532
10533
10534
10535
10551
10566
10572
10576
10577
10578
10579
10580
10581
10907
10908
11299
11300
11301
11302
11303
11304
11305
11372
11374
11375
11376
11384
11385
11386
11402
11939
11940
11941
11957
12196
12276
12277
12285
12286
12287
12288
12289
12303
12366
12367
12397
12398
12523
12529
12562
12611
12612
12626
33155
12800
12809
13071
13090
13114
13115
13165
13167
13168
13241
13242
13705
13706
13707
13830
13831
13832
13833
13834
13835
13836
14149
14153
14154
14155
14185
14186
14187
14777
15161
15236
15241
15243
15244
15245
15268
15337
15339
15363
15364
15572
15777
17569
34613
19077
35421
22814
22821
22914
22943
23015
23192
23193
23194
23195
23196
23198
23199
23200
23201
23202
23203
23205
23206
23207
23208
23209
23210
23211
23217
23221
23222
23223
23224
23225
23226
23227
23228
23229
23231
23232
23233
23241
23242
23243
23259
23260
23261
23262
23263
23264
23265
23266
23267
23268
23269
23270
23271
23272
23273
23274
23275
23276
23306
23309
23310
23311
23318
23320
23322
23325
23326
23327
23328
23329
23730
23984
24089
24090
24103
24109
24320
24403
24404
24414
24415
24416
24417
24418
24419
24420
24421
24422
24423
24448
24464
24470
24472
24473
24593
