67
30337
273
275
30338
30339
276
277
30340
279
30341
30342
280
281
282
283
284
285
286
287
288
290
291
292
30343
293
294
295
647
668
30389
721
723
30402
30406
799
30410
831
846
952
1027
30422
30423
30474
1187
1278
30515
30540
30541
1414
1516
30579
1761
1762
30625
30656
1895
1896
1905
30659
30660
30661
30662
1919
30667
1932
1933
1934
1935
1936
2034
2105
2108
2256
30749
30782
30783
2352
30784
2359
2360
2361
2362
2363
2364
2365
2366
30785
30786
30787
2367
2368
2370
2371
2372
30788
2373
2375
2376
2377
2378
2379
2380
2381
2382
2383
2474
2703
2792
2799
30879
30880
30881
30882
30883
30884
30885
30886
30887
30888
30889
30890
30891
30892
30893
30894
30895
2812
2821
2959
2961
2993
3032
3037
3308
3331
31037
31038
3360
3367
31041
31044
3735
31112
31114
3893
3895
3981
31147
31148
31149
3982
31150
31151
3983
4035
31161
31162
31165
4064
31187
4136
31205
31206
4160
31208
31207
31209
31210
4161
31211
31212
4162
31213
31226
31230
4261
31239
4539
4614
31279
4731
4738
4787
31323
31342
31349
5247
31404
31427
5482
31428
31442
31466
31486
5728
5736
31488
31508
5768
5880
31606
31607
6134
6135
31608
31627
6276
31651
6326
6534
6567
6613
6614
6616
6617
31754
31755
31756
31757
31758
6618
6619
6620
6621
6622
6623
31759
6624
6625
6629
31767
31777
6710
31854
31855
6935
31878
31879
6961
6962
6964
31880
7065
31898
31899
7070
7071
7072
7073
