326
30409
30532
1718
1720
1878
1952
1998
2058
2060
2095
30719
2142
2265
30756
30766
2336
2468
30793
30794
2748
2749
2750
30864
30865
2939
2986
2987
30949
3057
30973
3079
30990
3336
3396
3397
3431
3442
31081
3666
3731
3795
3835
3843
3857
3961
3996
3997
31188
31196
4129
31197
4130
4342
31258
4938
31375
5343
5783
5784
31512
31526
5958
6017
6018
6019
6025
31611
6166
6175
6176
31613
6177
6178
6179
6180
6181
31614
6182
31621
6250
6251
31624
31647
6315
6319
31649
6353
6354
31665
6447
31715
31730
31731
31768
6716
6834
6867
6868
6869
31866
31875
7056
31944
7330
7331
7332
7354
31976
31994
32112
32130
32180
32186
8484
32207
8531
8588
32223
8624
32229
8636
32250
32252
32263
32319
32334
32352
9271
9698
32451
9732
9733
9734
9736
9737
9955
32538
32540
10001
32544
32545
32546
32547
10009
10093
10160
32570
10165
10168
10169
10170
10171
10201
32575
10389
10420
32620
32632
32633
32635
32643
32654
11064
11065
32710
11312
11314
32739
11316
32750
33019
12244
12245
12279
12375
12537
33146
12766
12793
33208
33209
33210
12794
33211
12827
12874
12877
13018
13038
13045
33283
13127
33289
13161
33292
13507
14246
33528
14428
33548
14590
33575
33576
33577
33578
33579
33580
33581
33582
33583
33584
33585
33586
33587
33588
33589
14800
14975
14984
33719
33720
15105
15130
15131
33730
15132
33731
33732
33733
33734
33735
33736
33737
33749
15203
15204
15205
15222
15394
33826
33828
33829
15604
33838
15621
15626
33843
15630
15632
15633
33844
33845
33846
33847
33848
33851
16198
16450
16962
18842
21128
35359
35362
35393
21557
21558
21559
21561
35394
21562
21563
21564
35397
21567
21568
21570
35398
35400
21571
35401
21572
21573
21574
21575
21576
21577
21578
21579
35402
21580
21581
21582
21584
21585
35404
35405
21590
35406
35407
35408
35409
21591
21592
21593
21594
21595
35412
21596
35413
35414
21597
21598
21599
35415
21600
21601
21602
21603
21604
21605
35416
35417
21606
21607
21609
35418
35419
21610
21623
35541
22087
22124
22525
22559
22711
22978
35816
23130
23158
23159
23254
35843
35845
23340
23420
23424
23425
23853
23873
24102
36063
36064
36065
36066
24215
24428
24429
24430
24431
24603
24842
25106
25165
25166
25167
25168
36371
25170
25171
25172
25173
25174
25176
25266
25268
36394
25269
25270
25271
25272
25273
25277
25373
25374
25375
25376
36450
25527
25706
25726
27167
27370
27371
27373
36766
