1028
30764
2781
3511
3955
4224
4943
6268
6477
7743
8050
8051
8052
32117
32119
8910
32284
8913
9110
32364
9776
9781
9817
10635
10648
11071
12365
12541
12631
12644
13753
13755
14512
15251
15634
15728
16139
34049
34433
34434
19056
19139
19349
19479
20189
20196
20197
20198
20199
20200
20504
21437
21983
35557
22964
24305
25072
25286
25307
25308
25309
25310
25311
25312
25313
25314
25315
25316
25317
25354
25570
25571
27438
27838
27846
36827
27855
27897
27900
27901
27902
27903
27911
27917
27946
27947
27949
27955
27958
27963
27964
36879
27970
27973
27982
36886
36884
36885
28002
28117
28261
28262
28263
28264
28265
28266
28267
28268
28269
36987
28270
28271
28272
28273
28274
28275
28276
28277
28278
28279
28280
28281
28282
36988
36989
28283
28302
28326
28349
28350
28351
28352
28353
28354
28355
28356
28357
28358
28359
28360
28361
28362
28363
28364
28365
28366
28367
28368
28369
28370
28371
28372
28373
28374
28375
28376
28377
28378
28379
28380
28381
28382
28383
28384
28385
28386
28387
28388
28389
28390
28391
28392
28393
28394
28395
28396
28397
28398
28399
28400
28401
28402
28403
28404
28405
28406
28407
28408
28409
28410
28411
28412
28413
28414
28415
28416
28417
28418
28419
28420
28421
28422
28423
28424
28425
28426
28427
28428
28429
28430
28431
28432
28433
37031
37035
