70
71
72
73
78
79
81
80
83
82
84
85
87
86
95
108
109
149
114
123
122
126
127
140
141
157
156
163
162
165
164
169
168
170
187
190
189
191
192
194
199
200
211
212
213
214
224
223
225
30330
257
296
299
310
314
336
338
339
341
354
368
369
14
385
465
522
527
30368
531
534
537
538
539
540
607
685
30392
30395
769
30403
830
841
845
873
881
913
954
963
1027
30422
30423
30431
1072
1104
1110
1123
30461
1143
30473
1191
30482
1204
20
1208
1247
30531
21
1459
1516
1547
1601
1621
1727
1741
30625
1837
1851
30639
1917
30667
2147
2149
2152
2177
2179
2297
2425
2438
2532
2552
2566
2574
30807
2575
2617
2618
2630
2632
2633
2636
2652
2671
30828
2693
2724
2756
30928
2959
2993
3091
3093
3096
3097
3163
3301
3323
3353
3354
3394
3434
3475
3513
31069
3556
31075
3655
3656
3735
31095
3824
3873
3909
3995
4136
4175
4238
4239
4370
4418
4430
4460
4547
4767
4816
4935
4949
4954
4994
5001
31335
5056
5080
5081
5083
5093
31342
5193
31349
31368
5250
5405
5505
5522
5626
5672
5673
5681
5686
5687
5688
5689
5690
5692
31475
5701
5702
5706
31484
31485
5724
5886
5891
5918
5945
6045
6086
6108
6121
6154
31610
6202
6209
6212
6216
6256
31638
6344
6345
31675
6453
6458
6483
6505
6605
6614
31759
6682
6690
31803
31938
