30353
382
383
463
30310
466
30357
467
468
30369
30312
765
1039
1065
1066
1157
1158
1159
1164
1176
1177
30479
1254
30510
1257
30542
1493
30560
1518
30572
1606
30590
1640
1715
30598
30599
1719
1727
1738
1742
1917
2152
30730
30731
2247
2312
2325
2330
2343
2409
2532
2772
2888
3301
3527
3677
3733
3753
3755
31095
3789
3799
3901
4002
4087
4088
4089
4090
4091
4092
4093
4094
4095
4096
4097
4098
4099
4100
4101
4102
4103
4104
4105
4106
4108
4109
4110
4111
4112
4114
31191
4123
4147
4205
31231
31240
4262
4263
4264
4265
4266
4267
4268
4269
4271
4272
4274
4275
4276
4277
4278
4279
31241
31242
31243
4281
31244
4284
4285
31245
4286
4288
31246
4319
4337
31255
31256
31257
4364
4365
4366
4367
4368
4369
4370
4371
4372
4373
4374
4375
4376
4377
31262
4378
4379
4380
4381
4382
4383
4384
4385
4386
4387
4388
4389
4390
4391
4392
4393
4394
4395
4396
4397
4398
4399
4400
4401
4402
4403
4408
4409
4410
4411
4412
4413
31264
4414
4415
4416
4417
4418
4419
4420
4421
4422
4423
4424
4425
4426
4427
4428
4429
4430
4431
4432
4433
4434
4435
4436
4437
4438
4439
31265
4440
4441
4442
4443
4444
4445
4446
4447
4448
4449
4450
4451
4452
4453
4454
4455
4456
4457
4458
4459
4460
4461
4462
4463
4464
4482
4550
4551
4553
4554
4555
4556
4558
4590
4591
4616
4619
4620
4621
4622
4623
4624
4625
4626
4627
4628
4629
