70
71
89
88
247
535
536
539
30486
2107
2843
2869
2871
3158
30995
3704
4086
4207
31366
5428
5810
5870
5959
5960
6345
6436
8110
8114
8115
8900
9156
9168
9695
9886
32581
10342
11087
32727
32728
11451
33102
12767
33205
33301
33305
13759
33448
14196
14931
15848
33888
33977
34043
16762
17340
17931
18922
19806
20110
35288
21891
35600
35605
22313
35667
35811
35889
23670
35940
35942
23680
35972
23906
36015
24015
24076
36040
36039
24218
24330
36179
24633
24646
36241
36258
24776
25249
25560
26100
26376
26671
26687
36719
27101
