30326
67
72
73
74
75
77
76
80
81
82
83
85
84
87
86
89
88
91
90
98
99
103
102
108
109
114
149
121
120
122
123
126
127
129
128
130
131
132
133
141
140
145
144
153
152
156
157
159
158
161
162
163
164
165
171
172
176
116
117
179
180
185
186
187
190
189
191
192
194
195
196
203
204
210
211
212
213
214
216
215
217
218
222
236
245
30334
30333
30337
273
274
275
30338
30339
276
277
30340
279
30341
30342
280
281
282
283
284
285
286
287
288
290
291
292
30343
293
294
295
30344
312
313
314
324
334
353
359
364
365
373
14
383
387
394
395
398
404
416
454
459
465
30358
474
478
488
502
520
522
523
524
535
539
566
577
603
604
605
606
607
618
624
625
627
628
630
639
648
652
668
30389
671
689
706
708
709
710
721
733
767
770
771
773
781
30401
787
790
792
793
814
823
881
916
922
923
941
942
943
945
949
959
960
969
995
1039
1057
1075
30443
30449
1120
1127
1130
1131
17
1201
1204
1206
19
30486
30489
1247
1257
1258
1260
1286
1290
1291
1305
1306
1328
1340
1345
1346
30532
21
1350
1355
1366
1368
30540
1390
1392
1403
1474
30556
1477
1500
1502
1507
1519
1521
1530
1533
1553
30578
1561
1565
1567
30580
1578
1598
1627
1628
1633
30592
1652
1667
1669
1675
1679
1688
1693
1694
1713
1726
1731
1743
1762
1763
1837
30637
1850
1852
30642
1853
1856
30643
1872
30652
1877
1881
1882
30655
1900
1904
1912
30664
30666
30674
1928
30676
30677
1939
30678
1955
1957
1961
1985
1992
2005
2006
2008
2009
2011
2024
2038
30710
2062
2063
2064
2066
30718
2103
2105
2106
2107
2108
2120
2121
2135
2144
2146
2149
2152
30730
30731
2166
2171
2175
2179
2180
2181
2184
2190
2195
2202
2206
2207
2210
2216
2217
2225
2226
2232
2233
2235
2251
2267
2271
2276
2328
2347
2348
30785
2367
2368
2374
2380
2382
30789
2401
2415
2416
2420
2429
2438
2470
2478
2479
2480
2484
2489
2492
2493
2499
2500
2501
2514
2526
2528
30800
30801
2529
2531
2532
2534
2537
2538
2541
30803
30804
2543
2544
2545
2547
2548
2550
2551
2554
2553
2556
2555
2561
2562
2563
2564
2565
2567
2568
2571
2573
2576
2577
2578
2579
2580
2581
2582
2583
2590
2595
2601
2602
2604
30808
30810
2607
2614
2615
2627
2633
2637
2638
30811
2645
2646
2647
2650
2651
2653
2654
2655
2666
30812
2670
30820
30823
30830
30831
2685
2686
2687
2689
2690
2691
2692
2694
2695
2697
2698
30835
30837
30838
2702
30848
2718
2719
2725
2727
2729
2744
2745
2746
2759
2770
30879
30880
30881
30882
30883
30884
30885
30887
30888
30889
30890
30891
30892
30893
30894
30895
2806
30901
30902
2821
2822
2828
30909
2832
2833
2845
2846
2847
2856
2857
2859
2860
2861
2866
30914
2873
30916
30920
2904
2926
30932
2931
2932
2933
2935
2938
30939
30941
2997
3002
3015
30962
3018
3019
3021
3022
3025
3042
3043
3053
3089
3091
3093
3096
3098
3105
3106
3108
3109
3155
30996
3183
3315
3317
3320
3322
3323
3356
3361
3366
3373
3376
3378
3384
31045
3387
3390
3391
3393
3396
31047
31049
31050
3400
3420
3423
3431
3434
3435
3456
3462
3475
31062
3517
3521
3522
3523
3524
3525
3526
31066
3528
3536
3537
31068
31070
3543
3545
3564
3565
3568
3570
3578
31076
3582
3622
3650
3654
31081
31083
31084
31085
3675
3679
3682
3698
3699
3702
3718
3722
3723
3741
3768
3780
3795
3796
3828
3842
31117
31118
3855
3871
3872
3873
3887
3893
3897
3899
31133
31134
3906
3911
3910
3915
3916
3920
3918
3919
3923
3924
6
3926
3937
31137
3959
3989
3990
3991
4000
4012
4015
4017
31159
4021
4037
31163
2994
4113
4120
31195
4133
4137
4144
31218
4186
4188
4189
4191
4192
4208
4236
4247
31246
4310
4311
4312
31253
4350
4351
4396
4406
4501
4506
4507
4510
4528
4531
4532
4536
4541
4542
4543
4545
4546
4547
4561
4600
4640
4641
4642
31294
4681
4707
4708
4723
4724
4725
4726
4730
31304
4833
4838
4849
4899
4905
4906
4907
4908
4912
4914
4915
31320
4951
4962
5117
5135
5288
31383
31385
5301
5303
5304
5374
5396
5405
5407
5408
5412
31414
5431
5440
5446
5452
31423
31425
31427
5498
5499
5503
5504
5506
5516
5536
5537
5560
5575
5576
5580
5581
5585
5594
31463
5638
5645
5741
5744
31497
5774
5778
5808
5809
31524
5832
5833
5864
5867
5875
5884
31545
31546
5900
31549
5904
5905
5907
5941
5959
5962
5968
5969
5974
5975
5992
6000
6005
6013
6018
6020
6026
6027
6029
32
6047
31577
6071
31588
31589
31597
6109
6117
6119
6125
6128
6133
31607
6134
6135
31608
31609
6136
6146
6154
6169
6183
6186
6206
6208
6212
6214
6222
6230
6235
6236
6244
31625
31627
6259
6261
31634
31638
6294
6313
6321
6322
6323
31652
6329
6355
6367
6372
6394
6395
6397
31667
31668
31669
31670
31672
31673
31678
31679
31680
31681
31682
31683
31684
31685
31686
31687
31690
31691
31692
31694
31695
31697
6403
6408
6409
6413
6414
6433
6434
6449
6456
6477
6485
6486
6491
6492
6496
6499
6502
6505
6525
31722
6543
6544
31729
6552
6555
6596
6601
6605
31751
6613
6614
6624
31760
31761
31762
31765
6632
6640
6645
6650
6657
31774
31775
6673
6674
6679
6690
6691
6700
6717
6719
31782
6725
6726
6727
6729
6734
6735
6736
6737
6767
6774
6778
6780
6781
6782
6783
6784
6788
31788
6802
31807
6808
6818
6822
6824
31846
6825
31848
6864
6871
6873
6875
31859
31860
6878
31861
6879
31862
31863
6880
31864
6884
6886
6905
6910
6945
6948
6950
6954
31877
6962
6965
31880
6974
6979
31886
31891
7018
7019
7022
7025
7026
7027
7031
7032
7033
7037
7057
7064
7065
31897
31898
31899
7068
7069
7070
7071
7072
7073
7074
7075
7076
7077
7078
7079
7080
7081
7082
7083
31900
7084
7086
7087
7088
7089
7090
7091
7092
7093
7094
7095
7096
7097
31902
7098
7099
7100
7101
7102
7103
7104
7105
7106
7107
7108
7109
7110
7111
7112
7113
7116
7114
7115
31903
31904
31905
7117
7118
7119
7120
7121
7122
7123
7124
7128
7129
31906
7130
7131
7132
31907
7133
31911
31912
7144
7166
7172
7181
7193
31929
7213
7215
7218
7220
7221
31939
7222
31941
31942
7223
7224
7230
7245
31946
7254
7255
7268
7280
7284
7288
7291
7293
7310
7311
7312
7325
7332
31972
7340
31973
7346
7347
7349
31974
7350
7364
7372
7377
7383
7398
7399
7407
7416
7421
7423
7425
7431
32001
7436
7441
7588
7590
7613
7616
32007
7632
7633
7648
7651
7662
32020
7663
7664
32025
7665
7666
32026
7668
7669
7671
7675
7682
7696
7697
7698
32031
7706
7711
7733
32039
32043
7750
7752
7753
7756
7757
32049
32050
7761
7763
7780
7781
7806
7808
7809
7811
7812
7813
7814
7821
7824
32057
32060
7833
7936
7939
7954
7955
7956
7960
32090
7969
7973
7985
7999
8000
8001
8002
32095
8004
8006
8007
8014
8027
8029
8039
8040
8041
8045
8053
8057
8062
32099
8074
8087
8091
8093
8094
8095
8104
8185
8186
8190
8203
32118
8215
8223
8232
32126
8234
32136
8305
8309
8321
32150
8338
8348
8352
8356
32155
8380
8381
8388
32171
32172
8417
32186
8441
32191
8497
8498
8501
8502
8510
32204
8526
8533
8534
8535
8537
8559
8562
8569
32224
8634
8649
8650
38
8658
8660
8692
8693
8694
8695
8737
8739
8740
8742
8743
8750
8765
8769
8770
8774
8775
8777
8787
8788
8789
8790
8795
8811
8819
8835
32272
8860
8867
8877
32276
8899
8900
8901
8902
8903
8905
8908
32282
32283
32284
8913
8915
8916
8920
8923
8925
8934
8937
8946
32289
8965
8969
8975
9000
9002
9003
9006
9015
9016
9017
9019
9021
9022
9023
9024
9025
9027
32294
9029
9030
9032
9037
9038
9039
9040
9041
9042
9043
32296
9044
9045
9048
32302
32303
9054
9055
9058
9059
9061
9062
9063
9068
32311
9072
9076
9088
9089
32313
9104
32316
9106
9107
9113
9141
9165
9167
9171
9177
9186
9187
9188
9189
9214
9226
9227
32360
9229
9256
9257
9258
9259
9276
32374
9291
9292
9293
9297
32379
32380
9309
9327
9335
9346
9368
9369
9394
4
9395
9428
9429
9439
9440
9454
32407
9513
9515
9518
9530
9575
32430
9597
9624
9627
9628
9629
9630
9631
9638
9640
9666
9694
32451
32454
9740
32460
9758
9759
9765
9786
32500
32520
32525
9961
32526
9976
9988
9994
32540
10001
32543
32547
10006
10009
10011
10027
10028
10039
10045
10046
10049
10078
10094
32564
32565
10163
27652
10167
10168
10169
10170
10171
42
10180
10183
10189
10191
10194
10199
10200
32575
10374
10381
32593
32594
10391
10408
32598
10416
10420
32600
10510
32610
10553
10557
10558
10562
32617
10604
10606
10608
32619
10610
10611
10614
10615
10616
10617
10618
10621
32620
10623
10626
10627
10628
32625
10630
32628
10633
10634
10639
10641
10650
10651
10652
10653
10654
10655
32634
10656
32644
10678
32655
10737
10794
10826
32673
32674
32675
32676
10861
10886
10948
10963
10982
10983
10984
10985
10988
10998
32707
11063
11064
11065
44
32716
32717
11113
11117
11118
11119
11141
11171
11214
11263
11291
11466
11468
11495
11501
11519
11521
11542
11566
11590
11591
11593
11594
11605
11704
32895
11732
11734
11739
11741
11748
11751
32956
11826
11827
32975
11838
32982
32986
25450
11862
11877
33010
11915
11935
11936
11942
11945
11948
11956
33022
11961
11969
33029
12005
12009
33033
12014
12030
12031
12034
12046
12081
12088
12090
12103
12107
12108
12115
12116
12120
12121
12126
12127
12128
12135
33037
12171
12173
12174
12180
12187
12194
33059
12215
12220
12222
12248
12250
12262
12275
12279
12298
12299
12305
12306
12307
12308
12309
12328
12329
12335
12365
12372
12374
33097
33099
33101
12376
12377
33103
12394
33104
33107
12468
12469
12470
12477
12478
12481
12482
33109
12483
33110
12484
12485
12486
33111
33112
12488
33113
12489
33114
12490
12491
12492
12494
33116
12496
12498
12500
33117
12501
12502
12503
12504
12505
12506
12508
12509
12510
12511
33119
33120
12513
33121
33122
12514
12515
12516
12517
12518
12519
12520
12521
12525
12526
12554
12558
12560
12561
12568
12569
33131
33132
33136
12575
33139
12582
12583
12592
12613
33142
33144
12631
33157
12689
12699
12700
12703
12706
12723
12728
12729
12734
33185
33187
12735
12738
12744
12753
12755
12765
12769
12775
47
12787
12791
12792
12797
12801
12802
12803
12806
12832
12837
12850
12856
12858
12859
12860
12861
12862
12863
12864
12867
12868
12871
12875
33226
33227
12879
12881
12884
12885
12886
12887
12888
12890
12891
12892
12893
12894
33229
12908
12924
12925
33252
12933
12934
12935
12992
12993
12994
13002
13048
13049
13052
13051
13061
33272
13066
13070
13072
33273
13089
13090
13091
13092
13093
13094
13096
13107
13108
13111
13119
13122
13124
13154
13155
13157
33292
33293
13163
33294
33295
33296
33297
33298
33299
13153
13164
33300
13171
13207
13217
13218
13231
13232
13246
13249
13278
13279
13281
13282
13284
13285
13293
13298
13303
13329
13332
13350
13351
33336
13352
33337
33342
33345
13359
13362
13368
13369
13370
13371
13389
13393
13395
13398
13399
13400
13403
13481
13499
13503
13504
13510
13514
13519
13520
13532
13533
33367
13571
13582
13592
13596
33403
13619
13620
13622
13626
13629
13633
13634
13635
33411
13636
13637
13638
13640
13641
13646
13649
13651
33413
13665
13666
13671
13676
13679
13688
13689
13690
13691
13702
13703
13713
13718
13730
13740
13759
13763
33438
33439
13812
13813
33446
33447
13814
13863
33456
33457
33463
33466
13928
33470
13936
13956
13961
13962
13964
13965
13972
13995
14009
14017
33486
14041
33489
14070
14071
14136
14138
14141
14146
33501
14167
14168
14188
14190
33516
14195
33518
14251
14252
14266
14269
14292
14293
14302
33524
14316
33527
14318
14328
14331
14334
14335
14350
14355
14356
14379
33536
14384
14385
14386
14390
33537
14394
14395
14396
14397
33538
33539
14399
14425
14426
14427
14429
33550
14446
14447
33551
33552
33553
33554
33555
33557
33559
33560
33561
33562
33563
33564
33565
33566
33568
33570
14498
14504
33571
14510
14512
14517
14534
14535
14536
14582
14584
14596
14600
33588
33593
14644
14650
14653
14655
14659
14667
33607
14683
14693
14719
14721
33613
14731
14734
14737
33614
33615
14741
14742
14744
14756
14757
33631
33635
14768
14770
14773
33639
14778
14789
33644
14795
33645
14803
14818
14820
14891
14919
14925
14940
14954
33658
33659
14970
14974
15000
15001
33692
15014
15015
15016
15022
15026
15030
15062
15075
15083
15089
15098
33718
15099
15101
15131
33731
33737
15136
15139
15140
15141
15146
15148
15150
15151
15157
15163
15165
15167
15168
15169
15180
15188
15204
15209
15219
15231
15249
15251
15253
15256
15258
15272
15273
15327
15336
15340
15376
33783
15385
15386
15387
33785
15396
33786
33788
33789
15409
15414
15415
15420
15435
33798
15438
15439
15443
15449
15455
33803
15460
15461
15474
15484
15494
15496
15497
33813
15512
15513
15515
15516
15517
33815
33816
33817
15534
15537
15550
33824
15553
15557
15566
15567
15568
15569
33830
15572
15573
15574
15581
15586
33834
33835
15604
15605
15612
15614
15616
15621
33839
15627
15630
15631
15633
15641
15667
15672
15681
15686
15688
15689
15725
15732
15736
33877
33878
15787
15788
15790
15832
15833
15834
15839
15847
15850
15856
15865
15875
15877
15879
15884
15886
15887
33892
33894
15907
15950
15956
15958
15960
15961
15970
15974
15975
30319
15986
15987
33914
33916
33920
15997
15998
16000
16006
16039
33939
16055
33940
16058
16059
16062
16063
16065
33942
16076
16077
16081
33948
16083
16086
16091
16103
16105
33950
33953
16112
16113
16116
33954
16118
16123
33955
16124
16125
16126
16129
33959
33962
16139
16140
16142
33964
16153
16157
16159
16161
16163
16166
16183
16193
16201
33971
16209
16219
16220
16242
16253
16254
16258
16259
16267
16268
16269
16275
16277
33982
16281
16290
33987
16303
16305
33991
16323
33995
16325
34000
34001
34002
34003
16342
16390
16400
16407
34025
16416
16428
16435
16452
16453
16456
16458
16460
34043
16464
16467
16468
16469
16472
16474
16478
16486
16492
16495
16503
16640
16652
16654
16656
34091
34094
16669
16670
16672
16671
16679
16680
16689
16692
16697
16701
16706
34108
34109
34110
16707
16747
16748
16752
34122
16755
16758
34124
16767
16768
34138
16782
16785
16789
16796
16799
34145
16801
16805
16809
16813
16824
16825
34155
16833
16836
16845
16847
16848
16849
34158
16927
16942
16949
16953
16958
16966
34186
16979
16982
16987
17001
17002
17003
17004
17007
17012
34188
34189
17015
17016
17017
17020
17022
17038
17042
17061
17067
17068
17082
17083
17087
17365
34274
17369
17371
17372
17373
17377
17379
17380
17386
17392
17399
17404
34286
17409
17417
17423
17431
34294
17436
17437
17454
17455
17471
17473
17475
17477
17494
17495
17496
17505
17507
17510
17517
17523
17524
17554
17563
17566
17568
17569
34323
34324
17574
34335
17584
17587
34342
17630
17657
17659
17660
