70
71
30337
273
275
30338
30339
276
277
30340
279
30341
30342
280
281
282
283
285
286
287
288
290
291
292
30343
293
294
295
647
668
30389
721
723
30402
30406
799
831
30410
1027
30422
30423
1175
30474
1187
30515
30540
30541
1414
30579
30625
1896
30659
30661
1919
30667
1929
2084
2105
2108
30725
2212
30763
30782
30783
2352
30784
2359
2360
2361
2362
30785
30786
30787
2367
2368
2370
2371
2372
2373
2375
2376
2378
2379
2381
2383
30797
2703
30879
30880
30881
30883
30885
30884
30886
30887
30888
30889
30890
30892
30891
30893
30894
30895
2821
30910
2866
2988
2993
3032
3142
31037
31038
3360
3367
31041
31114
31147
31148
31149
31150
31151
3983
4035
31165
4136
4154
31205
31206
4160
31207
31208
31209
31210
4161
31211
31212
4162
31213
31230
31239
4614
31279
4738
31323
31342
5186
31404
5447
5493
31447
31454
5593
31466
5639
31508
5768
5951
31606
31607
6134
6135
31608
6201
31752
6613
6614
31759
6624
31767
6693
6909
6958
31878
31879
6961
6964
6968
7065
31898
31899
7070
7071
7073
7074
7075
7076
7078
7079
7080
7081
7082
7083
31900
7084
7085
7086
7087
7088
7090
7091
7092
7093
7094
7095
7096
7097
31902
7098
7099
7100
7101
7102
7103
7104
7105
7106
7107
7108
7109
7111
7112
7113
7115
7116
31903
7117
7118
7119
7120
7122
7123
7124
7129
7130
7131
31907
31928
31934
31935
7231
7232
7233
7234
7235
7244
7245
31946
31967
7335
7370
