384
30934
30954
30955
30956
30962
3473
3474
3475
31083
31084
31085
31086
31087
31088
3774
3775
3777
3778
3779
3780
31124
3969
4909
5202
31356
5278
31500
31501
31502
31503
31504
31505
5805
31530
5837
31531
31552
31623
31629
31712
31733
31734
31735
31736
31737
31738
31739
31740
31741
31742
31743
31744
31745
6732
6778
7299
32007
7777
32075
8042
8054
32282
9158
9161
9167
9816
9980
10193
33043
33195
12780
12899
12900
33291
13158
33293
13163
33294
33295
33296
33297
33298
33300
33301
33302
33303
13391
13392
33437
13764
14197
14348
14365
14376
14375
33544
14793
33767
33894
16045
16054
16061
16066
16284
34091
34097
34106
34130
34131
34138
34139
34140
34146
34147
34148
34149
34182
34296
34338
34408
34415
17907
17908
34435
34449
34457
18089
34530
34533
34565
34573
34577
34636
34643
34645
34714
34716
34763
34772
19123
34783
34837
34838
34855
34856
34901
34904
34905
34937
19773
19774
19775
34950
34965
34985
35013
35019
35051
35084
35085
35086
35101
35102
35139
35143
35148
35165
35172
20792
35175
20794
35243
35247
35250
35254
35265
21085
35297
21248
36046
36110
24469
24599
25068
36397
36398
25364
36421
25369
36457
25539
25567
25722
36781
27419
27420
36797
36808
27839
27864
27868
27869
27870
27871
27872
27873
27874
27875
27876
27912
36862
27931
27976
28009
36932
36939
36940
28070
28079
36957
36958
28127
36963
28247
36995
