70
71
72
80
81
89
88
109
108
122
123
187
247
256
387
400
437
452
522
539
895
915
930
1000
999
30443
1137
1162
1180
1630
1762
1763
2044
2251
2259
2389
2401
2479
2808
2862
2911
2912
2938
2996
3063
3117
3158
3702
3703
3704
3794
3826
3855
3964
4021
4066
4067
4086
4146
4226
31282
4727
4783
31366
5398
31416
5421
5428
5429
5433
5521
5795
5815
31524
31525
5817
5819
5959
5960
6029
6168
6204
6223
6237
31711
6591
6605
6737
6798
31836
7288
7316
7317
7627
8110
8112
8113
8114
8115
8191
8219
8258
8259
8276
8300
8446
8544
8545
9114
9369
9423
9725
9782
9825
9851
9852
9853
9854
9856
9868
9874
9875
9885
9886
9977
10144
32581
10293
10342
10418
32646
32724
32727
32728
30315
11451
33014
11965
11970
33024
12015
12078
12087
12116
12120
12125
33040
12162
12194
33102
12391
12392
12393
33124
12554
12767
12774
12791
12807
13106
13113
13238
13275
13282
13480
13560
33399
13627
13637
13648
13665
13761
13972
14052
14064
14196
14251
14265
14322
14392
14411
14412
14413
14602
14931
15030
15396
15421
15470
15511
15562
15620
15840
15848
16021
16027
16199
16218
33977
33982
34095
16758
34160
16964
17056
17461
17552
17572
34337
17591
17739
34464
34470
34516
18202
18440
34594
18480
18564
18582
18704
34686
34793
19270
19289
19454
19456
34956
34986
20110
20537
35197
35277
21157
35288
35328
21344
21398
21412
35357
35360
21492
35442
21847
21891
21937
21997
35545
22172
22313
