389
390
392
393
394
395
396
397
398
399
30355
400
401
402
403
404
405
406
407
408
409
410
411
412
413
414
415
416
417
418
419
420
421
422
423
424
425
426
427
428
429
430
431
432
433
434
435
436
437
438
439
440
441
442
443
444
445
446
447
448
449
450
451
452
453
455
457
460
461
30356
1031
1210
1716
1717
30687
30771
2329
2757
2902
3495
3496
3725
31132
3995
4133
4134
4783
5594
5608
6404
6659
6667
6727
6729
6730
31784
6783
6826
31999
32000
7746
7852
8009
8121
8206
8241
8243
8359
8367
32170
8450
8451
8536
8558
9628
9629
9630
9631
9780
10031
10139
10140
32696
32698
32699
32700
11223
12136
12192
12401
12543
12545
33280
13719
13720
13721
13722
13723
13724
13725
13726
13727
13728
13729
13730
13731
13732
13733
13734
14019
33485
33490
14055
14773
14775
14776
33642
14807
14808
33779
33780
15403
15416
15645
15771
33873
33874
15772
15773
33875
15994
16001
16002
16042
16048
16065
16140
16142
16143
16144
16146
16163
16164
16174
34001
16495
16496
16497
16498
16499
16500
16501
16502
16503
16504
16758
16760
16789
16790
16801
16852
16950
17423
17446
17447
17486
17977
18060
18081
18166
18172
18173
18174
18268
18322
18342
18347
18381
34566
34567
18601
18756
18872
19027
19028
19029
19037
19038
19124
19264
19285
19459
19573
19610
19611
19786
19954
19967
19977
19978
19979
20187
20235
20237
20250
20264
20275
20574
20575
20576
