73
74
77
76
85
84
103
102
128
129
130
131
162
163
186
185
192
191
204
203
210
314
321
323
480
485
540
552
553
569
573
610
620
631
30385
718
727
763
768
788
801
806
805
814
30422
30423
1073
1112
1123
1125
1139
1148
30472
1194
1202
30540
1396
1407
1412
1415
1444
1458
30560
1496
1501
1519
1537
1557
1563
1568
1569
1572
1583
1584
1585
1597
1602
1609
30587
1642
30595
30596
1690
1700
1726
30666
30667
2046
2359
2360
2362
2370
2371
2372
2373
2375
2376
2378
2379
2381
2382
2383
2488
2489
2492
2493
2525
2526
2528
2629
2747
2844
2875
2947
2948
2950
2971
2979
2982
3064
30979
3098
3153
3159
3162
30996
3315
31046
31047
31048
31049
31050
31051
31052
31053
3409
3520
3577
3767
4350
4366
4385
4389
4391
4401
4419
4420
4425
4434
4435
4447
4539
4543
4621
4625
31294
4704
4713
4717
4734
4737
4755
4802
4824
31310
4838
4849
4861
4868
4871
4873
4882
4884
4894
4951
4955
4963
4964
4965
4970
4977
4979
4982
4985
4998
5011
5016
5028
5029
5043
5045
5055
5058
5070
5101
5104
5106
5109
5114
5117
5121
5128
5139
5141
5168
5169
5175
31342
5189
5190
5247
5388
5510
31481
5864
5865
5867
5870
31536
31547
6029
6225
6495
6500
6504
31769
6782
31811
6966
7218
7220
7221
31939
7222
31940
31941
31942
7223
31943
7224
7225
7314
31967
7415
7659
7670
7682
7972
8044
8046
32101
8077
8160
8203
32126
32167
8394
32175
8398
32182
8639
32255
8758
8766
8768
8769
8774
8867
9145
9156
9157
9174
32341
9427
9428
9514
9617
9741
9758
9778
9783
32497
32498
32519
32520
32525
9976
10013
10091
10137
10196
10209
10227
10231
10337
10361
10370
10383
10417
32600
10444
10612
10619
10633
10642
10658
32637
10681
10690
10795
10825
10833
10863
10886
10987
10992
11004
11098
11118
11119
11229
11269
11296
11309
11354
11432
11477
11495
11744
32923
11745
11746
11826
11827
11966
12005
12180
12225
33063
12247
12272
12293
12300
12301
12470
12562
12678
12743
12746
12748
12750
12756
12757
12786
12805
33223
33284
33317
33324
13285
13323
13325
13331
13334
13335
13336
13337
13338
13342
13343
13344
13348
13350
13351
33336
13352
33338
13356
13359
13360
13361
13362
13363
13368
13370
13371
13519
13601
13679
13698
13717
13718
13867
13936
14262
33533
14364
33534
14386
14387
14702
15163
15340
33788
33789
15608
33849
15680
15725
15840
15858
15888
15974
15975
15986
16186
16196
16198
16269
16295
16316
16427
16428
16430
16436
16456
16466
16470
16471
16481
16488
16668
16679
34108
16757
16758
16785
34158
16952
16953
16968
17040
17042
17072
17081
17372
17400
17401
17402
17429
17443
17468
17503
17509
17553
17561
17563
17656
17675
17700
17704
17705
17756
17791
17854
17905
34437
34438
18001
18022
18029
18057
18064
18065
18085
34521
18240
18244
18249
34536
18392
18400
18463
18470
18480
18585
18643
18664
18717
18719
18722
18737
18849
18880
18929
34718
18934
18939
18944
19087
19130
19144
34788
19163
19165
19172
19175
19207
19255
19343
19391
19458
19541
19547
19557
19562
19757
19790
34949
19863
19874
19916
35028
20239
20257
20292
20338
20341
20433
20473
20475
20482
20499
35098
20510
20554
20602
20613
20630
20655
20659
20672
20730
20750
20775
20808
20854
20861
35189
20872
20946
20947
20948
35236
20999
21002
21023
21026
21074
21090
21155
21285
21347
21383
35357
21730
21786
21793
21794
21817
21977
22130
35583
22137
22155
22176
22789
35761
23041
35804
23131
23135
23456
23457
23474
35937
23772
23856
23865
35981
35982
23925
23931
23934
23948
23962
36018
36019
24032
24051
