89
88
90
91
120
121
131
130
161
163
162
117
116
180
179
196
195
210
30339
314
605
30879
30880
30881
30883
30884
30885
30886
30887
30888
30889
30890
30892
30891
30893
3007
4545
31607
31608
6596
6736
31897
31898
7076
7083
31900
31901
7111
7116
31903
31904
31905
7119
7123
7124
7129
31906
7131
7133
31929
31945
7239
7947
7950
32086
32087
9081
9353
9759
10030
12482
33109
33110
33112
12488
33113
33114
33116
12496
33117
12501
33118
12508
12511
33119
33120
33121
33122
12517
12740
12775
12890
12894
33229
13323
13325
13759
14439
14440
14441
14445
14496
15098
33718
33742
16198
17768
19336
36414
36415
36416
36417
36418
25419
26984
27512
