72
83
82
96
97
114
140
141
330
167
190
189
202
201
220
219
245
267
268
340
347
348
366
420
447
467
472
477
30364
487
490
492
493
555
561
568
571
578
613
622
623
633
650
711
715
736
764
766
791
804
825
15
939
968
1027
30422
30423
30428
30437
30452
1115
1177
1285
1383
1389
1401
1409
30545
1488
1497
1506
1511
1512
1522
1524
1526
1527
1532
1539
1542
1549
1551
1564
1580
1581
1586
1605
1608
1607
1622
1625
1651
1668
1688
1696
1698
1918
1919
1930
1948
30716
2091
2122
2129
2198
2341
2513
2519
2560
2584
2675
30842
2768
2803
2842
2954
2966
2985
2999
30964
30966
3186
3398
3404
31054
31055
3416
3418
3428
3533
31068
31075
3653
3699
3733
3803
31141
4119
4239
4344
4388
4413
4416
4426
4591
4622
4705
4735
4762
4807
4816
4837
4866
4887
4891
4900
4910
4939
5017
5022
5031
5067
5083
5085
5086
5096
5166
5167
5171
5177
5197
5238
5244
5245
5246
5247
5275
31378
5373
5495
5512
5534
31
5615
5662
5663
31484
31485
5875
6116
6232
6248
6306
6355
31674
31693
31696
6470
6501
6506
6568
6572
6573
6576
6603
6606
6607
6640
31867
7153
7165
7180
7188
7199
31938
7225
7314
7412
7455
7638
7762
7945
32085
7948
8057
8180
8224
8240
8336
8398
8411
36
32192
32197
8507
8546
8585
8637
32234
8728
32276
32296
9074
9075
9367
9373
9374
9395
9463
9659
