30327
107
136
137
167
330
211
212
219
220
245
30353
543
545
547
645
673
708
726
732
30398
775
823
30412
876
902
1026
30425
30426
30438
1074
1131
1132
1162
30479
1250
1306
30521
1325
1386
30541
1387
1410
1413
1508
30578
1559
1560
1829
1830
1845
1913
1944
2034
2047
2102
2099
2097
2152
2175
2180
30744
2238
2239
2240
2241
2242
2243
30747
2245
2253
2256
30749
2257
2261
30755
2263
2264
30758
30765
2410
2499
2720
2762
2813
2920
2924
2925
3025
3047
30979
3087
31007
31006
31005
3184
3186
31028
3366
3558
3560
3699
3700
3702
3811
3870
3872
3964
3994
4042
4119
4128
4224
4244
4256
4257
31240
4382
31272
31273
31274
4796
4912
4924
4929
4980
5021
31336
5312
5324
5326
5327
31388
31389
5491
5506
5519
5620
5695
5696
31478
31479
5762
5824
31527
5825
31532
5860
5865
5904
5990
5992
6006
6007
31584
6125
6233
6234
6279
31634
6297
6400
31667
31669
31670
31673
31678
31679
31680
31681
31683
31684
31685
31686
31687
31691
31695
31697
6502
6525
6565
6586
6590
6592
31749
6648
6651
6666
6705
6786
6823
7035
7036
7181
7193
7215
7246
31998
7439
32004
7496
7536
7537
7623
7692
7751
7980
7986
8014
8023
8050
8060
8174
8309
8316
32191
8499
8570
32251
8716
8717
32322
32323
9132
9214
9262
9329
9376
9395
9423
9432
9437
9530
9531
9536
9638
9726
9796
32507
10028
32559
32561
10090
10123
10137
10138
10140
10279
32598
10500
