101
100
120
121
161
30337
273
274
275
30338
277
279
280
281
30343
303
355
526
1675
30718
30908
30948
3053
3447
31549
6135
31608
6624
6991
7032
7065
31898
7070
7076
7078
7079
7081
7083
31900
7084
7088
7091
7096
7097
31902
7103
7108
7109
7111
7116
31904
7119
7120
7122
7123
7124
7129
31906
7130
7131
7133
8046
32276
9346
9454
10653
11748
12131
12352
12482
12483
33110
12486
12488
12489
12494
33115
12495
12496
12498
33117
12501
12503
12504
12505
12506
12508
12509
12511
33119
33120
33121
12517
12740
12885
12887
12888
13651
33445
33489
14778
33648
15080
15082
15089
15148
33742
33798
15438
15439
15497
15743
34101
17377
18244
19093
35108
35337
35565
23134
35853
23513
23716
23718
36026
36054
24186
36055
24187
24188
24189
36057
36058
24190
36115
36188
36198
36200
36201
36206
36318
25359
25360
25361
25362
25363
25488
25493
25592
25593
25941
36704
27307
