30346
465
677
761
30400
798
823
846
1015
1024
1046
30434
1119
1120
1127
1167
30471
1191
1247
1258
1259
1291
30529
1344
1350
1598
1633
1673
1679
1707
1714
1741
1856
1881
1882
30673
30674
1958
2005
2041
2045
2044
30710
2053
2054
2055
2056
2062
2063
2089
2103
2106
2127
2210
2224
2225
2226
2227
30740
2228
2232
2233
2234
2235
2374
2384
2403
2415
2416
2419
2420
2429
2438
2479
2480
2481
2502
2531
2698
2707
2708
2718
2719
2725
2729
2759
2770
2773
2775
2776
2777
2796
2806
2807
2817
2845
2846
2847
2855
2857
2857
2858
2859
2860
2861
2862
2863
2864
2865
2931
2932
2933
2935
2938
3046
30970
3296
3381
3387
3388
3389
3390
3391
3399
3425
3426
3427
3434
3702
3705
3716
3722
3723
3741
31092
3747
3757
31097
3758
3759
31098
31099
3768
3791
3794
3796
3828
3845
3887
3897
3991
4066
4118
4173
4259
4501
4672
4693
4772
4815
4905
4906
4907
4908
4912
4918
5287
5300
5405
31412
5440
5478
5498
5499
5560
5574
5575
5576
5577
5580
5581
5619
5626
5627
5628
5741
5760
5779
5904
5905
5907
5936
6026
6027
6028
6101
6124
31599
31600
6202
6205
6206
6210
6235
6236
6256
6300
6313
6321
6366
6394
6395
6397
6403
6409
6414
31699
6457
6492
6497
6502
6524
6531
6544
6601
6608
6656
6657
6677
6679
6680
6705
6706
6707
6708
6709
6724
31783
6726
6798
6802
6808
6812
6814
6815
31843
6816
6817
31844
6837
