68
69
74
77
76
79
78
80
81
83
82
84
85
87
86
89
88
90
91
93
92
95
97
96
99
98
111
110
101
100
103
102
105
104
107
109
108
112
113
114
149
118
119
120
121
123
122
125
124
126
126
129
128
131
130
133
132
135
137
136
139
138
141
140
143
142
145
144
147
146
14738
151
150
153
152
155
154
157
156
159
158
161
163
162
165
164
167
330
168
169
170
171
172
173
174
331
176
177
178
332
116
117
179
180
181
182
183
184
185
186
187
189
190
191
192
194
195
196
197
198
199
200
201
202
203
204
206
207
208
210
211
212
213
214
215
216
217
218
219
220
223
224
225
222
226
227
228
229
268
313
318
320
333
334
335
336
338
339
340
341
30348
30349
343
344
345
346
347
348
349
350
351
352
353
354
30350
355
356
357
358
359
360
362
363
364
365
366
367
368
369
370
371
372
373
374
30351
375
377
386
435
474
520
522
523
524
525
526
528
529
530
535
539
540
541
542
555
603
604
605
606
607
608
682
685
688
689
693
694
696
698
706
742
743
744
746
757
832
15
833
849
969
970
972
973
974
975
976
977
978
979
980
981
982
985
987
988
989
990
991
992
995
998
999
1006
1008
1009
1012
1077
1090
1103
1132
1133
1137
1140
1141
1162
30478
1203
1204
20
1218
1220
1223
1224
1226
30487
1228
1229
1230
1231
1232
1234
1237
1241
1243
30499
1244
1245
1246
1271
1282
1286
1288
1290
1295
1303
1304
1345
21
1353
1354
1356
1359
1361
1366
1367
1370
1372
1375
1477
1479
1480
1486
1538
30568
30587
30592
1652
1655
1657
1660
1662
1665
1706
1729
30641
30642
1870
1872
1875
30651
1912
1932
1933
1934
1935
1991
1992
30687
2004
2066
2069
30717
2097
2099
2102
30726
2144
2159
2160
2161
2163
2164
2220
2237
2262
2264
2276
2328
2406
2430
2459
2466
2470
2534
2536
2545
30806
2546
2547
2548
2549
2554
2555
2556
2557
2558
2560
2562
2563
2565
2568
2569
2572
2575
2576
2578
2580
2581
2582
2583
2584
2585
2586
2587
2588
2590
2591
2592
2593
2594
2595
2598
2599
2601
2602
2603
2604
30808
2606
2608
2614
2615
2617
2618
2621
2622
2623
2627
2628
2629
2630
2631
2632
2633
2636
2637
30811
2642
2643
2644
2645
2646
2647
2648
2650
2651
2652
2653
2654
2655
2656
2657
2658
2659
2660
2661
2666
2667
30812
30813
2668
2669
2671
2673
30819
30820
30827
30829
2675
2676
2677
2678
2679
2680
2681
2682
2712
2717
2734
2735
2736
2737
2738
2739
2740
2741
2742
2743
2744
2745
2746
2747
2756
2764
30902
2882
2914
30930
2977
2997
