30326
71
73
246
247
251
252
253
254
255
256
257
258
259
30331
30332
30347
314
315
321
322
14
30354
388
464
472
476
30360
477
478
30361
30362
479
480
30363
481
482
483
484
30364
485
486
487
30365
490
491
492
493
494
30366
30367
495
496
543
544
545
546
547
548
549
550
551
552
553
554
557
559
30370
560
561
563
564
565
566
567
568
569
571
572
573
574
575
576
577
578
579
600
601
602
30379
609
610
613
30380
617
618
619
620
30381
621
622
623
624
625
30382
626
627
628
629
631
30383
632
633
634
636
640
641
642
643
645
30386
646
648
649
650
30387
652
653
654
655
656
657
658
659
660
661
30388
662
663
666
667
669
671
672
673
674
675
676
678
679
680
681
709
710
711
712
713
714
715
716
717
718
30395
724
30397
725
726
727
728
729
730
731
733
734
735
736
737
739
740
741
760
763
767
768
769
770
772
773
774
775
776
777
778
779
780
781
782
784
787
30403
788
789
791
792
794
795
796
800
801
802
803
804
805
806
807
808
813
814
815
30408
816
817
818
819
820
824
828
829
830
835
837
838
839
840
841
842
843
844
845
30411
847
848
850
851
852
853
854
855
858
859
