68
69
74
76
77
78
79
80
81
82
83
84
85
87
86
89
88
91
90
93
92
95
97
96
99
98
111
100
101
110
102
103
104
105
107
108
109
113
112
114
149
119
118
120
121
123
122
124
125
127
127
128
129
130
131
132
133
135
136
137
138
139
140
141
142
143
144
145
146
147
14738
150
151
152
153
154
155
156
157
158
159
161
162
163
164
165
167
330
168
169
170
171
172
173
174
331
176
177
178
332
116
117
179
180
181
182
183
184
185
186
187
189
190
191
192
194
195
196
197
198
199
200
201
202
203
204
206
207
208
210
211
212
213
214
215
216
217
218
219
220
223
224
225
222
226
227
228
229
268
313
318
320
333
334
335
336
338
339
340
341
30348
30349
343
344
345
346
347
348
349
350
351
352
353
354
30350
355
356
357
358
359
360
362
363
364
365
366
367
368
369
370
371
372
373
374
30351
375
377
386
435
474
520
522
523
524
525
526
528
529
530
535
539
540
541
542
555
603
604
605
606
607
608
682
685
688
689
693
694
696
698
706
742
743
744
746
757
832
15
833
849
969
970
972
973
974
975
976
977
978
979
980
981
982
985
987
988
989
990
991
992
995
998
999
1006
1008
1009
1012
1077
1090
1103
1132
1133
1137
1140
1141
1162
30478
1203
1204
20
1218
1220
1223
1224
1226
30487
1228
1229
1230
1231
1232
1234
1237
1241
1243
30499
1244
1245
1246
1271
1282
1286
1288
1290
1295
1303
1304
1345
21
1353
1354
1356
1359
1361
1366
1367
1370
1372
1375
1477
1479
1480
1486
1538
30568
30587
30592
1652
1655
1657
1660
1662
1665
1706
1729
30641
30642
1870
1872
1875
30651
1912
1932
1933
1934
1935
1991
1992
30687
2004
2066
2069
30717
2097
2099
2102
30726
2144
2159
2160
2161
2163
2164
2220
2237
2262
2264
2276
2328
2406
2430
2459
2466
2470
2534
2536
2545
30806
2546
2547
2548
2549
2554
2555
2556
2557
2558
2560
2562
2563
2565
2568
2569
2572
2575
2576
2578
2580
2581
2582
2583
2584
2585
2586
2587
2588
2590
2591
2592
2593
2594
2595
2598
2599
2601
2602
2603
2604
30808
2606
2608
2614
2615
2617
2618
2621
2622
2623
2627
2628
2629
2630
2631
2632
2633
2636
2637
30811
2642
2643
2644
2645
2646
2647
2648
2650
2651
2652
2653
2654
2655
2656
2657
2658
2659
2660
2661
2666
2667
30812
30813
2668
2669
2671
2673
30819
30820
30827
30829
2675
2676
2677
2678
2679
2680
2681
2682
2712
2717
2734
2735
2736
2737
2738
2739
2740
2741
2742
2743
2744
2745
2746
2747
2756
2764
30902
2882
2914
30930
2977
2997
3001
3002
3019
3021
3022
3024
3025
3049
22
3067
3080
3081
3082
3083
3084
3085
30980
30981
30982
30983
30984
3091
3093
3094
3095
3096
3097
3098
30986
3099
3100
3101
3102
3103
3104
3105
3106
3108
3109
3110
3111
3112
3113
3114
3121
3127
3130
3266
3267
3268
3319
3320
3325
3330
31033
3366
3374
3375
3376
3377
3378
3380
3414
3415
3416
3417
3418
3420
31056
3421
3422
3423
23
3424
3482
3488
3489
3490
3491
3492
3493
3494
3495
3496
3512
3528
3536
3537
3575
3579
24
3580
3582
3583
31076
3596
3602
3622
3625
3633
3642
3650
3679
3685
3687
31091
3706
3717
3719
3725
3754
3760
3763
3782
3819
3861
3862
31121
3863
3864
3865
3868
3870
3871
3872
3873
3875
3876
3877
3878
3880
3885
3892
3893
3894
3895
3899
31133
3902
26
3906
3908
3909
3910
3911
3913
3914
3915
3916
3917
3918
3919
3920
3921
3922
3923
3924
3925
6
3926
3927
3929
3930
3931
3932
31137
3956
3957
3958
3984
3995
4007
4014
4015
4017
31159
31185
4069
4124
4128
31195
4133
4222
4245
4247
4339
4527
4528
4529
4532
4533
4534
4535
4538
4539
4545
27
4547
4635
4638
31288
31301
4773
4774
28
31305
4783
29
4830
4920
4921
5246
5245
5249
5289
30
31385
5296
5308
5401
5402
5423
5533
5534
5558
5559
5566
5600
31462
31
5612
5652
5653
5731
5743
5783
5800
5801
5810
5823
5838
5845
5847
5850
5851
5852
5853
5854
5855
5856
5857
31533
5886
5915
5933
5934
5939
5940
5941
5942
5943
5944
5945
5946
5947
5948
5949
5950
5968
5970
5975
5990
5991
5992
5993
5994
5995
5996
5998
5999
6000
6004
6005
6006
6007
6023
6036
6037
6038
6039
32
6043
6044
6045
6046
6048
6050
31570
31571
31572
6051
6052
6053
6054
6055
31574
31575
6056
6057
6058
6059
6060
6061
6062
6063
6064
31576
31577
6065
6066
6067
6068
6069
6070
31578
31579
6072
35
33
34
6075
6086
31595
31596
6106
6109
31597
6110
6116
6117
6118
6119
6120
6121
6122
6123
31598
6131
6146
6155
6183
6184
6211
6212
6214
6216
6230
6245
6260
6270
6271
6272
6273
6274
6275
6281
31632
31633
31634
6282
6283
6284
6285
6286
6289
6299
31652
6327
6328
6329
6344
6351
6356
6367
6396
6398
6400
6408
6413
6426
6435
6460
6461
6462
6465
6478
6491
6499
6509
6510
6558
6559
6560
6561
6562
6563
6564
6565
6566
6568
6569
6572
6573
6576
6577
6579
6581
6582
6583
6586
6587
6588
6589
6590
6591
6592
6651
6653
6659
6663
31771
31772
6666
6682
6721
6723
6727
6729
6731
6738
6739
6748
6750
6751
6755
6757
6761
6762
6763
6765
6766
6767
6768
6769
6772
6773
6775
6776
6779
6780
6783
6784
6785
31790
31791
31792
31793
31794
31795
31796
31797
31798
31799
31800
31801
31802
31803
31804
31805
31806
31807
31808
31809
31810
31811
31812
31813
31814
31815
31816
31817
31818
31819
31820
31821
31822
31823
31824
31825
31826
31827
31828
31829
31830
31831
31832
31833
31834
31835
31836
31837
31838
31839
31841
6819
6825
31846
6826
31847
6828
6829
31848
31850
6835
6865
6866
31867
6984
6985
6986
6988
7003
7039
7040
7055
7204
7205
31933
7230
7286
7325
7334
31972
7339
7349
7350
7351
7352
7353
7376
7405
7417
7418
7439
7465
7494
7495
7496
7497
7498
7499
7500
7502
7503
7504
7505
7507
7509
7510
7511
7512
7513
7514
7515
7517
7518
7519
7521
7523
7524
7525
7527
7528
7529
7530
7531
7532
7534
7535
7536
7537
7539
7540
7541
7542
7543
7544
7547
7548
7549
7550
7552
7554
7555
7556
7557
7558
7559
7560
7561
7562
7563
7565
7566
7568
7569
7570
7571
7573
7576
7583
7584
7585
7586
7587
7592
7593
7594
7595
7596
7599
7600
7601
7603
7604
7605
7608
7609
7611
7746
7748
7822
7846
7936
32071
7947
32084
32086
7975
7979
7980
7981
7982
7983
7984
7985
7988
7990
8062
8068
8069
8074
8118
8121
32113
8130
8131
8132
8133
8134
8135
8136
8137
8138
8139
8140
8141
8142
8143
8144
8145
8146
8147
8148
8149
8158
8174
8175
8178
8212
8213
8214
8215
8225
8232
8243
8249
32137
8250
8316
8317
32149
8321
8334
8335
8352
8354
32161
8359
8373
8374
32177
36
8440
32194
8462
8463
8470
32202
32209
8564
32224
8623
8634
8638
8642
8650
8652
38
37
8677
32243
39
8696
8697
8698
8703
8711
8716
32253
32254
8730
8735
8795
8802
8803
8837
8838
8839
8840
8841
8889
8925
8927
8928
8935
8938
8943
8947
8948
8949
8950
8951
8952
8955
8956
8958
8959
8960
8963
8967
8968
8986
8988
8992
9018
9021
9025
9026
9027
32294
9032
9037
9038
32296
9044
9046
9047
9049
9101
9102
9103
9106
9125
9126
9137
40
32353
9207
32354
9221
9222
32358
9224
9225
32359
32360
9226
9227
9228
9229
32361
32362
9231
9232
9233
9234
32363
9312
9317
9318
9320
9321
9322
9323
9325
9326
9327
9328
9330
9331
9332
9340
9341
9345
9347
9350
9351
9352
9354
9355
9356
9357
9358
9360
9362
9363
9364
9365
9396
9397
9398
9399
9400
9401
9402
9403
9405
9462
9463
9466
9467
9468
9469
9472
9473
9475
9476
9518
9530
9532
9541
9551
9553
9554
9617
9694
9759
9769
9771
41
9774
9775
9795
9820
32487
9865
9866
9869
9870
9871
9881
9892
32504
9923
9931
32506
9937
9959
9975
10027
10028
10029
10030
10047
10049
10064
10082
10094
10139
10140
10172
42
10173
10174
10205
10217
10265
10380
10388
10539
32612
10561
10567
10568
10569
10570
10571
10664
32651
10724
10725
10730
43
10732
10735
10736
10737
10738
10739
10740
10741
10742
10743
10744
32659
10746
10747
10748
10749
32660
10752
10753
10754
10756
10757
10758
10759
10760
10761
10763
10769
10775
10776
10782
10784
10785
10788
10886
10918
32694
32698
32708
44
11068
11070
11111
11112
11113
11114
32718
11115
11116
11117
11118
11119
11120
11121
11122
11123
11124
11125
11126
11230
11288
11291
32738
11292
11293
11323
11325
32766
11942
11943
11944
11945
11946
11947
11948
11949
11956
11962
12014
12015
12017
33034
12018
12019
12020
12021
12025
12027
12029
12030
12031
12033
12034
12035
33035
12036
12037
12038
12040
12041
12042
12045
12046
12047
12048
12049
12050
12051
12052
12053
12054
12055
12056
12057
12058
12059
12061
12062
12063
12065
12066
12068
12069
12070
12072
12073
12075
12076
12077
12078
12081
12082
12083
12084
12085
12086
12087
12088
12089
12090
12091
12093
12094
12095
12096
12098
12099
12100
12101
12102
12103
12104
12105
12106
12107
12108
12110
12111
12112
12114
12115
12117
12118
12119
12120
12121
12122
12123
12126
12127
12128
33038
33042
12177
12178
12179
12216
12224
12229
12230
12232
12233
12246
12251
12252
12257
12263
12267
33070
12314
12318
12319
12320
12321
12322
12323
12324
12327
12328
12335
12344
12345
12346
12368
12369
12370
12464
45
33124
12547
12548
12551
12553
12584
12588
46
12613
12618
12627
12680
12681
12685
12686
12687
12688
12689
12690
12691
12692
12693
12694
12715
12775
12778
12779
47
12787
12799
12845
12846
12876
12916
33240
33241
12926
12927
12928
12929
12930
12931
12932
12933
12934
12935
12936
12937
12938
12939
12940
12941
12942
12943
12944
12945
33253
12946
12947
12948
12949
12950
12951
12954
12955
12956
12957
12958
12960
12967
12968
12969
12970
12971
12972
12973
12975
12976
12977
12978
12979
12981
12982
12983
12984
12985
12986
12987
12988
12989
12990
12991
12992
12993
12994
12995
12996
12997
12998
12999
13000
13001
13003
13004
13007
13008
13039
13059
