67
30327
72
75
74
77
76
82
83
84
85
86
87
90
91
96
97
99
98
102
103
107
129
128
131
130
132
133
136
137
141
140
144
145
161
167
330
177
178
332
117
116
180
179
186
185
190
189
192
191
194
996
195
196
201
202
203
204
210
219
220
245
30331
262
30333
30334
297
312
314
317
324
334
340
347
348
356
360
366
372
373
377
14
384
387
405
420
434
447
458
467
474
481
482
491
496
498
522
535
539
545
549
555
557
566
567
574
30312
601
603
604
605
606
607
619
623
629
30383
640
643
645
648
650
659
660
662
672
689
708
715
728
732
30398
737
741
757
761
30400
765
766
772
779
30401
800
814
825
15
835
843
846
859
860
861
881
916
926
30419
943
960
961
995
997
998
1001
1006
30428
1073
1074
1078
30443
30450
1104
30455
30457
1131
1139
1148
1152
1166
1177
1180
17
1201
1210
19
30486
1244
1247
30510
1257
1267
1270
1272
1280
1283
1285
1292
1306
1309
1319
1331
1332
1340
1350
1361
1377
1378
1383
1400
1401
1458
1465
1467
1468
1473
30554
1475
1476
1494
30559
1507
1510
1512
30564
1513
30566
1515
1521
1527
1528
1534
1536
30572
1555
1559
30578
1564
1575
1581
1585
1597
1600
1605
1609
1613
1615
30585
1619
1620
1622
1625
