500
1900
2347
2504
2507
2508
2822
3043
3078
3357
3358
3371
3386
31059
3798
3898
3987
3988
4928
5511
5871
6008
6556
7277
7785
7796
7833
8914
8915
8984
9439
9440
9761
10176
11062
32709
11140
11294
11919
12522
12821
13409
13508
13509
13510
13511
13512
13686
13889
13891
33463
33464
13892
33465
13893
13894
13895
33466
13896
13897
13898
13899
13900
13901
33467
33468
13902
13903
13905
13906
13907
13908
13909
13910
13911
13912
13913
13914
13915
13916
13917
13918
13926
13929
13930
13931
14203
14616
14619
14657
14658
14660
14661
14725
15153
15384
33784
15453
15466
15467
15468
15469
15470
15741
16034
16035
16036
16127
16131
16153
16154
16166
16188
16189
16303
16472
16474
16704
16721
16779
16791
16793
16794
34143
34144
16795
16842
16857
16961
16975
17007
17009
17442
17669
17670
17672
17723
17743
17802
34416
18012
18181
18194
18205
18241
18263
18283
18288
18457
18458
18459
18555
18558
34633
18596
18597
18609
18610
18611
18620
18655
18658
18662
18672
18673
18674
18675
18676
18677
18678
18679
18680
18681
18682
18683
18684
18685
18686
18687
18688
18709
18711
18820
18860
34699
18904
18905
18906
18919
19030
19031
19032
19261
19262
19263
19392
19393
19426
19427
19428
19429
19433
19434
19744
19788
19842
19937
19998
20191
20265
20266
20267
20268
20269
20270
20271
20272
20273
20274
20276
20277
20278
20279
20280
20281
20282
20283
20284
20285
20286
20287
20288
20301
20334
20443
20501
20515
20517
20518
20521
35110
20608
35138
20639
20673
20681
20774
20987
21078
21203
21204
21225
35318
21334
21874
21963
22454
22727
22728
22729
22730
24101
24204
24304
24402
24498
24499
24500
24501
24502
24503
24504
24505
24506
24507
24508
24987
25385
25477
25659
25744
25745
25746
25747
25859
26914
27402
36933
37002
37003
37004
37005
37006
37007
37008
37009
37010
