136
137
433
547
548
833
1210
1211
1285
30521
1325
1559
1918
1919
30749
2256
30957
3186
3415
3803
3822
4718
4741
31508
5768
6029
6279
8241
8531
9435
9534
9537
9786
10028
10583
11734
33337
14052
14067
14198
14199
14214
14337
14615
33647
14944
15029
15036
15042
33708
15050
15081
15728
15892
16218
34162
17490
18092
18446
18607
18671
18935
19756
19819
20458
20468
20595
21180
21184
35668
23048
23398
23522
23523
23578
35927
23977
23981
23982
24021
36247
24827
25122
30323
25123
36352
25124
36353
36427
25419
25641
36506
26085
36647
36650
26735
26887
26920
26937
27162
