30339
30389
30402
30422
30423
30474
30515
30540
30541
30579
30656
30659
30660
30661
30667
30749
30782
30783
30785
30786
30787
30788
30879
30880
30881
30882
30883
30885
30884
30886
30887
30888
30889
30892
30891
30893
30894
30895
31037
31038
31112
31114
31120
31147
31148
31149
31150
31161
31162
31165
31187
31206
31226
31239
31279
31323
31342
31349
31404
31428
31466
31486
31606
31607
31608
31754
31755
31756
31757
31758
31759
31767
31777
31878
31879
31880
31897
31898
31901
31902
31903
31904
31905
7131
31907
31928
31929
31935
31938
31939
31940
31941
31943
31956
31967
31980
31981
31982
31984
32020
32022
32023
32026
32027
32028
32029
32050
32051
32055
32067
32167
32277
32299
32300
32301
32302
32304
32341
32404
32425
32426
32474
32625
32628
32638
32639
32759
32760
32767
32768
32769
32770
32772
32773
32774
32775
32776
32777
32778
32780
32781
32783
32784
32785
32786
32787
32788
32789
32790
32791
32792
32793
32794
32796
32798
32803
32804
32811
32812
32813
32814
32816
32817
32818
32819
32820
32821
32830
32834
32835
32836
32837
32840
32841
32842
32843
32844
32845
32846
32847
32848
32850
32852
32853
32855
32856
32857
32858
32859
32860
32861
32863
32864
32865
32867
32871
32872
32874
32875
32876
32878
32879
32880
32881
32883
32884
32887
32889
32893
32894
32909
32911
32916
32917
32922
32923
32931
32932
32933
32934
32936
32937
32938
32939
32940
32941
32942
32943
32944
32947
32963
32964
32965
32966
32968
32970
32971
32976
32977
32979
32982
32983
32985
32986
32987
32988
32990
32991
32996
32997
