644
30438
1324
30521
1325
30594
1677
30644
2156
4338
4353
4354
4355
4356
4357
4358
4777
4778
31317
31340
31339
5201
31379
31449
5725
5897
5912
5929
6098
6431
6432
6433
6434
6454
6486
6505
7384
32090
8210
8248
8370
8732
8779
8865
9640
9655
9656
9839
32584
32585
12226
12242
12271
12272
12316
13252
13253
13383
33350
13384
14008
14125
33496
14233
14623
14814
14932
15331
33795
15611
15679
15879
18481
18633
19004
19400
19402
20476
20516
21230
35433
21651
21652
21844
22006
22558
22562
22784
22785
35728
35729
22786
22787
35730
22788
22789
35731
35732
35733
35734
22790
22791
22792
35735
35736
35737
35738
22793
35739
35740
22794
22795
35741
35742
22796
22797
35743
35744
22798
22799
35745
22801
23197
23670
35940
23736
23738
23843
23979
24122
24784
24892
24895
24896
24931
24933
24934
25325
26227
36638
36658
36669
27471
