30533
1347
1348
2110
30748
2512
2728
30905
30906
30907
2924
2925
31065
3694
3703
5307
31515
5790
5903
6102
6132
31604
31718
6534
6978
6993
6994
6995
31891
7784
32082
8329
32175
8398
8427
9269
9503
9731
10044
10646
12129
12528
12575
12736
12765
12925
13169
13506
13838
13870
33499
33500
14276
15385
15454
15464
33805
15514
15689
15692
33860
15694
15774
16057
16175
16228
16274
16294
16455
16803
16960
17011
17035
34198
34292
17518
34310
17519
17520
17521
17522
17523
17524
17525
17526
17527
17528
17529
17530
17531
17532
17533
17534
17535
17536
17693
17731
17810
17815
17963
18046
34521
34524
18271
18272
18302
18341
34556
18396
18473
18824
18935
18967
19023
19191
19331
19364
19380
19424
19568
19591
19802
19862
19900
20126
20209
35042
35043
20210
20213
20214
35044
20215
20216
20217
20218
20219
20220
20221
20222
20223
20505
20543
20544
20545
20556
20570
20665
20742
20743
20809
35185
35186
20871
35189
20872
20873
20875
20885
20886
20903
20989
35256
21100
21101
21102
21103
21236
21238
21239
21502
21837
35496
21911
22057
22436
22487
22517
35687
22537
35704
22948
23430
23477
24201
24595
24917
25063
36332
36333
25066
25702
26226
