664
2064
30873
3015
3016
3062
30974
3293
3294
3295
3306
31028
3393
31046
31047
31048
31049
31050
31051
31052
31053
3400
31054
31055
3692
3974
4085
4363
4776
4930
31382
5504
5505
5506
5507
5512
5513
5514
5515
5517
5518
5519
5520
31437
5521
5523
5524
5525
5526
5527
5528
5529
5530
5531
5563
5729
5780
5781
5802
31517
31518
31519
5803
5804
31520
31521
5808
5827
5832
5833
5834
5928
6203
6391
6451
6452
6453
6803
31789
6804
6822
7256
7257
7333
7337
7624
7751
7797
7818
7819
8066
8441
8616
32236
32237
8719
8919
8921
9100
9329
9552
9578
9877
9882
9883
9884
9885
32560
32571
10164
10790
10817
10818
32668
32669
32670
10985
10989
10991
11920
11929
12004
12138
33045
33047
12188
12313
12632
12633
12634
12760
12761
12762
12783
12801
12819
12881
13052
13056
13057
13058
13060
13118
13119
13120
13121
13204
13216
13303
13387
13388
13464
13465
13680
14018
14140
14806
14933
14934
15072
15076
15077
15078
15079
15080
15081
15082
15083
15084
15085
15086
15087
15088
15089
33716
15090
15091
15092
15107
15108
15154
15181
15235
15264
15271
33766
15273
15583
15584
15585
15622
16046
33938
33939
16052
16055
16056
33940
16059
16063
16064
16141
16225
16255
16256
16258
16259
16471
16814
16815
17671
17765
17838
17997
18326
18837
18897
19001
19267
34909
34922
19950
20526
21378
21513
21546
21547
21902
21992
21993
35540
22125
22126
22127
22128
35578
22129
35651
22481
22482
23021
23022
23280
23335
23387
23498
23743
35960
24123
24124
