764
1713
2709
30964
3034
30965
30966
3412
3831
3858
3860
5609
5610
31510
5830
5831
31529
8091
8405
8466
8467
8468
8568
8579
8580
8581
8582
8583
8584
8868
8982
32555
32681
32742
12299
33144
13302
13357
33347
33399
13848
14263
14510
33723
33724
33725
33726
33727
15401
33800
15545
15564
33876
33877
16257
33982
17008
34456
18182
34526
18640
18762
34693
19312
35027
20342
20553
35192
21062
21976
21987
22138
22139
23052
23053
23054
35851
23400
23401
35883
35941
35966
23839
35978
35979
35980
35985
23969
23970
24249
24250
36083
36084
36085
24251
24252
36086
24253
36087
24254
24255
36088
24256
24257
24258
36089
24259
36090
24260
36091
24261
36092
24262
36093
36094
24263
24264
24265
24266
36095
24267
24268
24269
24270
24271
24272
36096
24273
24274
24275
24276
24277
24278
24279
24280
24281
24282
24283
24284
24285
24286
24287
24288
24289
24290
24291
24292
24293
24294
24295
36097
36098
36099
24299
36100
36101
24300
36102
36104
36105
24302
36106
24311
24685
25249
