30385
30396
30399
783
821
856
1013
1014
1054
30431
1055
1056
1058
1059
1060
30432
30433
1061
1062
1063
1064
1067
1068
1069
1070
30435
30436
30437
1080
1088
1089
30442
1092
30444
1093
1094
1095
30445
30446
1096
1097
30447
1098
1107
1108
30451
1109
30452
1111
1112
1113
1115
1116
1117
1118
1121
1122
1123
1124
1125
30454
30456
1128
1147
1148
1150
1171
1172
30469
30470
1194
1196
1271
1276
30518
1590
1591
1599
1671
1676
30608
30609
30610
30611
30612
1753
30613
1754
1755
1756
1757
30614
1758
1759
30615
30616
1763
30617
1764
1765
1768
1769
30618
1770
1771
30619
30620
1772
1773
1774
1775
1776
1777
1778
1779
1780
1781
1782
1783
1784
1785
1786
1787
1788
1789
1790
1791
1792
1793
1794
1795
1796
1797
1798
1799
1800
1801
1802
1803
1804
1805
1806
1807
1808
1809
1810
1811
1812
1813
1814
30621
1816
1817
30622
30623
30624
1818
1819
30626
30627
30628
1825
30629
1826
30630
30631
1827
30632
1828
30633
30634
1829
1830
30635
30636
1831
1832
2134
2414
2816
30903
2921
30942
3086
31068
31082
3812
3884
3975
3976
4117
4176
4344
4676
5218
5223
5392
5395
5407
5408
5409
5410
5411
5716
5721
5745
6223
6262
6503
31995
31996
7830
32085
8040
8406
8407
32182
8423
8690
32278
8897
32279
32290
8977
8979
8981
32305
32314
32315
9124
32337
32375
9687
9688
9689
32449
9714
9999
10555
10556
10636
10977
12225
33064
33181
33182
33194
33198
12848
13333
33333
33364
33513
33514
33520
14349
14352
14353
14354
14357
14358
14609
14697
14947
15052
15226
33760
15227
15268
15450
15451
15591
15636
33849
15831
15832
15833
15834
16150
16151
16186
16675
16677
16678
16856
34348
17903
18061
34475
18317
18517
18774
20262
21266
21842
35582
35583
22135
22605
35719
22885
22967
35786
23014
35798
23042
23044
23045
23112
23157
35859
23360
23376
23437
23440
23441
23461
35906
35908
23688
23710
35953
23858
35975
23860
35976
23871
23917
36005
24325
36108
24385
24398
36153
36154
24400
36155
36156
36157
24688
24728
36250
24768
36265
24851
36282
36292
36294
36322
36323
36324
36325
36326
36327
25043
25044
25045
25046
36328
25047
36331
25126
25127
25128
36354
25129
25130
36355
25131
25132
36356
25133
25134
25135
25136
36357
36358
25137
25138
36359
36360
25139
25212
25340
25459
25493
36454
36477
25715
25716
25717
36533
25935
25940
26703
26858
26859
27121
27317
27318
36799
28720
29759
