30385
30396
30399
783
821
856
1013
1014
1054
30431
1055
1056
1058
1059
1060
30432
1062
30433
1061
1063
1064
1067
1068
1069
1070
30435
30436
30437
1080
1088
1089
30442
1092
30444
1093
1094
1095
30445
30446
1096
1097
30447
1098
1107
1108
30451
1109
30452
1111
1112
1113
1115
1116
1117
1118
1121
1122
1123
1124
1125
30454
30456
1128
1147
1148
1150
1171
1172
30469
30470
1194
1196
1271
1276
30518
1590
1591
1599
1671
1676
30608
30609
30610
30611
30612
1753
30613
1754
1755
1756
1757
30614
1758
1759
30615
30616
1763
30617
1764
1765
1768
1769
30618
1770
1771
30619
30620
1772
1773
1774
1775
1776
1777
1778
1779
1780
1781
1782
1783
1784
1785
1786
1787
1788
1789
1790
1791
1792
1793
1794
1795
1796
1797
1798
1799
1800
1801
1802
1803
1804
1805
1806
1807
1808
1809
1810
1811
1812
1813
1814
30621
1816
1817
30622
30623
30624
1818
1819
30626
30627
30628
1825
30629
1826
30630
30631
1827
30632
1828
30633
30634
1829
1830
30635
30636
1831
1832
2134
2414
2816
30903
2921
30942
3086
31068
31082
3812
3884
3975
3976
4117
4176
4344
4676
5218
5223
5392
5395
5407
5408
5409
5410
5411
5716
5721
5745
6223
6262
6503
31995
31996
7830
32085
8040
8406
8407
32182
8423
8690
32278
8897
32279
32290
8977
8979
8981
32305
32314
32315
9124
32337
32375
9687
9688
9689
32449
9714
9999
10555
10556
10636
10977
12225
33064
33181
33182
33194
33198
12848
13333
