233
30660
30662
3032
31114
31205
4160
31206
31207
31208
31209
4161
31210
31211
4162
31212
31213
31239
31404
31486
5728
6625
6629
6637
31767
7370
31980
31981
31982
31983
31984
31985
8026
8079
32277
9507
10371
32768
32769
32773
11526
32774
11527
32776
11528
32777
11529
32778
11531
11530
32779
11532
11533
32780
11534
11535
32781
32782
11536
11537
32783
11538
32784
32785
11539
32786
11540
32787
11541
32788
11544
11545
11546
32789
32790
32791
32792
32793
32794
32796
32798
11569
11570
32799
32803
32804
32813
32814
11598
11603
32829
32830
11621
32831
11622
11624
32833
11625
11626
32834
32837
32838
11637
32840
32841
32842
32843
11642
32844
32845
11643
11644
32846
11646
32847
11647
32848
11648
32849
11649
32850
11650
32851
11651
32852
11652
11653
11654
32853
11655
11656
32854
32855
11657
32856
11659
11661
32857
11662
11663
11668
11669
11670
32858
11671
32868
32876
32877
32878
32879
11685
11687
11692
11693
11694
11695
32884
11697
11709
11710
32888
11711
32889
11714
11716
11717
32890
32891
32892
32893
11718
32894
32895
11720
11721
32896
11722
32897
32898
32899
11723
11724
32900
32901
11725
32902
32903
32904
32905
11726
32906
32907
32908
32910
32911
32912
11728
32913
32914
32915
11732
32916
11735
32917
11736
32918
32919
11740
32922
32926
32927
32928
32929
32930
11759
11761
11762
11763
32932
11764
32934
32935
32936
32937
32939
32942
32943
32944
11768
11769
11770
11771
11772
32962
11787
32965
32966
32968
11807
11808
32969
32970
11809
11810
32971
32972
11812
11820
11821
11822
