30391
30392
857
30458
30461
30460
1248
30509
1339
1517
1674
2278
2279
2391
2392
2393
2394
2395
2397
2398
2399
2400
2427
2433
2434
2435
2436
2437
2464
2829
30909
2830
2831
2832
2833
2834
2923
2992
3339
3340
3341
3342
3343
3344
3345
3346
3347
3348
3349
3502
3509
3522
3525
3655
3656
3657
3658
3659
3660
3661
3662
3663
3664
3665
3667
3668
4036
4168
4169
4322
4323
4324
4325
4326
4327
4328
4329
4330
4469
4470
31266
4471
4472
4473
4474
31267
4475
4476
4477
4478
4479
4480
4491
4492
4493
4494
4495
4496
4497
4498
4499
4500
4502
4519
4520
4521
4522
4523
4563
4564
4565
4566
4567
4568
4569
4570
4571
4572
4573
4575
4576
4577
4578
4579
4580
4581
4582
4583
4584
4585
4586
4587
4588
4589
4630
4631
4632
4633
4646
4682
4683
4686
4687
4688
4689
4690
4691
4692
4746
4747
4748
4750
4751
4752
4753
4806
4808
4810
4811
4812
4817
4818
4819
4820
4821
4822
31315
31321
31394
31395
31396
31397
5344
5345
31398
5346
5347
5348
5349
5350
5351
5352
5353
5354
5355
5356
5357
5358
5359
5360
5361
5362
5363
5364
5365
5366
5367
5368
5369
5370
5371
5372
5373
5374
5375
5376
5379
5380
5381
5382
31399
31400
31401
31402
31403
5383
5384
5629
5630
5631
31467
5632
5641
5642
5643
5644
5645
5646
5647
31473
5648
5649
5650
5651
5764
6290
31635
6291
6292
31636
6293
31637
31638
6294
31639
6295
6296
7326
7327
7328
