30337
273
274
275
30338
30339
276
277
30340
279
30341
30342
280
281
282
283
284
285
286
287
288
290
291
292
30343
293
294
295
647
30389
668
721
723
30402
30406
799
30410
831
1027
30422
30423
30474
1187
30515
30540
30541
1414
1505
30579
1761
30625
30656
1895
1896
1905
30659
30660
30661
30662
1919
30667
2034
2105
2108
2212
2256
30749
30782
30783
2352
30784
2359
2360
2361
2362
2363
2364
2365
2366
30785
30786
30787
2367
2368
2370
2371
2372
30788
2373
2375
2376
2377
2378
2379
2380
2381
2382
2383
2703
2799
30879
30880
30881
30882
30883
30884
30885
30886
30887
30888
30889
30890
30891
30892
30893
30894
30895
2812
2821
30910
2959
2961
2993
3032
3037
3308
31037
31038
3360
3367
31041
3735
31112
31114
31147
3981
31148
31149
3982
31150
31151
3983
4035
31161
31162
31165
31187
4136
31205
31206
4160
31207
31208
31209
31210
4161
31211
31212
4162
31213
4261
31239
4614
4738
4925
31349
5247
31404
31466
31486
5728
31508
5768
31606
31607
6134
6135
31608
6276
31651
6326
6613
6614
6616
6617
31754
31755
31756
31757
31758
6618
6619
6620
6621
6622
6623
31759
6624
6625
6629
31767
6710
31878
31879
6961
6962
6964
31880
31897
7070
7071
7072
7073
7074
7075
7076
7077
7078
7079
7080
7081
7083
31900
7084
31901
7086
7087
7088
7089
7090
7092
7093
7094
7095
7098
7099
7100
7101
7102
7103
7104
7105
7106
7107
7108
7109
7110
7111
7112
7113
7115
7116
31904
31905
7117
7118
7119
7123
7124
7127
7128
7129
31906
7130
7131
7132
31907
7133
31928
31929
31934
7210
31935
7218
31938
7220
7221
31939
7222
31940
31941
31942
7223
7224
7231
7232
7234
7235
7245
31946
31956
7335
7370
31980
31981
31982
31983
31984
31985
7414
7643
7662
32020
32022
32023
7663
7664
32025
7665
7666
32026
32027
32028
7667
32029
7668
7669
7670
7671
32049
32050
7761
32051
32055
7816
7941
32067
8079
8128
8129
8305
8560
8561
32248
32277
32299
32300
32301
32302
32303
32304
32331
9130
9454
32404
9477
9478
32405
32425
9574
32426
9598
32464
32465
32466
32467
32468
32474
10005
10371
10537
10627
10628
32625
10630
32628
10653
32638
32639
32759
32760
11521
32768
32769
32770
32772
32773
11526
32774
32775
11527
11528
32776
32777
11529
32778
11530
11531
32779
11532
11533
32780
11534
11535
32781
32782
11536
11537
32783
11538
32784
32785
11539
32786
11540
32787
11541
32788
11544
11545
11546
11548
32789
32790
32791
32792
32793
32794
32796
32798
11569
11571
11572
11573
11574
11575
11576
32803
32804
11580
11586
32811
11588
32812
32813
32814
11597
11598
11603
32816
32817
32818
32819
11604
32821
11606
11607
11608
11610
32829
32830
11616
11617
11618
11620
11621
32831
11622
11623
11624
32833
11625
11626
32834
32835
11629
11630
32836
32837
32838
11637
11638
32841
32842
32843
11642
32844
32845
11643
11644
11645
11646
32847
11647
32848
32849
11648
11649
32850
11650
32851
11651
32852
11652
11653
11654
32853
11655
11656
32854
32855
11657
11658
11659
11661
32857
11662
11663
11668
11669
11670
32858
11671
32859
32860
32861
32862
32863
32864
32865
32866
11682
32867
32868
32869
11683
32870
32871
32872
32873
32874
32875
32876
32877
32878
32879
32880
11685
11687
11689
32881
11690
32882
11691
32883
11692
11693
11694
11695
32884
11697
11708
11709
11710
32888
11711
32889
11712
11714
11715
11716
11717
32892
32893
11718
32894
32895
11720
11721
32896
11722
32897
32898
32899
11723
11724
32900
32901
11725
32902
32903
32904
32905
11726
32906
32907
32908
32910
32912
11727
11728
32913
11729
32914
32915
11730
11731
11732
32916
11735
32917
11736
32918
32919
11739
11740
32922
32923
11744
11745
11746
11747
11748
32926
32927
32928
32929
32930
11761
11762
32931
11763
32932
32933
11764
32934
32935
32936
32937
32938
32939
11765
32940
32941
32942
32943
32944
32945
11766
32946
32947
11767
11768
11770
11771
11772
11774
11775
11776
11777
32962
32963
32964
11787
32965
32966
32968
11807
11808
32969
32970
11810
32971
32972
11812
11820
11821
11822
11823
11824
32974
11829
11830
11831
11832
32976
32977
32979
32980
32981
11839
32982
32983
11843
11844
32985
11846
32987
11847
11848
32988
32989
32990
11850
11856
32991
32994
11858
11863
32996
11864
32997
32998
32999
11870
33000
33001
33002
11881
33005
33006
11883
33007
11892
33008
11893
33009
11895
33023
11993
11994
12190
12195
12204
33067
12330
33097
33098
33099
33100
33101
12376
12377
12378
12482
33109
12483
33110
12484
12485
12486
12488
33113
12489
33114
12490
12491
12492
12494
33115
