30391
30392
857
30458
30460
30461
1248
30509
1339
1517
1674
2278
2279
2391
2392
2393
2394
2395
2397
2398
2399
2400
2427
2433
2434
2435
2436
2437
2464
2829
30909
2830
2831
2832
2833
2834
2923
2992
3339
3340
3341
3342
3343
3344
3345
3346
3347
3348
3349
3502
3509
3522
3525
3655
3656
3657
3658
3659
3660
3661
3662
3663
3664
3665
3667
3668
4036
4168
4169
4322
4323
4324
4325
4326
4327
4328
4329
4330
4469
4470
31266
4471
4472
4473
4474
31267
4475
4476
4477
4478
4479
4480
4491
4492
4493
4494
4495
4496
4497
4498
4499
4500
4502
4519
4520
4521
4522
4523
4563
4564
4565
4566
4567
4568
4569
4570
4571
4572
4573
4575
4576
4577
4578
4579
4580
4581
4582
4583
4584
4585
4586
4587
4588
4589
4630
4631
4632
4633
4646
4682
4683
4686
4687
4688
4689
4690
4691
4692
4746
4747
4748
4750
4751
4752
4753
4806
4808
4810
4811
4812
4817
4818
4819
4820
4821
4822
31315
31321
31394
31395
31396
31397
5344
5345
31398
5346
5347
5348
5349
5350
5351
5352
5353
5354
5355
5356
5357
5358
5359
5360
5361
5362
5363
5364
5365
5366
5367
5368
5369
5370
5371
5372
5373
5374
5375
5376
5379
5380
5381
5382
31399
31400
31401
31402
31403
5383
5384
5629
5630
5631
31467
5632
5641
5642
5643
5644
5645
5646
5647
31473
5648
5649
5650
5651
5764
6290
31635
6291
6292
31636
6293
31637
31638
6294
31639
6295
6296
7326
7327
7328
7750
7753
7799
7800
7801
7802
7803
7804
7826
32077
8150
8626
8627
8629
8630
8665
8666
8667
8668
8669
8804
8805
8806
8807
8808
8809
8810
8820
9116
9138
9194
9195
9196
9197
9198
9199
9215
9279
9280
9281
9282
9283
9284
9285
9286
9298
9299
9300
9301
9302
9303
9304
9305
9306
9307
9905
9906
9946
9947
9948
9949
9950
9951
9952
9953
10101
10102
10516
10517
10518
10519
10520
10521
10522
10523
10524
10525
10526
10527
10528
10529
10530
10531
10532
10533
10534
10535
10551
10566
10572
10576
10577
10578
10579
10580
10581
10907
10908
11299
11300
11301
11302
11303
11304
11305
11374
11375
11376
11377
11384
11385
11386
11402
11934
11939
11940
11941
11957
12196
12276
12277
12285
12286
12287
12288
12289
12303
12366
12367
12397
12398
12523
12529
12611
12612
12626
12716
12717
12718
12719
12720
12800
12809
13071
13114
13115
13159
13241
13242
13705
13706
13707
13830
13831
13832
13833
13834
13835
13836
14185
14186
14187
15161
15236
15241
15243
15244
15245
15337
15339
15363
15364
15777
17569
18902
35423
22805
22806
22815
22816
22817
22819
22820
22914
22943
23015
23192
23193
23194
23195
23196
23198
23199
23200
23201
23202
23203
23205
23206
23207
23208
23209
23210
23211
23217
23221
23222
23223
23224
23225
23226
23227
23228
23229
23231
23232
23233
23240
23241
23242
23243
23259
23260
23261
23262
23263
23264
23265
23266
23267
23268
23269
23270
23271
23272
23273
23274
23275
23276
23306
23309
23310
23311
23318
23319
23320
23321
23322
23323
23324
23325
23326
23327
23328
23329
23984
24089
24090
24103
24109
24320
24322
24403
24404
24414
24415
24420
24421
24422
24423
24464
24470
24472
24473
24509
24510
24511
24512
24513
24514
24593
24856
24857
24858
24859
24860
24861
24870
24871
24872
24873
24874
24875
25193
25194
25195
25196
25197
25198
25199
25207
25208
25209
25210
25211
25213
25214
25215
25216
25217
25218
25219
25220
25221
25222
25223
25224
25225
25226
25227
25228
25229
25230
25238
25260
25261
25262
25263
25264
25279
25469
25470
25471
36555
25894
25895
25896
25897
25901
25902
26194
26195
26196
26199
26210
26211
26212
26953
26954
26955
26956
26957
26958
26959
26960
26961
26962
26963
26964
27009
27290
27338
27340
27341
27342
27343
27344
27345
27346
27396
27400
27401
27404
27405
27406
27408
27409
27410
27411
28549
28550
28551
28552
28553
28554
28555
28556
28557
28558
28559
28560
37125
37126
37127
28561
28562
28563
37129
37130
37131
28564
28565
37132
37133
28566
28567
37134
28568
37135
37136
28569
28570
28571
37137
37138
28572
28573
28574
28575
28576
28577
28578
28579
28580
28581
28582
28583
28584
28585
28586
28587
28588
28589
28590
28591
28592
28593
28594
28595
28596
28597
37142
28598
28599
28600
28601
28602
37143
28603
28605
28606
28607
37145
37146
28614
28615
28616
28617
37147
28618
37148
28619
28620
28621
28622
37149
37150
37151
28623
28624
37152
28625
28626
28627
37153
28628
28629
37154
37155
28630
28631
28632
37156
28633
37157
37158
28634
37159
37160
37161
37162
28635
28636
28637
28638
28639
28640
28641
28642
28643
28644
28645
28646
28647
28648
28650
28651
28652
37163
37164
28653
28654
28655
37165
37166
28656
28657
37167
37168
28658
28659
37169
37170
37171
37172
28660
28661
37173
37174
37175
37176
28662
37177
37178
28663
37179
37180
28664
37181
28665
28666
28667
28668
37182
28669
28670
28671
28672
37183
28673
28674
28675
28676
28677
28678
28679
28680
28681
28682
37186
28683
37187
37188
37189
28684
28685
28686
28687
28688
28689
28690
28691
28692
28693
28694
28695
37190
37191
28696
28697
28698
28699
28700
28701
37192
28706
28707
28708
28709
28710
37193
28711
28712
28713
28714
28715
28716
28717
28718
37198
28721
28722
28723
28724
28725
28726
28727
37199
37200
28728
28729
37201
28730
28731
28732
28733
28734
37202
28735
28736
28737
28738
28739
28740
28741
28742
28743
28744
28745
28746
28747
28748
28749
28750
28751
28752
28753
28754
28755
28756
28757
28758
28761
28762
28763
28764
28765
28766
28767
28768
37204
28769
28770
28771
37205
28772
28773
37206
28774
28775
28776
37207
37208
37209
37210
37211
28777
28778
28779
28780
28781
28782
28783
28784
28785
37213
28786
28787
28788
28790
37214
28791
28792
28793
37216
28794
28795
37217
37218
28796
28797
28798
28799
28800
28801
28802
28803
28804
28805
28806
28807
28808
28809
37219
37220
37221
37222
28810
37223
37224
28811
28812
28813
28814
28815
28816
28817
28818
28819
28820
28821
37225
37226
28822
28823
37227
28824
28825
28826
37229
37230
28827
28828
28829
28830
37231
28832
28833
37232
28834
28835
37236
28836
28837
28838
28841
28842
28843
28844
37237
28845
28846
28847
28848
28849
28850
28851
28852
28853
28854
28855
28856
28857
28858
28859
28860
28861
28862
28863
28864
28865
28866
28867
28868
28869
28870
37238
28871
28872
28873
37239
28874
28875
37240
37241
28876
28877
28878
28879
28880
28881
37242
37243
28882
37244
37245
37246
37247
37248
28883
28884
28885
28886
28887
28888
37249
28889
28890
28891
28892
28893
28894
28895
28896
28897
28898
28899
37250
37251
37252
28900
28901
28902
37253
37254
28903
37255
28904
37256
28905
28906
37259
37260
37261
28907
37262
37263
37264
28908
28909
37265
37266
37267
28910
28911
37268
37269
37270
37271
28912
28913
37272
37273
37274
28914
37275
28915
37276
37277
28916
28917
37278
28918
28920
37279
28922
37281
28923
37282
28926
37283
28927
28929
28930
37284
28931
37285
28933
37286
28934
28935
28936
37288
37289
28937
28938
37290
28939
37291
37292
28940
28941
37293
37294
28942
28943
28944
28945
28946
37296
28947
37297
37298
28948
37299
37300
28949
37301
37302
37303
28950
37304
28951
28952
37305
28953
28954
28955
28956
28957
28958
28959
37306
37307
37308
37309
28960
28961
37310
28962
28963
28964
28965
28966
28967
37311
28968
37312
37314
37315
28969
28970
37316
37317
28971
28972
28973
28974
28975
28976
28977
28978
28979
28980
28981
28982
37320
28983
28984
28985
28986
28987
28988
28989
28990
28991
28992
28993
28994
37321
28995
37322
28996
28997
28998
28999
37323
29000
29001
29002
29003
29004
29005
29006
29007
29008
29009
29010
37324
37325
29011
29012
37326
37327
37328
37329
37330
37331
29013
29014
29015
37332
29016
29017
37333
29019
29020
37334
37335
29021
29022
37336
29023
29024
29025
29026
29027
37337
29028
29029
29031
29032
29033
29034
29035
29036
37338
37339
29037
29038
37340
29039
37341
29040
29041
29042
37342
37343
37344
37345
37346
29043
29044
29045
29046
29047
29048
29049
29050
29051
29052
29053
29054
29055
29056
29057
29058
29061
29062
29063
29064
29065
37347
37348
29066
37349
29067
29068
37352
29069
29071
29072
29073
37353
37354
29074
29075
29076
29078
37355
29079
37356
37357
29080
29081
29082
37358
37359
29083
29084
37360
37361
29085
29086
37362
37363
29087
37364
29088
29089
29090
29091
29092
29093
29094
29095
29096
37365
29097
29098
29099
29100
29101
29102
29103
37366
37367
37368
29104
29105
37369
37370
29106
29107
29108
37371
37372
37373
37374
37375
29111
29112
29113
29114
37376
37377
29115
29116
37378
29117
29118
37379
29119
29120
29121
29122
29123
29125
29126
29127
29128
37380
29129
29130
29131
37381
37382
29132
29133
37383
37384
29134
29135
37385
29136
29137
37386
37387
29138
29139
37388
37389
29140
29141
37390
29142
29143
29144
29145
29146
37391
29147
29148
29149
29150
29151
29152
29153
29154
29155
29156
29157
29158
29159
29160
29161
29162
37392
37393
29163
37394
29164
37395
29165
29166
29167
29168
29169
29170
29171
29172
29173
29174
29175
29176
29177
29178
37396
37397
29179
37398
29180
29181
29182
29183
29184
29185
29186
29187
37399
37400
29188
29189
29190
29191
37401
37402
37403
29192
29193
29194
37404
29195
29196
29197
29198
29199
37405
29200
29201
29202
29203
29204
29205
29206
29207
29208
29209
29210
29211
37406
29212
29213
29214
37407
29215
29216
29217
37408
29218
29219
29220
37409
29221
29222
29223
29224
29225
29226
29227
29228
29229
29230
29231
29232
29233
29234
29235
29236
29237
29238
29239
29240
29241
37410
29242
29243
29244
29245
29246
29247
29248
29249
29250
29251
29252
29253
37411
29254
29255
29256
37412
37413
29257
29258
29259
29260
29261
29262
37414
37415
29263
29264
29265
37416
29267
29268
29278
29279
29280
29281
37417
29282
29283
29284
29285
29286
29287
29288
29289
29290
37418
29291
29292
29293
29294
29295
29296
37419
37420
29297
29298
37421
37422
29299
29300
37423
37424
29301
29302
37425
37426
29303
29304
37427
37428
29305
29306
37429
37430
29307
29308
29311
29312
29314
29315
29316
37431
37432
29317
29318
29319
37433
29320
29321
29322
29323
29324
29325
29326
29327
29328
29329
29330
29331
29332
37434
29333
29334
29335
29336
29337
29338
37435
29339
37436
29340
29341
29342
29343
29344
29345
37437
37438
29346
29347
29348
29349
29350
29351
29352
29353
37439
29354
29355
29356
29357
29358
29359
37440
29360
29361
29362
29363
29364
29365
29366
29367
29368
29369
29370
37441
29371
29372
29373
29374
29375
29376
29377
29378
29379
29381
29382
29383
37443
29384
29385
29386
29387
29388
29389
29390
29391
29392
29393
29394
29395
29396
29397
29398
37445
29399
29400
29401
37446
29402
29403
29404
29405
29406
29407
29409
29410
29411
29412
37448
29413
29414
29415
29416
29417
29418
29419
29420
29421
29422
29423
29424
29425
29426
29427
29428
29429
29430
29432
29434
37450
29435
29436
37451
29437
29438
29439
37452
37453
37454
29440
37455
29441
29442
29443
29444
29445
37456
37459
29446
29447
37460
29448
29449
29450
37461
29451
29452
37462
29453
37463
29454
37464
29456
29457
29458
29459
37465
37466
29460
29461
37467
29462
29463
29464
29465
29466
29467
29468
29469
37468
37469
29470
29471
29472
29473
37470
37471
29474
29475
37472
37473
37474
37475
29476
29477
29478
37476
37477
29479
29480
37478
37479
29481
29482
37480
29483
29484
29485
29486
37481
37482
29487
37483
37484
37485
29488
29489
37486
37487
29490
29491
37488
37490
37491
29492
29493
37492
29494
29495
29496
29497
29498
29499
29500
29501
37493
29502
29503
29504
29505
37494
29506
29507
29508
29510
29511
37495
29512
29513
29514
29515
29516
29517
29518
29519
29520
29521
37496
29522
29523
37497
29524
29525
29526
29527
29528
29529
29530
37498
29531
29532
29533
29534
29535
29536
29537
29538
29539
29540
29541
29542
29543
29544
29545
37499
29546
29547
29548
29549
29550
29551
29552
29553
29554
29555
29556
29557
29558
29559
29560
29561
29562
29563
29564
29565
29566
29567
29568
29569
29570
29571
37500
29572
29573
29574
29575
29577
37501
29578
29579
29580
29581
29582
37503
29583
29584
37504
29585
29586
29587
29588
37505
29589
29590
29591
29592
37506
29593
29594
29595
37507
37508
29596
37509
37510
37511
37512
37513
37514
37515
37516
37517
37518
37519
37520
37521
37522
37523
37524
37525
29598
29599
29600
29601
37526
29602
29603
29604
29605
29606
29607
29608
29609
