30337
273
275
30338
30339
276
277
30340
30341
30342
280
281
282
283
285
286
287
288
290
291
292
293
294
295
647
721
723
30402
30406
799
30410
1027
30422
30423
1278
30515
30540
30541
1414
30579
1723
1761
1896
30660
30661
30662
1919
2034
2105
2108
2126
30782
30783
2352
30784
2359
2360
2361
2362
30785
30786
30787
2367
2368
2370
2371
2372
30788
2373
2375
2376
2377
2378
2379
2381
2382
2383
30879
30880
30881
30883
30884
30885
30886
30887
30888
30889
30890
30891
30892
30893
30894
30895
2821
2993
3032
31037
31038
3360
31044
3735
31112
31114
31147
3981
31148
31149
3982
4035
31165
31205
31206
4160
31207
31208
31209
31210
4161
31211
31212
4162
31213
31226
31230
4261
31239
31279
31349
31404
5482
31428
31486
5728
31606
31607
6134
6135
31608
31651
6326
6616
6617
31754
31755
31756
31757
31758
6618
6619
6620
6621
6623
31759
6625
6629
31767
31777
6710
31878
31879
6961
6962
6964
7065
31898
31899
7071
7072
7073
7074
7075
7076
7077
7078
7080
7082
7083
31900
31901
7085
7086
7087
7089
7088
7090
7091
7092
7093
7094
7095
7096
31902
7098
7099
7100
7101
7102
7103
7104
7105
7106
7107
7108
7109
7110
7111
7112
7113
7114
7115
7116
31904
31905
7117
7118
7119
7120
7121
7122
7123
7124
7127
7128
7129
31906
7130
7132
31907
7133
31928
31929
31934
7210
31935
7218
7219
7220
7221
31939
7222
31940
31941
31942
7223
31943
7224
7231
7232
7234
7235
