30337
273
274
275
30338
276
277
30340
279
30341
30342
280
281
282
284
285
286
287
288
290
291
292
30343
293
294
295
647
668
721
723
799
30406
831
30410
1187
1278
30540
30541
1414
1761
30625
1895
1896
1905
30662
1919
30667
2212
2256
30782
30783
2352
30784
2359
2360
2361
2362
2363
2364
2365
2366
30785
30786
2367
2368
2370
2371
2372
2373
2375
2376
2377
2378
2379
2380
2381
2382
2383
2703
2799
2812
2821
2959
2961
2993
3032
3037
3308
31038
3360
3367
3735
3981
31147
31149
3982
31150
31151
3983
4035
4136
31205
31206
4160
31207
31208
31209
31210
4161
31211
31212
4162
31213
4261
31239
4614
4738
5247
5482
31508
5768
6134
31608
6276
6326
6613
6614
6616
6618
6619
6620
6621
6622
6623
31759
6624
6625
6629
6710
6961
6962
6964
7070
7071
7072
7073
7074
7075
7076
7077
7078
7079
7080
7081
7083
31900
7084
7086
7087
7088
7089
7090
7092
7093
7094
7095
7098
7099
7100
7101
7102
7103
7104
7105
7106
7107
7108
7109
7110
7111
7112
7113
7115
7116
7117
7118
7119
7123
7124
7127
7128
7129
31906
7130
7131
7132
31907
7133
7210
31934
7218
7220
7221
31939
7222
31942
7223
7224
7231
7232
7234
7235
7245
7335
7370
31983
31985
7414
7643
7662
7663
7664
32025
7665
7666
32027
7667
32028
7668
7669
7670
7671
32049
32050
7761
7816
7941
8079
8128
8129
8305
8560
8561
32248
32300
32301
32302
32303
32304
9454
