30337
273
274
275
30338
277
279
280
281
30343
668
30389
721
30402
30474
30656
1895
1896
30659
2212
30783
2352
30784
30785
30786
30787
2367
2368
2703
30880
30881
30883
30885
30884
30886
30890
30893
3032
31037
31038
3360
3367
31114
31147
31148
31149
31150
31151
3983
31165
4046
31187
31205
31206
4160
31208
31207
31209
31210
4161
31211
31212
4162
31213
31239
31279
4738
31404
31466
31486
31606
31607
6135
31608
6613
6614
6629
31767
31878
31879
6964
31880
31897
31898
31899
7070
7076
7078
7079
7081
7083
31900
7084
7085
7088
7091
7096
7097
31902
7103
7108
7109
7111
7115
7116
31903
31905
7119
7120
7122
7123
7124
7129
31906
7130
7131
31928
7231
7235
7335
7370
31980
31981
31982
31983
31984
31985
7661
7662
32020
32022
32023
7663
7664
32025
7665
7666
32026
32027
32028
7667
32029
7668
7669
7671
32049
32050
7761
32051
7816
8305
32167
32299
32300
32301
32302
32303
32304
32425
32426
10005
10371
32760
11521
32768
32769
32770
32772
32776
32777
32778
32779
32780
32781
32783
32784
32785
32786
32787
32788
11548
32789
32790
32791
32792
32793
32794
32796
32798
11569
11570
32799
11581
32812
32813
11597
32816
32817
32818
32819
11604
11606
11607
11608
11610
11616
11623
11624
32833
11626
32834
32835
11629
32837
32840
32841
32842
32843
32844
32845
32846
32847
32850
32851
11653
32853
32855
32857
32859
32860
32861
32862
32863
32864
32865
32866
11682
32867
32868
32869
11683
32870
32871
32872
32873
32874
32875
32876
32877
32878
