33131
33132
33136
12740
12841
12858
12859
12860
12861
12863
12864
33228
12884
12885
12886
12887
12888
12890
12891
12892
12893
12894
33229
13651
13693
33470
33489
14778
15098
33718
15099
15147
33741
15148
33742
33798
15438
15439
33803
15574
15667
15691
16113
33983
34214
34215
34221
17377
17437
17750
34406
17784
17785
17787
17789
34462
19179
34825
21263
35452
35533
22377
35638
22539
35689
22540
22541
35690
35692
22543
35693
35694
22545
22546
35695
35696
22547
22548
23134
35917
23513
35937
23716
23718
35997
35998
23948
36054
24186
36055
24187
24188
36056
36057
24189
36058
24190
36062
24217
36115
24357
36116
25274
25359
36414
25360
36415
25361
36416
25362
36417
25363
36418
36419
25416
25488
36468
25624
25625
25627
36520
25868
26700
27169
27307
