1721
2093
2236
2249
30769
2327
2387
2413
2503
4049
4051
31180
31179
4060
4061
4080
31189
4135
4142
4249
4250
4251
5491
5547
5739
6137
6609
6910
6937
7419
7421
32005
32083
8176
8353
8976
32386
9379
9391
11758
12470
12857
13489
13495
14336
14739
14740
33617
14749
15736
15815
16003
33923
33924
16004
33925
16005
16007
16033
16293
16394
16483
16490
16491
16512
16651
16717
16718
16844
34187
17025
17026
17039
17071
17416
17514
17610
17614
17648
17745
17862
18062
18070
18235
18274
18654
18718
18723
18747
18750
18819
18862
18931
18942
18943
19062
19229
19230
19256
34831
19404
19501
19571
19637
19638
19651
19750
19787
19794
19813
19852
19882
19934
19935
19996
20138
20151
20248
20291
20348
20349
20350
35070
20351
20441
20450
20485
20757
20925
21001
21051
21063
21064
21111
21932
23020
35822
24481
24901
25053
27284
