30345
459
501
963
1045
30450
1136
30464
1169
1343
2038
2149
2162
2389
30790
2418
30866
2800
30896
2802
2803
2985
3310
3317
3333
31031
31032
3332
3514
3578
3718
3750
3776
3811
3937
3941
3942
4024
4165
4164
4235
4333
31302
5211
31361
31360
5231
5279
31376
31377
5398
5449
5450
5451
5452
5453
5454
5455
5456
5457
5459
5458
5460
5461
5462
5463
5464
5465
5466
5467
5468
5469
5470
5471
5472
5473
5477
31506
31516
5795
5806
5809
31525
31524
5817
5818
5819
31545
31546
5923
5967
6001
6002
6013
6035
6042
6215
6252
31650
6358
6496
6532
6553
6554
6555
31760
31761
31762
31763
31764
31765
31766
6799
7226
7229
7287
31957
7312
7938
7967
7973
8119
32155
8372
8381
8424
32190
8482
8503
8542
8544
8545
8547
32211
32212
8548
32213
8550
32214
8559
32225
32226
8619
8643
8680
8681
8682
8683
32246
8801
8842
8851
8853
8854
8855
8856
32272
8857
8858
8859
8860
8861
8867
8983
32312
9104
9168
9173
9369
4
9395
9502
9542
9573
9593
9594
32432
32433
9599
9600
32434
9601
9602
9667
32445
9668
9669
9670
9671
9673
9720
9782
9810
9811
9812
9813
9878
9879
32521
32522
9962
10004
10041
32561
10381
10582
10583
10584
10585
10586
10587
10588
10643
32655
10807
11423
11424
11492
11503
11504
11505
11506
11965
12137
33089
12372
12373
33096
12387
12645
12646
12712
12713
12764
12767
13104
13250
13251
33319
33320
13479
13861
33455
13862
13886
33487
14148
14167
14168
33515
