274
284
30389
668
831
30410
1516
30625
1905
2383
2703
2799
30888
30889
3037
31041
31148
31149
31150
3983
31151
31161
31162
4136
31208
31207
31226
31323
31466
6276
6613
6622
6962
7078
7131
31940
7668
7669
32051
7941
8079
32464
32465
10088
32768
32769
32770
32778
11531
11530
32779
11544
32791
11572
11573
32813
11597
32818
32817
11620
32835
11670
32860
11685
32883
32897
32898
32904
32910
32917
32918
11739
11745
11746
32927
32933
11766
11767
11808
32972
32980
32981
32983
32985
32994
32997
33000
33001
33002
33006
33009
33023
12502
33120
13211
33309
13213
33325
13327
13351
33336
33530
14769
33975
16434
34034
34035
17062
34219
34220
17064
34295
17437
34297
34298
34345
17618
34355
17750
34422
17947
34461
18023
18101
34489
18102
34490
18103
34491
34492
34495
34496
34497
34500
18127
34501
34505
34529
18220
34553
34585
34586
34589
34588
34629
18728
34785
34786
34787
19300
34839
34850
19538
19990
34984
35071
35072
35170
20816
35179
35180
20931
35208
20951
35226
21081
35294
35304
22377
35638
35679
22539
35689
22970
35846
23428
35915
35916
23934
35997
36062
36369
36370
36381
36386
25248
36387
36405
36435
25415
36436
36437
36470
25625
36530
25862
25863
36564
36566
36567
36572
25868
36791
36792
27475
