274
284
30474
1278
1905
30667
2034
2105
2108
2256
30749
2360
2799
30882
2812
3037
3308
31148
31149
31323
5728
6617
7077
31938
32055
32277
32331
9477
32474
10005
32770
32778
11530
11531
32779
11573
32803
11645
11712
32923
11744
11892
33098
12482
12485
12858
13352
33337
33345
14215
14769
33654
15098
33718
15099
33742
15149
33743
16113
33975
16434
34215
34295
34298
34422
34423
34461
18023
34488
34492
34491
18484
18728
19538
20933
35493
35836
23934
36215
25123
36369
36370
36435
25414
25416
25417
25658
25862
25863
27250
27251
36791
36792
