870
871
872
5277
5377
5378
5771
8916
9419
9420
9421
33155
14112
15328
15572
22821
24416
24417
24418
24419
36411
37139
37140
37141
28604
28608
28609
28610
37144
28611
28612
28613
28649
37184
37185
28702
28703
28704
28705
28719
37203
37212
37233
37234
37235
28840
37257
37258
28921
37280
28924
28925
37287
37295
37313
37318
37319
29059
29060
37350
37351
29124
29266
29269
29270
29271
29272
29273
29274
29275
29276
29277
29380
37442
37444
37447
29408
29433
37449
37457
37458
29659
37583
37594
37626
37637
29912
37644
37649
37653
37660
29991
29992
29993
29994
30025
37719
30237
37776
37777
30251
30252
