964
965
2767
2991
3052
3787
4240
31354
6424
31702
6425
6676
31776
31842
31908
31909
31910
7135
7136
7137
7138
7139
7140
7141
31911
31912
7142
7143
7144
7145
7146
7147
7149
31913
7150
7151
31915
7152
31916
7153
7154
7155
7157
7158
7161
7162
7163
7164
7165
7166
7167
7168
7169
7170
31918
31919
7172
7173
7175
7176
7177
31921
7178
7180
7181
31922
31923
7182
7183
7185
7186
31924
7187
31925
7188
31926
7189
7190
7192
7193
7194
7195
7196
7197
7198
7199
9954
9964
32552
32562
13274
13539
14967
33901
33937
35012
21721
22533
23359
35983
23950
24118
25506
25507
36515
37091
