1047
1048
1049
1050
1051
1052
1053
1341
1342
1352
1709
1710
1711
1712
30605
30607
1844
2010
30689
2013
30690
2014
2015
2016
30691
2017
30692
2018
2019
2020
2021
30693
30694
2022
2023
30695
2024
2025
30696
2026
30697
30698
2028
2029
30700
2030
2043
30709
2147
2404
2428
2461
30848
2730
2731
30868
2818
2819
2915
30925
30928
2917
2918
3485
3501
31067
3801
3804
3805
31107
3806
3807
3808
31108
3855
4362
4503
31278
4763
31384
5292
5306
5633
5836
6093
6165
31617
31620
6246
31775
6975
6976
7688
32036
7719
32037
32038
7720
7721
7722
7758
32048
32047
7774
32081
7948
8432
8433
8434
8435
8436
8437
8701
32249
8715
8816
8817
8869
8870
32307
32308
32309
32310
9170
9288
9380
9431
9458
9459
9460
9519
32444
9787
9788
9908
9909
9910
9911
9912
9913
9914
9915
9916
9917
9918
9919
9920
9921
9922
9923
9924
9925
9926
9927
9928
9929
9930
32510
32517
32516
32514
32513
32512
32509
32518
10110
10399
10400
32608
32684
10911
10912
32752
32751
12164
33072
33095
12620
33180
12731
33189
12739
33190
12788
33259
13095
13098
13305
13306
33329
13307
13309
13310
33425
13700
13716
13772
13827
13881
14059
14060
14061
33495
14230
14610
14671
14726
14802
15100
15229
15230
33794
15520
33854
33855
15744
15776
15806
15807
15808
15823
33921
33984
33985
33986
16410
16476
34112
34113
16816
16951
34308
17508
34309
34384
18090
18391
34628
18570
34639
34649
34650
18927
19002
19084
34739
34776
19133
19193
19194
