1071
2273
2477
5205
5244
5828
5829
6014
6015
31584
6369
31657
6370
6371
31658
6372
31659
6373
6374
6375
6376
31660
6377
6378
6379
6380
6381
6382
6384
6385
6386
31661
6387
7378
8379
32168
11005
12273
12274
13145
13592
13756
14254
14347
14350
15189
33751
15569
16078
16132
16290
33987
16391
34386
34485
18168
34539
18267
18657
18659
18838
18839
34764
34765
34788
19371
19818
19819
20502
20522
20530
35257
21287
21990
35542
35543
21998
21999
22000
22499
23351
24380
24465
24553
24554
24724
24810
25655
25664
26169
26590
26679
