30347
315
816
1178
1184
30479
20
1208
1215
30487
1226
2059
3098
3291
31069
31070
3718
3735
31092
3747
31225
31358
5226
31359
5228
5229
31414
6307
31877
7143
7218
7219
7220
7221
31939
7222
31941
31942
7223
31943
7224
7229
32000
7945
32081
7994
32095
36
32224
8633
32317
32521
9960
32624
11895
12027
12127
12128
33215
33222
33261
33262
33284
13606
13697
14069
33527
14324
14325
14421
14422
14649
33644
14977
33694
33706
15091
15735
33935
16067
33944
34274
18097
18171
18430
18853
19237
20424
21034
21109
21810
21977
21978
35533
35536
22142
22388
22389
35675
35823
35973
35979
23912
23934
36074
36077
36200
36265
25488
36470
36557
36559
36564
36565
36566
36567
36568
36569
36572
25868
26887
28493
