1994
2064
3015
3016
3062
30974
3293
3294
3295
3393
31046
31047
31048
31049
31050
31051
31052
31053
3400
3692
3974
4085
4915
4930
4929
5504
5505
5506
5507
5523
5729
5827
6391
6451
6452
6453
6803
31789
6804
6822
6823
7256
7624
7751
7797
7818
32101
8066
8067
8104
8441
32235
8919
8921
9100
9329
9552
9578
9877
9882
9883
9884
9885
10790
10817
10818
32669
32670
10953
10985
10990
10991
11920
11929
12138
33045
12188
33047
12783
12801
12819
12820
12821
12830
12881
13052
13057
13058
13119
13120
13121
13204
13216
13303
13308
13353
13387
13388
13464
13465
13613
13680
14140
14203
14806
14933
14934
15086
15153
15154
15163
15181
15216
15235
15264
15271
15273
15499
33810
33811
15583
15585
15678
15695
15799
33938
16055
16056
16059
16063
16064
16141
16225
16255
16256
16258
16259
16471
16814
16815
34186
17671
17765
17838
34521
18206
34522
34523
34524
34525
18326
18383
18837
18897
19001
19024
19031
19032
19267
19428
19950
20222
20526
21902
21903
21993
22125
23021
23022
23100
23146
23277
23335
23387
23388
23498
23743
35960
23833
23893
24125
24227
24402
24405
36159
24407
24484
24878
24879
24880
24881
24882
24883
24984
25027
25113
36536
25833
27468
27520
