30327
1079
1100
1129
1212
2047
2048
2049
30706
30705
30707
2460
2705
30845
30844
30843
30842
30846
30847
2706
2815
3443
3740
4321
4660
4661
4663
4671
31307
5625
5785
5786
6207
6208
6217
6218
6219
6310
6541
6641
6809
6877
31858
31857
31859
31860
6878
31861
6879
31862
31863
6880
31864
6881
6882
6883
6884
6885
6886
6887
6888
6889
6890
6891
6892
31865
7213
7425
7794
32074
8078
32127
8242
8382
8431
8648
8876
32285
8990
9201
32394
9508
9606
9607
9608
9609
9610
9611
9612
9613
9614
9615
9616
32436
9719
9957
10037
10039
10087
10156
10189
10190
10191
10192
10301
10963
11286
11959
12182
12183
33044
33074
33075
12918
13051
13102
13136
13137
13257
13292
13329
13405
13410
13411
13412
33357
13413
13414
13415
13416
13417
13418
13419
13420
13421
13422
13423
13424
13425
13426
13427
13428
13429
13430
13431
13432
13433
13434
13435
13436
13437
13438
13439
13440
13441
13442
13443
13444
13445
13446
13447
13448
13449
33358
13450
13451
13452
13453
13454
13455
13456
13457
13458
13459
13687
33421
13688
13689
13690
13691
33422
13863
13864
14074
14075
14169
14170
14213
14219
14253
14391
14643
14810
33647
33648
14816
33649
14818
14819
14820
14821
14822
14823
14824
14825
14826
14827
14828
14829
14830
14831
14832
14833
14834
14835
14836
14837
14838
14839
14840
14841
14842
14843
14844
14845
14846
14847
14848
14849
14850
14851
14852
14853
14854
14855
14856
14857
14858
14859
14860
33650
14861
14862
14863
14864
14865
14866
14867
14868
14869
