230
265
1067
1381
1833
1993
2001
2068
30712
2072
2074
2075
2077
2078
30715
2080
2112
2125
2131
2157
2280
30791
2471
30864
2752
30866
2827
2851
3041
3144
3145
3950
3993
4027
31266
4470
4469
4481
6247
6424
31702
6425
6627
7212
32076
8389
8632
8633
8989
9111
9112
9799
9913
9927
9945
9979
9996
10161
10162
10262
10890
11341
12150
12151
12165
12212
12642
12643
12667
12788
33209
33218
12831
12832
12912
33242
13019
13020
13021
13022
13023
13024
13025
13027
13028
13029
13034
13037
13122
13224
13227
13245
13302
13355
33339
33343
13490
13497
13533
33377
14016
14171
14183
14217
14338
14339
14340
14342
14967
48
14980
33717
15155
15926
33902
15928
15929
33904
33905
33906
33907
33908
15931
33964
16150
16270
16345
16346
16347
16348
16349
16350
16351
16352
16353
16357
16358
16359
16361
16363
16364
16365
16366
16367
16368
16369
16370
16371
16372
16373
16374
16375
16376
16377
16378
16379
34006
34048
34049
16662
17449
17452
17652
17729
18076
18204
18348
18436
34611
34612
18536
18569
18796
18825
34688
18826
18896
34719
18973
19076
19109
19232
19566
34902
34903
19966
20190
20340
20401
20402
20403
20404
20452
20749
20758
20760
21249
21524
22094
35568
35569
22521
22563
22564
35775
22969
23038
23039
35795
35798
23040
35801
23123
23182
23220
23359
23469
35950
36160
36262
24906
36402
25533
36496
36497
36533
25791
25893
36586
27440
36801
28496
28497
28498
28499
28500
13
28501
28502
28503
28506
28507
28508
28509
28510
37068
28512
28513
37091
28514
28516
28517
28518
28519
28522
37101
28524
37104
37109
