66
75
74
76
77
87
86
90
91
111
101
100
110
103
102
112
113
149
120
121
128
129
130
131
133
132
135
144
159
158
161
163
162
179
117
116
180
186
185
194
196
195
204
203
210
216
215
244
30334
30333
272
13103
303
314
319
353
355
363
364
365
367
383
424
524
526
527
605
638
30399
790
30415
30416
878
910
945
982
981
1038
1040
1065
1066
30439
1136
1137
1180
1318
1327
30533
21
1675
1835
1872
1877
1921
2059
2062
2111
2135
30730
2190
2195
2206
2207
2277
2338
2339
2500
2501
2528
30800
2603
30820
30824
30829
30836
2723
2770
30902
30908
2862
30914
30922
2902
30944
30945
2975
30948
3042
3053
3067
3156
30993
3291
3292
3308
3482
31066
24
3622
3633
3654
3700
3744
3771
3772
3860
26
31155
4023
4024
4247
4528
27
4547
4634
4724
4725
4726
4905
5201
30
31381
31383
31385
5297
5298
5398
5401
5402
5406
31425
31427
5507
31435
5560
31463
31497
5760
5786
5787
5788
5790
5791
5792
5793
5794
5795
5796
5797
5798
5799
5800
5801
31517
31518
5803
5804
31521
5805
5808
5809
5810
5811
5819
5821
5822
5823
5862
31549
5916
5923
31552
5927
5930
5959
5962
32
6148
6186
6203
6209
6218
6221
6236
6238
6254
6268
6269
6299
6304
6305
6359
6413
6477
6543
31728
6655
6661
6663
6673
6674
6679
6683
6717
6732
6735
6737
6751
6766
6780
