315
668
30389
1678
1761
1768
3736
3737
4051
31174
4053
4216
4217
4286
31249
4364
4386
4895
5621
31777
31869
6928
7941
8388
8389
9478
10278
10501
10598
10862
11148
11214
11747
12203
14582
33713
15067
15123
15597
33925
16084
16291
16292
17368
34295
17950
18218
18466
18483
18955
19614
20566
21086
21087
21088
21089
21787
21788
22318
22562
22602
22601
22604
22936
23754
35961
23932
36216
36382
36383
36384
36385
36386
36387
25248
25310
25311
25862
25864
26140
26147
26263
26347
26492
26580
26856
26869
26871
26907
27198
27197
27201
28671
28771
28948
