68
69
75
74
77
76
86
87
89
88
104
105
128
129
131
130
136
137
161
185
186
194
206
210
256
334
350
357
365
374
437
529
645
688
773
860
920
935
955
1000
999
1001
1022
1133
1162
21
1363
1507
2103
2181
2259
2670
2702
2843
2868
2869
2871
3063
30974
22
3072
3314
3366
3379
3577
3596
3625
3706
3710
3827
3837
3861
31132
31133
26
3903
3906
3916
3917
4021
4067
31189
31218
4742
4846
4918
4974
31416
5433
5560
5863
5870
31541
5937
5938
5968
5998
31579
35
33
34
6075
6131
31723
6543
6544
6565
6579
6588
31822
31825
31833
31972
7510
7511
7512
7513
7514
7515
7615
7955
32104
8118
8154
8212
8219
8241
8258
8259
8276
8394
32215
8602
8603
8604
8605
8606
8607
8608
8838
8876
9079
9113
9114
32323
9154
9168
9184
9290
9318
9342
9349
9354
9356
9461
9728
9744
9762
41
9775
9938
9998
10144
10200
10649
10651
10656
10705
10729
11046
11212
11464
11497
11734
33014
11961
11965
12162
12585
33205
12908
12984
12985
13092
13275
13461
13554
13555
13708
13734
13759
13885
13996
14074
14196
14402
14696
33649
14825
14867
14868
14869
14870
14916
14974
15352
33813
15611
15672
15681
15848
16094
16099
16157
16217
16744
16751
17015
17367
17701
17931
18084
18704
18922
19454
19456
19805
19912
19999
20306
20398
21161
35288
21175
21302
21470
21538
21653
21698
21713
21948
22096
22246
22247
22320
22567
35710
22774
23303
23338
23562
23997
24218
24486
36179
36182
36188
24633
24648
24668
24669
24687
24834
36289
59
25038
25058
61
25083
25254
25256
25321
36412
25438
36444
25588
25692
25725
25797
26071
26085
26107
26156
26187
36695
36708
26794
27078
27079
27141
27161
27168
27247
27288
27380
27481
27770
