30465
1183
30472
1507
1519
1520
1990
30714
2117
3540
3800
3842
4171
31217
4212
31271
31275
5208
6536
6818
31936
31937
31947
7380
7673
32126
32210
8754
32259
32335
9150
32401
32411
9743
32461
9758
9770
32542
32541
10008
10010
32549
10075
32574
10187
10188
32572
10209
32600
10443
32685
12181
33049
12311
33082
33192
33193
33274
13160
13219
13344
13761
14650
15069
33762
15618
15671
33957
33958
16237
34002
16964
16963
18496
34899
35109
35443
21838
35508
35509
35530
22447
35718
22726
22974
35781
22984
35783
35893
36273
25251
25320
25321
25403
27335
27501
