69
73
74
75
77
76
91
90
102
103
149
114
121
120
126
127
128
129
131
130
132
133
141
140
145
144
161
163
162
164
165
179
180
117
116
186
185
195
196
203
204
210
255
259
318
335
353
354
356
364
365
368
373
387
454
469
474
605
682
696
743
793
797
973
979
991
1045
1129
1130
1212
1288
1305
21
1352
1366
1375
1453
1507
1553
1652
1901
2059
2152
2202
2206
2207
2514
2517
2520
2526
30800
2568
30808
2615
2614
30814
30815
30816
30823
30824
30834
2802
2904
30941
3400
23
3447
3570
3578
3579
24
31076
3657
3658
3718
31133
31150
31151
3983
4133
4137
4236
4406
4416
4510
4543
27
4635
4929
4963
5038
30
5303
5311
5394
5503
5522
5527
31
5645
5652
5666
5667
5800
5808
31531
5905
31554
32
6071
33
6135
6156
6171
31617
6212
6299
31667
31669
31670
31678
31679
31680
31681
31683
31684
31685
31686
31687
31690
31691
31695
31697
6491
6526
6543
6748
6756
6757
6766
6780
31826
6813
6950
7028
7076
7239
31945
7381
31999
32000
7662
32020
7663
7664
32025
7665
7666
32026
7668
7669
7671
7746
7808
7813
7830
8029
8054
8067
8104
32118
8212
32126
32127
32181
36
38
37
39
8850
8871
8872
8873
8899
8900
8901
8902
8903
8904
8910
8913
8965
8971
32290
32293
9032
9037
9038
9044
9046
32299
32300
32301
32302
32303
32304
9054
9055
9058
9059
