86
87
88
89
105
104
194
206
350
357
373
546
688
722
860
1000
999
1001
1133
1162
30510
1257
21
1350
1363
1364
1518
1606
1627
1665
2181
2203
2208
2251
30800
2702
2868
2869
2871
30974
3072
3314
3577
3596
3625
3702
3827
3849
3860
3895
31132
31133
4021
5863
5938
5957
5998
6072
31579
35
33
34
6074
6075
6237
6317
6565
6579
6588
31782
6769
31926
31972
7510
7511
7512
7521
7523
8004
8005
8038
32104
8154
8158
32143
8261
8260
8262
8271
8270
8276
8282
8281
8300
8299
8318
8320
8394
32215
8838
8874
32318
9156
9168
9342
9397
9398
9501
9524
41
9775
10899
10906
12035
12065
12160
12365
12585
12642
12643
12701
33178
12984
12985
33301
13554
13555
13559
13726
13878
14137
14196
14336
14453
33582
33649
15076
15393
33813
15672
15739
16099
34043
16755
16762
17931
18142
18176
34516
18687
18922
19284
19855
19940
19981
19992
19993
19994
20398
20605
20653
21044
35288
35349
21431
21470
21538
21677
21678
21698
21800
22095
22097
22774
35753
35811
23382
35872
35873
35942
36015
36039
36040
24102
24256
24333
24337
24486
36182
24633
24648
24668
24669
24687
24773
36289
25038
25100
25119
36444
25578
26071
26100
26187
26233
26410
36708
26794
36719
27275
36764
27379
27770
28453
37086
