347
30350
30351
665
30422
30423
1516
30625
30667
3735
3738
31301
31305
31342
5247
5263
31669
31681
31690
31697
31938
7219
31940
31941
31943
7269
7662
32020
32022
32023
7663
32025
7664
7665
7668
7669
7671
8503
32202
32209
9075
32416
32415
10713
11586
32811
11744
32923
11745
11746
11765
32940
33070
12563
12564
12764
33222
33354
14270
14944
14977
15078
15147
33741
34085
34172
17598
20343
20471
21978
35536
35688
22575
35862
23391
35921
23697
23927
35995
36002
36016
36017
36018
36019
36073
36307
36435
25414
25415
25417
36437
25488
25684
36550
25847
27498
27499
