68
69
75
74
77
76
79
78
81
80
83
82
85
84
87
86
89
88
91
90
93
92
30328
30329
95
97
96
99
98
101
100
110
111
102
103
104
105
107
108
109
112
113
149
114
118
119
120
121
123
122
124
125
126
127
128
129
130
131
132
133
135
136
137
138
139
140
141
142
143
144
145
146
147
14738
150
151
152
153
154
155
156
157
158
159
161
162
163
164
165
167
330
168
169
170
171
172
173
174
331
176
177
178
332
116
117
179
180
181
182
183
184
185
186
187
189
190
191
192
194
996
195
196
197
198
199
200
201
202
203
204
206
207
208
210
211
212
213
214
215
216
217
218
219
220
223
224
225
222
226
227
228
229
267
268
269
270
298
299
300
301
304
305
309
310
318
320
333
334
335
336
337
338
339
340
341
30348
30349
342
343
344
345
346
347
348
349
350
351
352
353
354
30350
355
356
357
358
359
360
361
362
363
364
365
366
367
368
369
370
371
372
373
374
30351
375
377
386
475
520
521
522
523
524
525
526
527
30368
528
529
530
532
535
537
538
539
540
541
542
555
603
604
605
606
607
608
682
685
688
689
693
694
696
698
706
742
743
744
746
757
832
15
833
849
969
970
971
972
973
974
975
976
977
978
979
980
981
982
983
984
985
986
987
988
989
990
991
992
993
994
995
997
998
999
1000
1006
1007
1008
1009
1012
1077
1090
1103
1132
1133
30462
1137
1140
1141
30467
1162
30473
30478
30480
30481
1203
30482
1204
20
1213
30485
1217
1218
1220
1221
1222
1225
1226
1227
30487
1228
1229
1230
1232
1233
1234
1235
1236
1237
1238
1239
1240
1241
1242
1243
30488
30489
30490
30491
30492
30493
30494
30495
30496
30497
30498
30499
30500
30501
30502
30503
30504
30505
30506
30507
30508
1245
1282
1286
1287
1288
1289
1290
1294
1295
1301
1303
1304
1305
1306
1307
30530
30531
1345
30534
21
1353
1354
1355
1357
1358
1360
1361
1362
1363
1364
1365
1366
1367
1368
1369
1370
1372
1373
1374
1375
1477
1479
1480
1486
1538
30568
30587
30592
1652
1655
1657
1660
1662
1665
1706
1729
1743
1744
1848
1849
30637
30638
1850
30639
30641
30642
1852
30643
1868
1870
1872
1875
30651
1877
1912
1932
1933
1934
1935
1936
1941
1953
1959
1960
1962
30679
1991
1992
30686
2002
2004
2032
2050
2066
30717
2097
2099
2102
30726
2144
2153
2159
2160
2161
2163
2164
30736
2220
2221
2237
2262
2264
2269
2276
2328
2385
2406
2430
2459
2466
2470
2534
30802
2536
30803
30804
30805
2545
30806
2548
2549
2550
2551
2552
2553
2554
2555
2556
2557
2558
2559
2560
2561
2562
2563
2564
2565
2566
2567
2568
2569
2570
2571
2572
2573
2574
2575
30807
2576
2577
2578
2579
2580
2581
2582
2583
2584
2585
2586
2587
2588
2589
2590
2591
2592
2593
2594
2595
2598
2599
2601
30808
2606
2607
30810
2608
2614
2615
2617
2618
2621
2622
2623
2627
2628
2629
2630
2631
2632
2633
2636
2637
2638
2642
2643
2644
2646
2648
2650
2651
2652
2653
2654
2655
2656
2657
2658
2659
2660
2661
2667
30812
2685
2686
2687
2688
2689
2690
2691
2692
2693
2694
2695
2696
2697
2712
2717
30850
2743
2744
2745
2746
2747
30869
30870
2760
2764
30899
30901
30902
2814
2904
2914
2977
2997
3001
3002
3019
3021
3022
3024
3025
3049
3050
3051
30971
30972
30975
22
3067
3075
30977
3080
3081
3082
3089
30980
30981
30982
30983
30984
3091
3092
3093
3094
3095
30985
3096
3098
30986
3099
3100
3101
3102
3103
30987
3104
3105
3106
3108
3109
30988
3110
30989
3112
3113
3114
3127
3288
3289
3290
3291
3292
31024
3319
3320
3325
3330
31033
3366
3374
3375
31042
3376
3377
3378
3380
3411
3414
3415
3416
3417
3418
3420
31056
3421
3422
3423
23
3424
3462
3482
3488
3489
3490
3491
3492
3493
3494
3528
3536
3537
3575
3579
24
3582
3583
31076
3584
3589
3596
3600
3601
3605
3613
3617
3622
3625
3633
3642
3649
3650
31079
3679
3685
3696
31091
3706
3717
3719
3720
3748
3754
31094
3760
3763
3771
3772
3782
3792
3833
3836
3861
3862
31120
31121
3863
3864
3865
3866
3867
3868
3870
3871
3872
3873
31122
3875
31123
3876
3877
3878
3879
3880
3885
3892
3893
3894
3895
3899
31133
3902
25
26
3906
3907
3908
3909
3910
3911
3912
3913
3914
3915
3916
3917
3918
3919
3920
3921
3922
3923
3924
3925
6
3926
3927
31137
3956
3957
3958
31145
3994
4007
4013
4014
4015
4017
31159
31185
4069
4086
4124
4128
31195
4222
4245
4247
4339
4340
31263
4490
4525
4527
4528
4529
4532
4533
4534
4535
4538
4539
4545
27
31276
4547
4635
4638
4664
4670
31288
31301
4761
4773
31304
4774
4775
28
31305
29
4789
4791
4830
4921
5227
5245
5246
5249
5289
30
31383
31385
5296
31386
31387
5308
5401
5402
5422
5423
5424
5533
5534
5535
5558
5559
5566
5567
5568
5600
31462
31
5612
5618
5620
31465
5652
5653
5731
5737
5748
5749
5761
5789
5800
5801
31523
5838
31532
5843
5845
5847
5850
5851
5854
5855
5856
5857
5858
31533
5872
31540
5880
5886
31542
5915
5926
5933
5934
5935
5937
31553
5938
5939
5940
5941
5942
5943
5944
5945
5946
5947
5948
5949
5950
5968
5970
5975
5990
5991
5992
5993
5994
5995
5996
5998
5999
6000
6004
6005
6006
6007
6023
6036
6037
6038
6039
32
31568
6044
6045
6046
6047
6048
6049
6050
31569
31570
31571
31572
31573
6051
6052
6053
6054
6055
31574
31575
6057
6058
6059
6060
6062
6063
6064
31576
31577
6065
6066
6067
6068
6069
6070
31578
31579
6072
35
33
34
6075
6076
6086
31595
31596
6106
6109
31597
6110
6116
6117
6118
6119
6120
6121
31598
6131
6146
6155
6183
6184
6211
6212
6213
6214
6216
6230
6245
6254
6260
6270
6271
6272
6273
6274
6275
31631
6281
31632
31633
31634
6282
6285
6286
6287
6288
6289
6299
6304
6305
31652
6327
6328
6329
6337
31653
6356
6367
31663
6396
6398
6400
31666
31667
31668
31669
31670
31671
31672
31673
31674
31675
31676
31677
31678
31679
31680
31681
31682
31683
31684
31685
31686
31687
31688
31689
31690
31691
31692
31693
31694
31695
31696
31697
6408
6413
6430
6435
31704
6460
6461
6462
6464
6465
6484
6491
6499
6509
6510
31727
6558
6559
6560
6561
6562
6563
6564
6565
6566
6567
6568
6569
6570
6572
6573
6575
6576
6579
6581
6582
6583
6584
6586
6587
6588
6589
6590
6591
6592
6651
6653
6654
31770
6660
6663
31771
31772
6668
6669
6670
6682
6685
6702
6723
6731
6738
6739
6748
6750
6751
6752
6755
6757
6758
6760
6761
6762
6763
6764
6765
6766
6767
6768
6769
6770
6772
6773
6774
6775
6776
6779
6780
31790
31791
31792
31793
31794
31795
31796
31797
31798
31799
31800
31801
31802
31803
31804
31805
31806
31807
31808
31809
31810
31811
31812
31813
31814
31815
31816
31817
31818
31819
31820
31821
31822
31823
31824
31825
31826
31827
31828
31829
31830
31831
31832
31833
31834
31835
31836
31837
31838
31839
6805
31841
6819
6825
31846
31847
