68
69
74
75
76
77
78
79
80
81
82
83
84
85
86
87
88
89
90
91
30329
92
93
30328
95
97
96
98
99
100
111
110
101
103
102
105
104
107
109
108
113
112
114
149
118
119
120
121
122
123
125
124
127
126
129
128
131
130
133
132
135
137
136
139
138
141
140
143
142
145
144
147
146
14738
151
150
153
152
155
154
157
156
159
158
161
163
162
165
164
167
330
169
168
170
171
172
331
173
174
176
177
178
332
116
117
179
180
181
182
183
184
185
186
187
189
190
191
192
194
996
195
196
197
198
199
200
201
202
203
204
206
207
208
210
211
212
213
214
215
216
217
218
219
220
223
224
225
222
226
227
228
229
267
268
269
270
298
299
300
301
304
305
309
310
318
320
333
334
335
336
337
338
339
340
341
30348
30349
342
343
344
345
346
347
348
349
350
351
352
353
354
30350
355
356
357
358
359
360
361
362
363
364
365
366
367
368
369
370
371
372
373
374
30351
375
377
386
475
520
521
522
523
524
525
526
527
30368
528
529
530
532
535
537
538
539
540
541
542
555
603
604
605
606
607
608
682
685
688
689
693
694
696
698
706
742
743
744
746
757
832
15
833
849
969
970
971
972
973
974
975
976
977
978
979
980
981
982
983
984
985
986
987
988
989
990
991
992
993
994
995
997
998
999
1000
1006
1007
1008
1009
1012
1077
1090
1103
1132
1133
30462
1137
1140
1141
30467
1162
30473
30478
30480
30481
1203
30482
1204
20
1213
30485
1217
1218
1220
1221
1222
1225
1226
1227
30487
1228
1229
1230
1232
1233
1234
1235
1236
1237
1238
1239
1240
1241
1242
1243
30488
30489
30490
30491
30492
30493
30494
30495
30496
30497
30498
30499
30500
30501
30502
30503
30504
30505
30506
30507
30508
1245
1282
1286
1287
1288
1289
1290
1294
1295
1301
1303
1304
1305
1306
1307
30530
30531
1345
30534
21
1353
1354
1355
1357
1358
1360
1361
1362
1363
1364
1365
1366
1367
1368
1369
1370
1372
1373
1374
1375
1477
1479
1480
1486
1538
30568
30587
30592
1652
1655
1657
1660
1662
1665
1706
1729
1743
1744
1848
1849
30637
30638
1850
30639
30641
30642
1852
30643
1868
1870
1872
1875
30651
1877
1912
1932
1933
1934
1935
1936
1941
1953
1959
1960
1962
30679
1991
1992
30686
2002
2004
2032
2050
2066
30717
2097
2099
2102
30726
2144
2153
2159
2160
2161
2163
2164
30736
2220
2221
2237
2262
2264
2269
2276
2328
2385
2406
2430
2459
2466
2470
2534
30802
2536
30803
30804
30805
2545
30806
2548
2549
2550
2551
2552
2553
2554
2555
2556
2557
2558
2559
2560
2561
2562
2563
2564
2565
2566
2567
2568
2569
2570
2571
2572
2573
2574
2575
30807
2576
2577
2578
2579
2580
2581
2582
2583
2584
2585
2586
2587
2588
2589
2590
2591
2592
2593
2594
2595
2598
2599
2601
30808
2606
2607
30810
2608
2614
2615
2617
2618
2621
2622
2623
2627
2628
2629
2630
2631
2632
2633
2636
2637
2638
2642
2643
2644
2646
2648
2650
2651
2652
2653
2654
2655
2656
2657
2658
2659
2660
2661
2667
30812
2685
2686
2687
2688
2689
2690
2691
2692
2693
2694
2695
2696
2697
2712
2717
30850
2743
2744
2745
2746
2747
30869
30870
2760
2764
30899
30901
30902
2814
2904
2914
2977
2997
3001
3002
3019
3021
3022
3024
3025
3049
3050
3051
30971
30972
30975
22
3067
3075
30977
3080
3081
3082
3089
30980
30981
30982
30983
30984
3091
3092
3093
3094
3095
30985
3096
3098
30986
3099
3100
3101
3102
3103
30987
3104
3105
3106
3108
3109
30988
3110
30989
3112
3113
3114
3127
3288
3289
3290
3291
3292
31024
3319
3320
3325
3330
31033
3366
3374
3375
31042
3376
3377
3378
3380
3411
3414
3415
3416
3417
3418
3420
31056
3421
3422
3423
23
3424
3462
3482
3488
3489
3490
3491
3492
3493
3494
3528
3536
3537
3575
3579
24
3582
3583
31076
3584
3589
3596
3600
3601
3605
3613
3617
3622
3625
3633
3642
3649
3650
31079
3679
3685
3696
31091
3706
3717
3719
3720
3748
3754
31094
3760
3763
3771
3772
3782
3792
3833
3836
3861
3862
31120
31121
3863
3864
3865
3866
3867
3868
3870
3871
3872
3873
31122
3875
31123
3876
3877
3878
3879
3880
3885
3892
3893
3894
3895
3899
31133
3902
25
26
3906
3907
3908
3909
3910
3911
3912
3913
3914
3915
3916
3917
3918
3919
3920
3921
3922
3923
3924
3925
6
3926
3927
31137
3956
3957
3958
31145
3994
4007
4013
4014
4015
4017
31159
31185
4069
4086
4124
4128
31195
4222
4245
4247
4339
4340
31263
4490
4525
4527
4528
4529
4532
4533
4534
4535
4538
4539
4545
27
31276
4547
4635
4638
4664
4670
31288
31301
4761
4773
31304
4774
4775
28
31305
29
4789
4791
4830
4921
5227
5245
5246
5249
5289
30
31383
31385
5296
31386
31387
5308
5401
5402
5422
5423
5424
5533
5534
5535
5558
5559
5566
5567
5568
5600
31462
31
5612
5618
5620
31465
5652
5653
5731
5737
5748
5749
5761
5789
5800
5801
31523
5838
31532
5843
5845
5847
5850
5851
5854
5855
5856
5857
5858
31533
5872
31540
5880
5886
31542
5915
5926
5933
5934
5935
5937
31553
5938
5939
5940
5941
5942
5943
5944
5945
5946
5947
5948
5949
5950
5968
5970
5975
5990
5991
5992
5993
5994
5995
5996
5998
5999
6000
6004
6005
6006
6007
6023
6036
6037
6038
6039
32
31568
6044
6045
6046
6047
6048
6049
6050
31569
31570
31571
31572
31573
6051
6052
6053
6054
6055
31574
31575
6057
6058
6059
6060
6062
6063
6064
31576
31577
6065
6066
6067
6068
6069
6070
31578
31579
6072
35
33
34
6075
6076
6086
31595
31596
6106
6109
31597
6110
6116
6117
6118
6119
6120
6121
31598
6131
6146
6155
6183
6184
6211
6212
6213
6214
6216
6230
6245
6254
6260
6270
6271
6272
6273
6274
6275
31631
6281
31632
31633
31634
6282
6285
6286
6287
6288
6289
6299
6304
6305
31652
6327
6328
6329
6337
31653
6356
6367
31663
6396
6398
6400
31666
31667
31668
31669
31670
31671
31672
31673
31674
31675
31676
31677
31678
31679
31680
31681
31682
31683
31684
31685
31686
31687
31688
31689
31690
31691
31692
31693
31694
31695
31696
31697
6408
6413
6430
6435
31704
6460
6461
6462
6464
6465
6484
6491
6499
6509
6510
31727
6558
6559
6560
6561
6562
6563
6564
6565
6566
6567
6568
6569
6570
6572
6573
6575
6576
6579
6581
6582
6583
6584
6586
6587
6588
6589
6590
6591
6592
6651
6653
6654
31770
6660
6663
31771
31772
6668
6669
6670
6682
6685
6702
6723
6731
6738
6739
6748
6750
6751
6752
6755
6757
6758
6760
6761
6762
6763
6764
6765
6766
6767
6768
6769
6770
6772
6773
6774
6775
6776
6779
6780
31790
31791
31792
31793
31794
31795
31796
31797
31798
31799
31800
31801
31802
31803
31804
31805
31806
31807
31808
31809
31810
31811
31812
31813
31814
31815
31816
31817
31818
31819
31820
31821
31822
31823
31824
31825
31826
31827
31828
31829
31830
31831
31832
31833
31834
31835
31836
31837
31838
31839
6805
31841
6819
6825
31846
31847
6827
6829
6830
6835
31850
31851
6865
6866
6871
31867
6895
6984
6985
6986
6988
6989
6990
7003
7039
7040
7041
7055
7203
7204
7205
7206
31933
7230
7286
7290
7318
7319
31968
31969
7325
7334
31972
7338
7340
31973
7341
7342
7343
7344
7345
7346
7347
7348
7349
31974
7350
7351
7352
7353
7376
7377
7404
7405
7417
7418
7424
7435
7439
32004
7455
7457
32006
7465
7494
7495
7496
7497
7498
7499
7500
7502
7503
7504
7505
7506
7507
7509
7510
7511
7512
7513
7514
7515
7516
7517
7518
7519
7521
7523
7524
7525
7527
7528
7529
7530
7531
7532
7534
7535
7536
7537
7538
7539
7540
7541
7542
7543
7544
7547
7548
7549
7550
7552
7554
7555
7556
7557
7558
7559
7560
7561
7562
7563
7565
7566
7568
7569
7570
7571
7573
7576
7577
7578
7579
7581
7583
7584
7585
7586
7587
7588
7590
7591
7592
7593
7594
7595
7596
7599
7600
7601
7603
7604
7605
7606
7607
7608
7609
7611
7759
7822
32059
7846
7847
32071
32093
7976
7977
7979
7980
7982
7984
7985
7987
7988
7990
8038
8057
8062
8068
8069
8074
8102
8118
32113
8130
8131
8132
8133
8134
8135
8136
8137
8138
8139
8140
8141
8142
8143
8144
8145
8146
8147
8148
8149
32115
8183
8212
8213
8214
8215
8220
8225
32125
8232
8249
32137
8250
8315
8317
8318
32149
8321
8335
8352
8354
32161
8373
8374
32165
32177
36
8440
8462
8463
8469
32196
8470
32202
32208
8527
8530
32209
8564
32224
8623
8634
8638
8642
8649
8650
8652
38
37
8677
32243
8678
32244
39
8692
8693
8696
8697
8698
8703
8711
8716
8717
32253
32254
8720
8721
8722
8723
8730
8735
8745
8795
8818
8837
8838
8840
8841
8874
8879
8880
8881
8884
8885
8888
8889
8925
8926
8927
8928
8929
8935
8938
8943
8944
8947
8948
8949
8950
8951
8952
8955
8956
8958
8959
8960
8963
32289
8967
8968
8975
8978
8986
8988
8992
9018
9021
9025
9026
9028
32294
9032
9037
9038
32295
32296
9044
9046
9047
32297
9049
9101
9102
9103
9125
9126
9137
40
9202
32353
9207
32354
9208
9221
9222
32358
9224
9225
32359
32360
9226
9227
9228
9229
9230
32361
32362
9231
9232
9233
9234
32363
9256
32367
9311
9312
9313
9314
9315
9316
9317
9318
9319
9320
9321
9322
9323
9325
9326
9327
9328
9330
9331
9333
9334
9335
9336
9337
9338
9339
9340
9341
9342
9343
9344
9345
9346
9347
9348
9349
9350
9351
9352
9353
9354
9355
9356
9357
9358
9359
9360
9362
9363
9364
9365
9396
9400
9401
9402
9403
9405
32402
9466
9467
9468
9470
9471
9474
9475
9518
9530
9532
9541
9551
9553
9554
9579
32437
9617
9694
9717
9730
9759
9769
32462
9771
32469
41
9774
9775
9795
9820
32487
32488
9865
9866
9868
32492
9869
9871
32495
9880
9892
9903
32504
9931
32506
9937
10028
10029
10030
10034
10045
10047
10049
10064
10094
10095
10123
10172
42
10173
10205
10217
10380
10388
10539
32612
10561
10567
10568
10569
10570
10571
32651
10724
10725
10730
43
10731
10732
10733
10734
10735
10736
10737
10738
10739
10740
32656
10741
10742
32657
32658
10743
10744
32659
10746
10747
10748
10749
32660
10750
10752
10753
10754
10755
10756
10757
10758
10759
32661
10760
10761
10762
10763
10764
10765
10767
10769
10770
10771
32662
10772
10774
10775
10776
10777
10778
10779
10780
10781
10782
10783
10784
10785
10786
32663
10787
10788
10886
10918
32694
32695
32697
32708
44
11068
11069
32712
11070
32719
11230
11288
11291
32738
11292
11293
11313
11325
32766
11942
11943
11944
11945
11946
11947
11948
11949
11956
11962
11971
33032
33033
12014
12015
12016
12017
33034
12018
12019
12021
12025
12027
12029
12030
12031
12032
12033
12034
12035
33035
12036
12037
12038
12039
12040
12041
12042
12043
12044
12045
12046
12047
12048
12049
12050
12051
12052
12053
12054
12055
12056
12058
12059
12060
12061
12062
12063
12064
12065
12066
12068
12069
12070
12072
12073
12074
12075
12076
12077
12078
12079
12080
12081
12082
12083
12084
12085
12086
12087
12088
12089
12090
12091
12092
12093
12094
12095
12096
12097
12098
12099
12100
12101
12102
12103
12104
12105
12106
12107
12108
12109
12110
12111
12112
12113
12114
12115
12116
12117
12118
12119
12120
12121
12122
33036
12123
12124
12125
12126
12127
12128
33038
33042
12177
12178
12179
12189
33052
12216
12246
12251
12252
12257
12263
12267
33070
12318
12319
12320
12321
12322
12323
12324
12326
12327
12328
12335
12343
12344
12345
12346
12368
12369
12370
12464
45
12542
33127
