30326
67
68
69
70
71
996
247
246
248
251
252
253
254
255
256
257
258
259
30331
272
30347
298
299
300
302
303
304
305
306
307
308
309
310
311
313
315
321
322
333
334
335
336
338
339
340
341
30348
30349
343
344
345
346
347
348
350
351
352
353
354
30350
355
356
357
358
359
360
363
364
365
366
367
368
369
370
371
372
373
374
30351
375
14
383
384
385
388
389
390
392
393
394
396
395
397
398
399
30355
400
401
402
403
405
406
407
408
409
410
411
412
413
414
415
416
417
418
419
420
421
422
423
424
425
426
427
428
429
430
431
432
433
434
435
436
437
438
439
440
441
442
443
444
445
446
447
448
449
450
451
452
453
455
457
458
460
462
463
30310
464
466
30357
467
469
471
30311
472
30359
476
30360
478
479
480
30363
481
482
484
30364
485
486
487
490
491
492
493
494
30366
495
496
498
499
30368
531
538
542
30369
543
544
545
546
547
548
549
550
551
552
553
554
557
559
560
561
563
564
565
566
567
568
569
571
572
573
574
575
576
577
30312
578
579
600
601
602
30379
609
610
611
613
614
30380
617
618
619
620
621
622
623
624
625
30382
626
627
628
629
631
30383
632
633
634
635
30384
30385
636
640
641
642
643
645
30386
646
649
650
30387
652
653
654
655
656
657
658
659
661
30388
662
663
665
667
669
671
672
673
674
675
676
678
679
680
681
708
709
710
711
712
713
714
715
716
717
718
30395
30396
724
725
726
727
728
729
730
731
733
734
735
736
737
738
739
740
741
760
763
765
766
767
768
769
770
772
773
774
775
776
777
778
779
780
781
782
783
784
786
787
30403
788
789
790
791
792
793
794
795
797
800
801
802
803
804
805
806
807
808
809
810
813
814
815
816
817
819
821
824
828
829
830
835
836
837
838
839
840
841
842
843
844
845
30411
847
848
850
851
852
853
854
855
856
858
859
860
861
864
865
874
875
876
877
878
879
880
881
882
883
884
885
886
887
888
889
890
891
892
893
894
895
896
897
898
899
900
901
902
903
904
905
906
30418
907
908
909
910
911
912
913
914
915
916
917
918
919
920
922
923
924
925
926
927
928
929
930
931
932
933
934
935
936
937
938
939
940
941
942
943
944
945
946
947
948
949
950
954
955
956
957
958
959
960
961
962
967
968
1001
1002
1003
1010
1011
1014
30421
1018
1019
1020
1021
1022
1023
1025
1026
1028
1029
30425
30426
1038
1041
30428
30429
1042
1044
1054
30431
1056
1057
1058
1060
1061
1062
1063
30433
1064
1065
1066
1067
1068
1069
1070
30435
30436
1072
30437
30438
1077
1080
30441
1081
1082
1083
1084
1085
1087
1088
1089
30442
30443
1091
1092
1093
1094
1095
1096
1097
1099
1101
1104
1105
1108
30451
1109
30452
1110
1112
1115
1116
1117
1118
1121
1122
1123
1124
1125
1126
1128
1131
1134
30463
1136
1137
1138
1139
1142
1143
1144
1145
1146
1148
1149
1150
1152
1153
1154
1155
1157
1158
1159
1160
1161
1163
1164
1165
30468
1171
1172
30469
30470
1176
1177
1180
1182
1183
30472
1184
1185
1186
1188
1189
1190
30475
1192
1193
1194
1196
1197
17
1201
1202
20
1207
1208
1210
18
19
1214
1215
30486
1216
1249
1250
1251
1254
1255
1256
30510
1257
1260
30511
1261
1265
30512
1266
1267
1269
1270
1272
1273
1274
1276
1279
1280
1281
1290
1309
1310
1311
1312
1313
1314
1315
1316
30518
1318
1319
1320
1323
30520
30521
1324
1325
1330
1331
1332
1333
30524
1335
1336
1337
1340
30533
1348
1349
1351
1362
1363
1376
1378
30535
30536
30537
1379
1380
1383
1386
30541
1387
1389
1390
1392
1393
1394
1395
1396
1397
1398
1399
1400
1401
1404
1405
1406
1408
1409
1410
1412
1413
1415
1417
1418
30545
1419
1420
1421
1423
1424
1441
1442
1444
1445
1446
1447
1448
1449
30549
1450
1451
1452
1453
1454
1455
1456
1457
1458
1459
1460
1461
1462
1463
1464
1465
1466
1467
1468
1469
1470
1471
1472
1473
1475
1488
1489
1490
1491
1492
30558
1493
1494
1495
30560
1496
1497
1498
1499
1500
1501
1502
1503
1506
1507
1508
1509
30562
1510
1511
30563
1512
1513
1514
30565
1515
1518
1519
1520
1522
1523
1524
1525
1526
1527
1528
1529
1530
1531
1532
1533
1534
1536
1537
1539
1540
1542
30571
1543
1545
1546
1547
1548
1549
1550
1551
1552
1553
1554
1555
1556
1557
1559
30578
1560
1562
1563
1564
1565
1566
1567
1568
1569
1570
1572
1573
1574
1575
1576
1577
1578
1579
1580
1581
1582
1583
1584
1585
1586
1587
1588
1589
1590
1591
30582
1592
1593
1594
1595
1596
1597
1599
1600
1601
1602
1603
1604
1605
1606
1607
1608
1609
1610
1611
1612
1614
1615
1617
1618
30586
1620
1622
1623
1624
1625
1626
1627
30588
1629
1631
30590
1635
1637
1638
1639
1640
1642
1643
1644
1645
1646
1647
1648
1649
1650
1651
1666
1667
1668
1669
1670
1671
1672
30593
1675
1676
1677
1680
1681
1682
1683
30595
1684
1686
1687
1688
1689
1690
1691
1692
1693
1694
1695
1696
1697
1698
1699
1700
1701
1702
1703
1715
30599
1722
1726
1727
1728
30602
1731
30604
1745
1750
1751
30608
1752
30609
30610
30611
30612
1753
30613
1754
1755
1756
1757
30614
1758
1759
30615
30616
1763
30617
1764
1765
1768
1769
30618
1770
1771
30619
1772
1773
1774
1775
1776
1777
1778
1779
1780
1781
1782
1783
1784
1785
1786
1787
1788
1789
1790
1791
1792
1793
1794
1795
1796
1797
1798
1799
1800
1801
1802
1803
1804
1805
1806
1807
1808
1809
1810
1811
1812
1813
1814
30621
1815
1816
1817
30622
30623
30624
1818
1819
30626
30627
30628
1823
1824
1825
30629
1826
30630
30631
1827
30632
30633
1829
30635
30636
1831
1832
1835
1836
1837
1838
1839
1841
1842
1845
30644
1857
1859
1861
1862
1863
1864
1866
1867
1872
30650
1879
1901
1903
1910
1912
1913
1917
1921
1923
30669
30671
1924
1926
30673
1937
1938
1939
1940
1941
261
30678
1942
1943
1944
1945
1946
1947
1948
1949
1950
1951
1952
1953
1955
1956
1957
1958
1959
1960
1961
1962
1963
1979
1986
1987
1988
1990
2000
2009
2011
2024
2031
30702
30708
2054
2069
2076
2079
30714
2083
30716
2091
2096
2120
2121
2122
30726
2123
2124
2129
2132
2133
2138
2139
2140
2143
2145
30728
2146
2148
2150
2151
2152
2154
30729
2155
2156
2158
30732
30733
30734
2189
2203
2205
30738
2214
2229
2234
2238
2239
2240
2241
2242
2243
30747
2245
2261
30755
2263
2266
2268
30757
2269
2273
2282
2283
2284
2285
2286
2287
2288
2290
2291
2292
2293
2294
2295
2296
2297
2298
2299
2300
2301
2303
2304
2306
2308
2309
2311
2312
2313
2315
2316
2319
2321
30764
30765
2324
2325
2329
2331
2333
2338
2341
2342
30774
30775
2343
2344
2345
2346
2353
2354
2355
2356
2357
2358
30790
2407
2408
2409
2410
2418
2421
2422
2423
2425
2426
30792
2458
2464
2473
2475
2476
2532
30819
30829
30836
30837
2699
2700
2707
2708
2709
2711
2716
2722
2768
30873
30876
30897
2808
30901
30903
30904
2826
2835
2839
2848
2868
2871
2873
2874
2888
2891
2893
30921
2894
2897
2898
2899
2900
2902
2903
2904
2909
2911
2913
2916
2919
2921
2926
2942
30936
30937
2946
2947
2948
2952
2953
2954
2958
2965
2966
2969
30941
2970
30942
2971
2972
2973
2975
30947
2976
30948
2979
2980
2981
2982
2990
2991
2996
2997
2999
3010
3014
30961
3017
3023
30970
3053
3058
3063
22
3069
3070
3071
3073
3076
3077
3080
30979
3086
3141
3142
3143
3145
3146
30991
3148
3151
3152
3153
3154
3155
30992
30993
3156
3157
30994
30995
3158
3159
3160
3161
3162
3163
30996
30997
3165
3166
3168
3169
3170
30998
30999
3171
3172
3174
31000
31001
31002
31003
3176
3179
3180
3181
3182
3184
3185
31005
31006
31007
3186
3187
3188
3189
3190
3191
3192
3193
3194
3199
3200
3201
3202
31010
3203
3204
3205
3206
3207
3208
3209
3210
3211
3212
3213
31011
3214
3215
3216
3220
3221
3222
3223
3224
3225
3226
31013
3227
3228
3229
3231
3232
3233
3234
3235
3236
3237
3238
3239
3240
3241
3242
3244
31015
31016
3245
3246
3247
3248
3249
3250
3251
3253
3254
3255
3256
3257
3258
31019
3264
31021
31022
31023
3287
3288
3289
3290
3292
3296
3299
3300
3301
3302
3303
31026
3305
3313
3314
3320
3322
3323
3325
3328
3329
3332
3333
31032
3352
31036
31040
3368
3379
3398
3402
3403
3404
3405
3406
3407
3408
3409
3410
23
3428
3437
3444
3445
3446
3448
3449
3450
3451
3453
3456
3458
3459
3460
3461
3462
3463
3464
3465
3466
3467
3479
3497
3499
3504
31064
3511
3516
3518
3519
3520
3527
31066
3530
3531
3532
3533
3534
3535
31068
3539
3540
31069
31070
3541
3543
3544
3545
3546
3547
3548
3549
3550
31072
3551
3552
31073
3553
3554
3555
3556
3557
3558
3559
3560
3561
3562
3563
31074
3570
3575
3577
24
3654
31082
3678
3683
3686
3694
3695
3704
31091
3726
3727
3728
3729
3732
3733
3743
3744
3745
3749
3751
3752
3753
31094
31095
3756
3757
31097
31099
3764
3765
3781
3783
3786
3788
3790
3793
31106
3799
3803
31110
3812
3815
3816
3824
3826
3827
3829
3830
3837
3841
3844
3846
3847
3848
3849
3850
3852
3853
3854
31118
3855
31119
3858
3861
3882
31125
31127
3896
3900
31132
31133
26
3903
3904
3935
3936
3943
3944
3945
3946
3947
31139
31140
3955
3956
3957
3958
3964
31143
3971
3972
3975
3976
3980
31155
4002
4004
4006
4010
4011
4018
4023
4024
4026
4036
4039
4041
4043
4067
2994
4071
4072
31186
4079
31189
4081
4083
4084
4086
4087
4088
4089
4092
4093
4094
4095
4096
4097
4098
4099
4100
4102
4103
4104
4105
4106
4108
4109
4110
4111
