1562
1591
1706
1764
1765
1772
1773
1775
1776
1777
1778
1779
1780
1781
1783
1784
1785
1786
1787
1788
1789
1790
1791
1792
1793
1796
1797
1798
1799
1800
1801
1802
1803
1804
1805
1806
1807
1808
1809
1810
1811
1812
1814
1819
1822
1825
1826
30656
2096
2312
2512
2590
2977
3093
3102
3103
3190
3191
3194
3200
3203
3207
3208
3209
3210
3212
3213
3216
3220
3221
3222
3224
3229
3232
3233
3234
3236
3238
3241
3242
3247
3249
3471
3472
31058
31121
3878
3880
3925
6
31161
31162
4061
4135
4256
4257
4276
4277
4281
31245
4711
4737
4756
4949
31396
5360
6038
6039
6048
6049
6050
31570
31569
31571
31572
31573
6051
6052
6053
6054
6055
31574
31575
6056
6058
6059
6063
6064
6068
31578
31631
6281
31632
31634
6286
6289
7777
7903
8077
9225
32359
32404
32405
9551
9563
32422
9564
9565
9725
9893
32577
10294
10295
11169
11292
11293
11620
33056
12684
12927
12928
12929
33325
13287
13975
13976
13977
13978
13979
13981
13982
13988
14027
15526
15552
33824
33854
16004
16005
16447
16623
16641
16817
34151
16977
17072
17417
17854
17932
18004
34493
18170
18178
18418
18466
18910
19074
19092
19269
19824
19891
19930
19935
20125
20163
20169
20372
35130
35129
35149
20813
26218
35467
21871
21943
21996
22048
22052
22061
22146
22159
35632
22577
22808
22809
22867
22877
23029
23154
23480
23800
24005
36119
36120
36123
24369
36124
24884
24891
36299
25067
25396
25707
25823
25824
25825
25826
36563
25909
26124
