30326
67
68
69
70
71
996
246
247
248
251
252
253
254
255
256
257
258
259
30331
272
30347
298
299
300
302
303
304
305
306
307
308
309
310
311
313
315
321
322
333
334
335
336
338
339
340
341
30348
30349
343
344
345
346
347
348
350
351
352
353
354
30350
355
356
357
358
359
360
363
364
365
366
367
368
369
370
371
372
373
374
30351
375
14
383
384
385
388
389
390
392
393
394
396
395
397
398
399
30355
400
401
402
403
405
406
407
408
409
410
411
412
413
414
415
416
417
418
419
420
421
422
423
424
425
426
427
428
429
430
431
432
433
434
435
436
437
438
439
440
441
442
443
444
445
446
447
448
449
450
451
452
453
455
457
458
460
462
463
30310
464
466
30357
467
469
471
30311
472
30359
476
30360
478
479
480
30363
481
482
484
30364
485
486
487
490
491
492
493
494
30366
495
496
498
499
30368
531
538
542
30369
543
544
545
546
547
548
549
550
551
552
553
554
557
559
560
561
563
564
565
566
567
568
569
571
572
573
574
575
576
577
30312
578
579
600
601
602
30379
609
610
611
613
614
30380
617
618
619
620
621
622
623
624
625
30382
626
627
628
629
631
30383
632
633
634
635
30384
30385
636
640
641
642
643
645
30386
646
649
650
30387
652
653
654
655
656
657
658
659
661
30388
662
663
665
667
669
671
672
673
674
675
676
678
679
680
681
708
709
710
711
712
713
714
715
716
717
718
30395
30396
724
725
726
727
728
729
730
731
733
734
735
736
737
738
739
740
741
760
763
765
766
767
768
769
770
772
773
774
775
776
777
778
779
780
781
782
783
784
786
787
30403
788
789
790
791
792
793
794
795
797
800
801
802
803
804
805
806
807
808
809
810
813
814
815
816
817
819
821
824
828
829
830
835
836
837
838
839
840
841
842
843
844
845
30411
847
848
850
851
852
853
854
855
856
858
859
860
861
864
865
874
875
876
877
878
879
880
881
882
883
884
885
886
887
888
889
890
891
892
893
894
895
896
897
898
899
900
901
902
903
904
905
906
30418
907
908
909
910
911
912
913
914
915
916
917
918
919
920
922
923
924
925
926
927
928
929
930
931
932
933
934
935
936
937
938
939
940
941
942
943
944
945
946
947
948
949
950
954
955
956
957
958
959
960
961
962
967
968
1001
1002
1003
1010
1011
1014
30421
1018
1019
1020
1021
1022
1023
1025
1026
1028
1029
30425
30426
1038
1041
30428
30429
1042
1044
1054
30431
1056
1057
1058
1060
1061
1062
1063
30433
1064
1065
1066
1067
1068
1069
1070
30435
30436
1072
30437
30438
1077
1080
30441
1081
1082
1083
1084
1085
1087
1088
1089
30442
30443
1091
1092
1093
1094
1095
1096
1097
1099
1101
1104
1105
1108
30451
1109
30452
1110
1112
1115
1116
1117
1118
1121
1122
1123
1124
1125
1126
1128
1131
1134
30463
1136
1137
1138
1139
1142
1143
1144
1145
1146
1148
1149
1150
1152
1153
1154
1155
1157
1158
1159
1160
1161
1163
1164
1165
30468
1171
1172
30469
30470
1176
1177
1180
1182
1183
30472
1184
1185
1186
1188
1189
1190
30475
1192
1193
1194
1196
1197
17
1201
1202
20
1207
1208
1210
18
19
1214
1215
30486
1216
1249
1250
1251
1254
1255
1256
30510
1257
1260
30511
1261
1265
30512
1266
1267
1269
1270
1272
1273
1274
1276
1279
1280
1281
1290
1309
1310
1311
1312
1313
1314
1315
1316
30518
1318
1319
1320
1323
30520
30521
1324
1325
1330
1331
1332
1333
30524
1335
1336
1337
1340
30533
1348
1349
1351
1362
1363
1376
1378
30535
30536
30537
1379
1380
1383
1386
30541
1387
1389
1390
1392
1393
1394
1395
1396
1397
1398
1399
1400
1401
1404
1405
1406
1408
1409
1410
1412
1413
1415
1417
1418
30545
1419
1420
1421
1423
1424
1441
1442
1444
1445
1446
1447
1448
1449
30549
1450
1451
1452
1453
1454
1455
1456
1457
1458
1459
1460
1461
1462
1463
1464
1465
1466
1467
1468
1469
1470
1471
1472
1473
1475
1488
1489
1490
1491
1492
30558
1493
1494
1495
30560
1496
1497
1498
1499
1500
1501
1502
1503
1506
1507
1508
1509
30562
1510
1511
30563
1512
1513
1514
30565
1515
1518
1519
1520
1522
1523
1524
1525
1526
1527
1528
1529
1530
1531
1532
1533
1534
1536
1537
1539
1540
1542
30571
1543
1545
1546
1547
1548
1549
1550
1551
1552
1553
1554
1555
1556
1557
1559
30578
1560
1562
1563
1564
1565
1566
1567
1568
1569
1570
1572
1573
1574
1575
1576
1577
1578
1579
1580
1581
1582
1583
1584
1585
1586
1587
1588
1589
1590
1591
30582
1592
1593
1594
1595
1596
1597
1599
1600
1601
1602
1603
1604
1605
1606
1607
1608
1609
1610
1611
1612
1614
1615
1617
1618
30586
1620
1622
1623
1624
1625
1626
1627
30588
1629
1631
30590
1635
1637
1638
1639
1640
1642
1643
1644
1645
1646
1647
1648
1649
1650
1651
1666
1667
1668
1669
1670
1671
1672
30593
1675
1676
1677
1680
1681
1682
1683
30595
1684
1686
1687
1688
1689
1690
1691
1692
1693
1694
1695
1696
1697
1698
1699
1700
1701
1702
1703
1715
30599
1722
1726
1727
1728
30602
1731
30604
1745
1750
1751
30608
1752
30609
30610
30611
30612
1753
30613
1754
1755
1756
1757
30614
1758
1759
30615
30616
1763
30617
1764
1765
1768
1769
30618
1770
1771
30619
1772
1773
1774
1775
1776
1777
1778
1779
1780
1781
1782
1783
1784
1785
1786
1787
1788
1789
1790
1791
1792
1793
1794
1795
1796
1797
1798
1799
1800
1801
1802
1803
1804
1805
1806
1807
1808
1809
1810
1811
1812
1813
1814
30621
1815
1816
1817
30622
30623
30624
1818
1819
30626
30627
30628
1823
1824
1825
30629
1826
30630
30631
1827
30632
30633
1829
30635
30636
1831
1832
1835
1836
1837
1838
1839
1841
1842
1845
30644
1857
1859
1861
1862
1863
1864
1866
1867
1872
30650
1879
1901
1903
1910
1912
1913
1917
1921
1923
30669
30671
1924
1926
30673
1937
1938
1939
1940
1941
261
30678
1942
1943
1944
1945
1946
1947
1948
1949
1950
1951
1952
1953
1955
1956
1957
1958
1959
1960
1961
1962
1963
1979
1986
1987
1988
1990
2000
2009
2011
2024
2031
30702
30708
2054
2069
2076
2079
30714
2083
30716
2091
2096
2120
2121
2122
30726
2123
2124
2129
2132
2133
2138
2139
2140
2143
2145
30728
2146
2148
2150
2151
2152
2154
30729
2155
2156
2158
30732
30733
30734
2189
2203
2205
30738
2214
2229
2234
2238
2239
2240
2241
2242
2243
30747
2245
2261
30755
2263
2266
2268
30757
2269
2273
2282
2283
2284
2285
2286
2287
2288
2290
2291
2292
2293
2294
2295
2296
2297
2298
2299
2300
2301
2303
2304
2306
2308
2309
2311
2312
2313
2315
2316
2319
2321
30764
30765
2324
2325
2329
2331
2333
2338
2341
2342
30774
30775
2343
2344
2345
2346
2353
2354
2355
2356
2357
2358
30790
2407
2408
2409
2410
2418
2421
2422
2423
2425
2426
30792
2458
2464
2473
2475
2476
2532
30819
30829
30836
30837
2699
2700
2707
2708
2709
2711
2716
2722
2768
30873
30876
30897
2808
30901
30903
30904
2826
2835
2839
2848
2868
2871
2873
2874
2888
2891
2893
30921
2894
2897
2898
2899
2900
2902
2903
2904
2909
2911
2913
2916
2919
2921
2926
2942
30936
30937
2946
2947
2948
2952
2953
2954
2958
2965
2966
2969
30941
2970
30942
2971
2972
2973
2975
30947
2976
30948
2979
2980
2981
2982
2990
2991
2996
2997
2999
3010
3014
30961
3017
3023
30970
3053
3058
3063
22
3069
3070
3071
3073
3076
3077
3080
30979
3086
3141
3142
3143
3145
3146
30991
3148
3151
3152
3153
3154
3155
30992
30993
3156
3157
30994
30995
3158
3159
3160
3161
3162
3163
30996
30997
3165
3166
3168
3169
3170
30998
30999
3171
3172
3174
31000
31001
31002
31003
3176
3179
3180
3181
3182
3184
3185
31005
31006
31007
3186
3187
3188
3189
3190
3191
3192
3193
3194
3199
3200
3201
3202
31010
3203
3204
3205
3206
3207
3208
3209
3210
3211
3212
3213
31011
3214
3215
3216
3220
3221
3222
3223
3224
3225
3226
31013
3227
3228
3229
3231
3232
3233
3234
3235
3236
3237
3238
3239
3240
3241
3242
3244
31015
31016
3245
3246
3247
3248
3249
3250
3251
3253
3254
3255
3256
3257
3258
31019
3264
31021
31022
31023
3287
3288
3289
3290
3292
3296
3299
3300
3301
3302
3303
31026
3305
3313
3314
3320
3322
3323
3325
3328
3329
3332
3333
31032
3352
31036
31040
3368
3379
3398
3402
3403
3404
3405
3406
3407
3408
3409
3410
23
3428
3437
3444
3445
3446
3448
3449
3450
3451
3453
3456
3458
3459
3460
3461
3462
3463
3464
3465
3466
3467
3479
3497
3499
3504
31064
3511
3516
3518
3519
3520
3527
31066
3530
3531
3532
3533
3534
3535
31068
3539
3540
31069
31070
3541
3543
3544
3545
3546
3547
3548
3549
3550
31072
3551
3552
31073
3553
3554
3555
3556
3557
3558
3559
3560
3561
3562
3563
31074
3570
3575
3577
24
3654
31082
3678
3683
3686
3694
3695
3704
31091
3726
3727
3728
3729
3732
3733
3743
3744
3745
3749
3751
3752
3753
31094
31095
3756
3757
31097
31099
3764
3765
3781
3783
3786
3788
3790
3793
31106
3799
3803
31110
3812
3815
3816
3824
3826
3827
3829
3830
3837
3841
3844
3846
3847
3848
3849
3850
3852
3853
3854
31118
3855
31119
3858
3861
3882
31125
31127
3896
3900
31132
31133
26
3903
3904
3935
3936
3943
3944
3945
3946
3947
31139
31140
3955
3956
3957
3958
3964
31143
3971
3972
3975
3976
3980
31155
4002
4004
4006
4010
4011
4018
4023
4024
4026
4036
4039
4041
4043
4067
2994
4071
4072
31186
4079
31189
4081
4083
4084
4086
4087
4088
4089
4092
4093
4094
4095
4096
4097
4098
4099
4100
4102
4103
4104
4105
4106
4108
4109
4110
4111
4112
31191
31193
4120
4121
4131
4156
4170
4171
31217
4174
4176
4177
31218
4180
4183
4186
4187
4188
4189
4191
4192
4194
4197
4198
4199
4200
4201
4203
4204
4206
4207
4212
4222
4225
4226
4227
31231
4237
4238
4241
4245
4246
4248
31234
4253
4255
31238
4259
4262
4263
4264
4265
4267
4270
4272
4273
4275
4276
4277
4278
4279
4280
4281
4282
4284
4285
31245
4286
4288
4289
31246
4292
4293
4295
4301
4302
4303
4306
4310
4311
4315
4316
31252
4317
4318
4332
4333
4334
4336
4337
31255
31256
31257
4338
4343
31259
4349
4363
4364
4365
4366
4367
4368
4369
4370
4371
4372
4373
4374
4375
4376
4377
4379
4380
4382
4383
4384
4386
4387
4388
4390
4391
4392
4393
4397
4400
4402
4403
4406
4409
4410
4412
4413
4414
4415
4416
4417
4418
4421
4425
4426
4427
4428
4430
4431
4432
4433
4434
4435
4436
4437
4438
4439
4441
4442
4443
4445
4446
4447
4448
4449
4451
4452
4453
4454
4455
4456
4457
4458
4459
4460
4462
4463
4464
4471
4472
4473
4474
31267
31271
4490
4505
4506
4507
4508
4524
4544
27
4550
4551
4552
4553
4554
4555
4556
4557
4558
4559
31277
4560
4561
31278
4591
4616
4617
4619
4620
4621
4622
4623
4625
4626
4628
4648
4650
4651
4652
4655
4656
4657
31282
4658
4663
31285
4665
4670
31287
31288
31289
4673
4674
4678
31292
4682
4683
4684
4685
4693
4694
4696
31296
4697
4698
4700
4702
4703
4704
4705
4706
4709
4711
4712
4713
4715
4716
4717
4718
4719
4720
4721
4722
4727
4734
4735
4736
4737
31301
4755
4756
4757
4758
4759
4760
4762
4764
4765
4766
4768
4769
4770
4771
4777
4778
4779
4780
4781
4782
4784
29
4785
4786
4793
4794
4795
4796
4797
4798
4799
4800
4801
4802
4803
4805
4807
4813
4816
4823
4824
4825
4828
4836
4837
4839
4840
31312
4847
4848
4855
4856
4858
4859
4861
4862
4863
4864
4866
4868
4872
4873
4875
4877
4879
31316
4880
4882
4883
4884
4887
4888
31317
4891
4893
4894
4895
4897
4898
4900
4901
4902
4909
31318
4917
4927
4931
4933
4934
4935
4936
4937
4939
4941
4942
4943
4944
4945
4946
4947
4948
4949
4950
4951
4952
4953
4954
4955
4956
4957
4958
4961
4963
4964
4965
4966
4967
4968
4969
4970
4971
4972
4973
4974
4975
4978
4979
4980
4981
4983
4985
4986
4987
4988
4989
4991
4992
4993
4994
4995
4996
4997
4998
4999
5000
5001
5002
5003
5004
5008
5010
5011
5012
5016
5017
5018
5019
5020
5021
5022
5023
5024
5025
5028
5029
5030
5031
5032
5033
5034
5035
5037
5038
5039
5040
5042
5043
5044
5045
5046
5048
5050
31336
5051
5052
5053
5054
5055
5056
5057
5058
5059
5060
5061
5062
5063
5064
5066
5067
5068
5069
5071
5072
5073
5074
5075
5076
5077
5079
5080
5081
5083
5084
5085
5086
5087
5088
5089
5090
5092
5093
5094
5095
5096
5097
5098
5100
5101
5102
5103
5104
5105
5106
5107
5109
5111
5112
5113
5114
5116
5118
5119
5120
5121
5122
5123
5124
5125
5126
5127
5130
5132
5133
5134
5135
5136
5137
5138
5139
5140
5141
5142
5143
5144
5145
5146
5147
5148
5149
5150
5151
5152
5153
5154
5155
5157
5158
5159
5160
5161
5162
5163
5164
5165
5166
5167
5168
5169
5170
5171
5172
5173
5174
5175
5177
5178
5180
5181
31341
5189
5190
31346
31352
5195
5197
5199
5201
5203
31355
5208
5214
5215
5218
5221
5222
5224
5225
5226
31358
31359
5228
5229
5230
31360
31363
5232
5235
5236
5237
5238
5242
31366
5250
5255
5256
31371
5258
5259
5260
5261
5263
5264
5265
5266
5267
5269
31373
5270
5271
5272
5273
5275
5276
31374
5284
31379
31380
31381
5294
5295
5309
5310
5311
5330
5333
31390
5336
5337
5338
5340
5386
5387
5388
5389
5390
5391
5393
5406
5407
5408
5410
31416
5425
5426
5427
5428
5429
31420
31421
5442
5443
5448
5449
5450
5451
5452
5453
5454
5455
5456
5457
5458
5459
5460
5461
5462
5463
5464
5465
5466
5467
5468
5469
5470
5471
5472
5473
5479
5496
31429
31430
5497
5503
31432
5509
5510
5516
5561
5564
5565
5585
5598
5599
5601
5602
5603
5604
5605
31460
31461
31
5614
5615
5616
5624
5631
5635
5636
5649
5650
5654
5655
5656
5657
5658
5659
5660
5661
5662
5663
5664
5665
5666
5667
5668
5669
5670
5671
5715
5717
5718
31482
5720
5721
5722
31484
31485
5724
5725
5726
5727
31487
