1347
30533
1348
1994
2110
30748
2512
30905
30906
30907
2884
2925
2924
31065
31077
3694
3703
4407
4654
4915
31320
4929
5307
31515
5790
5841
5903
5914
6132
31604
31605
6320
31718
6821
6823
6978
6993
31891
7293
7784
32082
32101
8067
8104
8218
8329
8330
32173
32175
32176
8398
32179
8427
8439
32192
32193
32194
8635
32235
8700
9269
9503
32410
9731
32476
10044
10646
10953
12129
33046
12528
12765
12820
12830
12925
13032
13169
13353
13506
30318
13665
13838
13870
33499
33500
14276
14786
15163
15385
15454
15464
33805
15499
33810
33811
15678
15689
15692
33860
15695
15730
33927
16057
16175
16228
16294
16455
16803
16960
17011
17035
34198
34292
17518
34310
17519
17520
17521
17522
17523
17524
17525
17526
17527
17529
17530
17531
17532
17533
17534
17535
17536
17586
17638
17676
17693
17731
17806
17810
17815
17963
18046
18053
18054
18057
34520
34521
18206
34522
34523
34524
34525
18271
18272
18284
18302
34554
34556
18341
18396
18473
18697
18831
34712
18935
18950
18967
19023
19024
19113
19191
19331
19364
19424
19862
34964
19900
20126
20207
20209
35042
35043
20210
20211
20212
20213
20214
35044
20215
20216
20217
20218
20219
20220
20221
20222
20223
20505
35108
20555
20556
35137
20665
20742
20743
20748
20778
20809
20848
35185
35186
20871
35189
20872
20873
20874
20875
20885
20886
20903
35215
20989
35256
21100
21101
21236
21237
21238
35310
21341
35346
35347
35496
21837
21903
21911
21994
22057
35556
35642
22436
22487
22517
22535
35687
22536
22537
35704
23146
23277
