81
80
149
114
123
122
141
140
156
157
168
169
187
213
214
223
224
299
310
312
314
322
336
386
410
30368
538
685
963
1099
1104
1143
1148
1152
1861
2423
2426
2632
3303
3323
3353
3354
3793
4036
4514
4547
4703
4735
5081
31379
31484
31485
6001
6345
6346
6453
6458
6483
6505
6605
6606
7313
7428
8114
8115
8217
8356
36
8579
8695
8898
32377
9395
9642
9706
9968
32528
10094
10307
32587
10487
10959
10973
11004
32723
11224
11230
32753
11423
11424
32951
12017
12030
12100
12113
12119
12180
12190
12247
33063
12662
13055
13107
13109
33314
13325
14239
14250
14275
14294
14316
14326
14670
14691
14719
15047
15054
15055
15063
15841
15958
16091
16429
16431
16671
16768
17386
17523
17762
34461
18023
18024
34468
18252
18503
18504
18505
18506
18507
18508
18509
18511
34618
18762
18783
18965
19163
19164
19236
19375
31484
31485
6001
6345
6346
6453
6458
6483
6505
6605
6606
7313
7428
8114
8115
8217
8356
36
8579
8695
8898
32377
9395
9642
9706
9968
32528
10094
10307
32587
10487
10959
10973
11004
32723
11224
11230
32753
11423
11424
32951
12017
12030
12100
12113
12119
12180
12190
12247
33063
12662
13055
13107
13109
33314
13325
14239
14250
14275
14294
14316
14326
14670
14691
14719
15047
15054
15055
15063
15841
15958
16091
16429
16431
16671
16768
17386
17523
17762
34461
18023
18024
34468
18252
18503
18504
18505
18506
18507
18508
18509
18511
34618
18762
18783
18965
19163
19164
19236
19375
19385
19386
19640
19817
19858
19903
20631
21013
21109
21230
35380
35381
21525
21691
21699
21728
21808
22009
22092
22358
22359
22379
22416
22549
22762
22775
52
23096
35805
23106
23281
23342
23678
23842
35972
36048
24197
24234
24271
24348
24623
24677
36260
24985
25025
25647
25653
25727
25729
26312
26886
26891
26979
27714
