563
600
645
667
739
760
807
815
829
837
846
30411
848
854
855
859
864
908
1014
1055
30432
30433
1063
1061
1064
1067
1070
30435
1089
30446
30451
1109
30452
1112
1125
1142
1144
1145
1146
1147
1154
1160
1161
1163
1165
30469
1172
30470
30472
1189
1190
1193
1250
1251
1255
1256
1277
1311
30516
30517
1443
1466
1470
30561
1509
1514
1519
1546
30572
1574
1588
1620
1626
1633
1666
1673
1691
1737
1738
1746
1747
30613
1769
1878
1902
1924
1939
1950
1955
1957
1961
1963
1986
1988
1994
2030
30702
2046
30712
2074
2078
2089
2090
2096
2126
2133
2157
2210
2227
2232
2233
2234
2235
2282
2283
2285
2287
2290
2291
2292
2293
2295
2296
2298
2300
2301
2303
2304
2306
2309
2311
2313
2315
2316
30768
2342
30791
2473
2475
2480
2481
2531
2698
2699
2711
2759
30897
30903
2841
2848
2865
2894
2935
2977
3035
3143
3145
3151
3168
3170
30998
3174
31000
31001
3188
31008
31009
31010
3201
3202
31011
3214
3215
3218
31012
3223
3226
31013
3227
3228
3231
3243
3244
31015
31016
3250
3257
3258
31021
31022
3469
3478
31061
3511
3669
3670
3671
3672
3673
3675
3676
3686
3687
3688
3689
3690
3691
3729
3741
3776
3791
3796
3809
3823
31125
31126
31127
3904
3945
3946
3953
3964
3971
4012
31158
4018
4026
31161
31162
31171
4051
4052
31174
4054
4060
4063
4116
31195
4155
4171
4203
4208
31226
4219
4222
4236
4249
4273
31245
4317
4352
4367
4402
4414
4423
4432
4449
31266
4558
31277
4682
4683
4712
31298
4720
4732
31300
4758
4771
4903
4912
4932
4941
4948
4953
4983
4996
5068
5069
5111
5118
5142
5235
31379
5330
5397
5420
5437
5440
5474
5476
5479
5538
5581
31469
5678
5680
5691
5699
31482
5739
5829
31530
5869
5954
6023
6057
6059
31577
31578
6276
6289
31651
31657
6370
6389
6397
6403
6433
6451
6474
6485
6505
31723
6672
6677
6678
6698
31787
31789
6808
31849
31853
6910
6922
6934
6942
6992
7013
7014
7015
7250
7251
7253
7276
7291
7383
7406
31995
31996
7616
7619
7621
7648
7704
32041
7781
7837
7851
7900
32088
32089
7959
7961
7962
7963
8036
32104
8151
8160
8180
32132
32133
32134
32135
8236
8237
8238
8306
8338
8343
8376
8377
8383
8388
8501
8509
8528
8567
8621
8631
32235
8707
8726
8802
8803
8813
8896
9100
9163
9212
32364
9262
9379
9393
9414
9421
9450
32404
9477
32405
9513
9552
9555
9557
9559
9562
9563
32422
9564
9565
9595
9603
9620
9627
9634
32440
32450
32452
9758
9798
9897
10028
10042
10058
10068
10084
10088
10100
32564
32565
10132
10143
10146
10152
32571
10177
10180
10185
10198
10199
10209
10228
10240
10253
10285
10302
10311
10317
10319
32590
10350
10365
10384
10407
10428
10430
10437
10447
10452
32603
10460
10462
10464
10469
10470
10475
10486
10491
10506
10508
10541
10544
10563
10590
32618
10599
32619
10610
32638
32639
10689
10699
10701
10802
10818
10822
10837
10841
10844
10851
10853
10857
10862
10866
10871
32682
10878
10882
10898
10904
10919
10956
10977
10978
32703
10989
10990
10991
11008
11021
11022
11025
11029
11037
11079
11080
11084
11103
11110
11143
11155
11156
11157
11162
11166
11169
11175
11183
11186
11187
11200
11201
11203
11215
11216
11220
11226
11232
32731
32732
11244
11245
11250
11263
11264
11268
11277
11278
11279
11280
11329
11330
11331
11348
11358
11381
11388
11393
11400
32756
11429
11454
11459
11462
11463
11480
11494
11497
11633
11842
33015
11914
12008
12012
12013
12140
12142
12143
12144
12145
12147
12148
12149
12187
12208
12209
12210
12275
12283
12315
12325
33096
12464
12598
12602
33142
33155
12817
12818
12821
12896
12915
12983
13030
13053
13067
33281
13120
13156
33294
33295
33296
33297
33298
33300
13176
13229
13280
13286
13287
13288
13289
13323
13327
13477
13481
13488
13578
33400
13596
13600
13871
13874
13979
14018
14049
33488
33492
14077
14078
14079
14080
14081
14082
14083
14084
14085
14086
14087
14088
14089
14090
14091
14092
14093
14095
14096
14097
14098
14099
14100
14101
14102
14103
14104
14105
14106
14107
14108
14109
14110
14111
14114
14115
14116
14117
14118
14119
14120
14121
14122
14123
14124
14125
14126
14127
14128
14129
14131
14132
14172
14201
14259
14332
14334
14345
14378
14406
14407
33540
14408
14424
33542
14564
14565
14568
14569
14584
33592
14613
14621
14664
14694
14756
14757
33637
14814
14940
15026
15175
15176
15209
15210
15216
15219
15221
15229
15336
15435
33800
15472
33813
15517
15558
15588
15597
15599
15603
15618
15687
15706
15732
15775
15801
15802
15803
15804
15872
15908
15909
15988
16003
33923
33924
33925
16004
16005
16006
16007
16044
33949
16102
16116
16122
16138
16145
33963
16215
16317
33995
16340
16358
34023
34026
16442
16447
16528
16592
16623
16641
34096
16751
16766
16819
16835
16839
16841
16946
16952
16973
17023
17068
34222
17364
17368
17373
17403
17409
17475
17485
17491
34306
17573
34325
17595
17625
17667
17753
17805
17809
17820
17841
17854
17926
17927
17929
17932
17948
18058
34487
34488
34489
34491
34492
34493
34494
34495
34496
34497
34498
34499
34502
34503
34504
34505
34506
18157
18176
18188
34522
34523
34524
34525
18226
34531
34546
18313
18314
18355
18410
18426
18448
34590
18465
18487
18496
34611
18531
18532
18535
18548
18585
18652
18742
18743
18752
18773
18797
18798
18799
18826
18829
18849
18880
18881
18903
18912
34719
34726
18970
18969
18972
18973
34730
34731
34732
18974
18975
18978
18979
18980
18981
18982
18984
18986
18987
18988
18990
18991
18992
18993
18994
18996
18997
18999
19001
19002
19003
19005
19006
19007
19008
19009
19010
19011
19012
19013
19014
19015
19017
19019
19020
19021
19022
19023
19024
19026
19027
19028
19030
19031
19032
19033
19035
19036
19037
19038
19039
19040
19041
19042
19043
19044
19046
19047
19049
19051
19052
19053
19054
19057
34735
19067
19104
34804
34805
19282
19326
19327
19329
19335
34839
34843
34844
19369
19440
19448
19463
19466
19554
19556
19560
34895
19590
19594
19623
19626
19632
19635
19717
19719
19720
19747
19748
19763
19785
19798
19803
19831
19845
34955
19871
19873
19879
19891
19926
19943
19950
19972
19974
12531
20122
20129
20137
20139
20170
35036
35041
20204
20209
20210
20211
20246
20304
35066
35071
35072
20367
20370
35076
20430
35078
20464
20498
20500
35116
20566
20567
20570
20661
20703
20704
20707
20709
20779
20785
35180
20817
20862
20893
20913
35222
20969
21022
21033
21053
21096
21122
35284
35285
35293
35295
21282
21287
21299
21300
21338
21403
21442
21448
35368
21524
21553
21554
35467
21793
21794
21815
21825
21826
21833
35496
21848
35520
35521
35522
21938
21939
35527
35528
21940
21950
35531
22042
22044
35557
22099
22146
22156
22159
22179
22528
22529
22534
22551
22562
22583
22603
22711
22794
22795
35742
22796
22797
35744
22798
35756
22867
22949
22997
23020
35806
23101
23150
23151
23175
23278
23334
23346
23347
23348
35859
23360
23374
23479
23480
23706
35956
23733
23752
35960
23826
23835
23899
23900
23901
23919
23920
23970
23980
23991
24035
24046
36024
24080
24085
24212
24222
24223
36098
24306
24307
24308
24433
24434
36166
24435
24436
24437
24438
24439
24440
24441
24442
24443
24445
36167
36168
24448
24449
24484
24495
24523
24568
36215
36218
24597
24607
24626
24627
24628
24629
24640
24650
24689
24692
24695
24738
24739
24740
24759
24760
24763
24778
24806
24808
24823
24825
24847
24887
24888
24889
24890
24891
24906
24907
24908
24909
24910
24911
24912
24913
24914
24915
24916
24917
24918
24926
30322
24943
24945
25026
25064
36338
36339
25113
25117
25175
25178
25179
25181
25185
25187
25204
25291
25292
36401
25308
25309
