601
658
659
30389
668
681
735
794
813
836
839
840
844
30411
847
850
852
853
858
861
865
30437
1153
1192
1398
1419
1421
1446
1465
1468
1515
1554
30577
1589
1594
1596
1610
1640
1761
30621
2266
2268
2294
30798
30910
2865
2872
3141
31003
3683
3741
4084
4315
4316
31252
4317
4953
5069
5117
5621
6292
31636
6911
6912
6913
6914
6915
31869
6916
6917
6918
6919
6920
6921
6922
6924
6925
6926
6927
6929
6930
6931
7834
7835
7836
7837
7838
7839
7840
7841
7842
7843
7844
7845
7941
8186
8388
9163
9478
9553
9997
10427
10482
32650
10828
10870
11173
11747
12203
12255
13176
14022
14332
14694
14749
33714
15067
15872
33923
16004
33925
16005
16022
16292
17368
17429
34294
34295
34387
17861
18193
34550
34726
18957
34727
19202
19614
19629
19722
19896
19895
35026
20251
20252
20498
35251
35283
35284
35285
21475
35375
21973
35562
22073
22099
35685
22602
22603
35719
22956
35822
23355
23645
23752
23754
23756
35960
23759
35961
23760
23761
23762
23763
23764
23765
23766
23767
23768
23770
23771
23848
24216
36167
36168
24515
24639
24642
24645
24862
36338
36339
25200
25247
36382
36383
36384
36385
36386
25248
36387
25862
26215
26261
26311
26314
26445
26637
26638
26670
26720
26837
26851
26943
27052
27053
27197
27198
27282
27283
27285
27319
27612
27742
27778
27804
27805
37125
28671
28771
37205
37218
37298
29071
29072
29095
29133
37383
