68
69
88
89
90
91
100
101
103
102
105
104
121
120
131
130
133
132
145
144
161
163
162
179
117
116
180
196
195
204
203
206
210
318
335
353
364
365
373
605
706
1290
1307
1872
2126
2190
2206
2207
2583
2629
2658
2666
30834
30992
23
3447
3570
24
3893
3995
4545
27
4547
5311
5401
5778
5968
6000
32
33
6245
6408
6413
6727
6780
7349
8062
8074
8634
38
8765
8967
8968
9025
9026
9071
9330
9331
9394
9759
9774
10094
10606
11943
33035
12076
12077
12094
12132
12263
47
12799
13293
13592
13629
13671
13921
13992
14141
14235
33771
15644
16142
16161
16498
16941
17567
17900
34469
18040
18042
18162
18239
19492
20243
20399
20852
21390
21411
35452
21705
21715
22027
22713
22936
53
23809
24133
24145
24180
57
24527
24809
24835
59
25036
25300
63
27394
27510
27512
