30339
668
30389
30402
30423
30474
1278
30515
1505
1895
30675
2200
30749
30785
30786
30787
2377
30880
30881
30884
30885
30886
30887
30888
30889
30890
30892
30891
30893
30894
30895
31037
3360
31041
31114
31148
31165
31175
31187
31226
31239
4724
4725
4726
31404
31466
31486
31606
31607
6261
31651
6613
6614
31756
31767
31878
31879
31880
31897
31899
7084
7085
31905
31906
31928
31956
7368
31980
31981
31982
7662
32020
7663
7664
32025
7665
32026
32027
7667
32028
32029
7668
7669
7671
8305
32277
32299
32300
32301
32302
32303
32304
32425
32426
32474
32625
32628
11258
32759
32760
32767
32769
32772
32776
32777
32778
32779
32780
32781
32783
32785
32786
32787
32788
32789
32790
32791
32792
32793
32794
32796
11569
32803
32812
32813
32814
32816
32817
11610
32830
32835
32837
32840
32841
32842
32843
32844
32845
32846
32847
32850
32851
32853
32855
32857
32859
32860
32861
32863
32864
32865
32867
32871
32872
32874
32875
32876
32877
32878
32879
32880
32881
32887
32889
32893
32894
32897
32898
32899
32900
32901
32902
32903
32904
32905
32906
32907
32908
32910
32911
32912
32913
32914
32915
32917
11739
11748
32931
32932
32934
32938
32939
32941
32942
32944
11767
32964
32965
32966
32968
32970
11810
32971
32976
32979
32982
32983
32985
32994
33006
33007
33097
33098
33099
33100
33101
33109
33111
33112
33116
12508
33122
33131
33132
33133
33134
33148
33191
12741
33220
33221
33223
33260
33309
33337
33345
13606
14215
14327
33530
33635
14778
33655
33656
33753
33803
15667
33975
34034
34035
34215
34220
17389
17437
34297
17582
17750
18019
34461
34491
34496
34497
34498
34504
34505
34529
34552
34553
34575
34585
34586
34589
34637
18785
34696
18920
34785
19306
34850
34981
34984
35180
20855
35232
21013
35309
35330
35331
21301
35463
35467
35535
35536
22329
35638
35679
35686
35690
35691
35692
35694
35693
35695
35696
35779
35836
23330
35846
35916
35952
23938
35997
35998
36000
36016
36018
36019
36056
36062
36068
24314
36370
36382
36383
36384
36385
36386
36395
36414
36415
36416
36417
36418
36419
36435
36436
36469
36470
36474
36475
36511
36512
36517
36518
36520
36529
36530
36537
36541
36557
36558
36559
36567
36568
36570
36779
36780
36792
