1821
1928
1929
1930
30675
2412
2828
30912
30960
3385
3436
3515
3813
3840
4068
4077
31233
4348
31269
4487
5183
6163
6306
6307
6308
6309
31750
6713
6876
6951
6967
7270
7363
7364
7373
7374
7654
7817
32106
8224
8251
9073
9520
9534
9864
10022
10053
10166
10372
11033
11034
11524
32832
11639
11786
11825
11873
11958
11964
11975
12640
12777
12795
12852
12880
33270
13402
13482
14333
14611
14615
14743
14755
14760
33713
33714
15122
15225
33759
15252
15269
15270
15437
15441
16025
16026
16028
16110
33953
16288
16318
16400
16401
16413
34025
16437
34050
16687
16714
16715
16743
17013
17014
17041
17043
17067
17480
17481
34323
34324
17573
17574
17589
17592
17597
17608
34342
17612
17647
17653
17655
34356
34357
34358
34366
17719
17722
34403
17807
34443
17958
17961
17982
34452
34458
18028
18030
18145
18146
18179
18189
18191
34519
18207
34527
18256
18306
18423
18424
18435
18469
18472
18571
34642
18584
18604
18617
18618
18725
18726
18729
18731
34668
18732
34669
34670
18734
34671
18736
18737
34675
18738
34676
18739
18748
18749
34678
18753
34679
18777
18782
18784
18787
18822
34691
18857
18861
18874
18875
18918
34715
18933
34721
34722
18951
19021
19061
19081
19085
19093
19119
34784
19173
19182
19207
34811
19217
34813
34826
34829
19307
19410
19449
34865
34867
19472
34876
19494
19542
34891
34892
19592
19614
19616
34906
34907
19619
19654
34921
34925
34939
19757
19792
19793
19805
34946
19808
19839
19869
19931
19963
20001
20106
20156
35025
20228
35048
20258
20259
20329
