721
1278
1904
30783
2352
2359
2360
2361
2362
30785
30786
30787
2367
2368
2370
2371
2372
2373
2375
2376
2377
2378
2379
2380
2381
2382
2383
3360
31112
31879
6964
7662
32020
32022
32023
7663
32025
7664
7665
32027
32028
7667
32029
7668
7669
7670
7671
7816
8305
32299
32300
32301
32302
32303
32304
32425
32426
11548
11610
11621
11623
32880
11739
11830
11832
32976
12195
12568
33131
12570
33132
12571
33133
33134
33191
12741
13606
33412
14270
14950
14951
14952
33655
14953
33656
33753
15207
15667
15691
17750
34461
18023
18024
34585
34586
18785
20799
20801
20802
20856
21013
35679
35686
22539
35689
22540
22541
35691
22542
22543
22544
35694
35693
22545
22546
35695
22547
35696
22548
23330
35998
23941
35999
23942
23943
36000
36016
36470
25626
36471
25627
25629
25630
25631
36472
36473
36474
25632
25633
25836
27181
