30334
30333
296
570
1078
30543
30580
30581
1685
1731
30663
2006
30701
2033
2035
2036
2037
2255
2281
2289
2302
2305
30760
2307
30762
2310
2317
2320
30763
2322
2323
2727
2769
2890
3061
3373
3738
3739
4040
31167
4064
4075
31194
4850
4853
4904
31378
5290
5339
31391
31392
31393
5406
5444
5447
5476
5486
5487
5489
31438
5539
31454
5583
5584
31493
31492
31495
31499
5892
5962
31557
31559
6174
6350
31753
6612
31774
6695
31780
31788
6909
6952
6953
6954
6955
6974
7314
31967
7412
32010
7628
7
7629
7631
7632
7633
7637
7638
7639
7641
7642
7646
32013
32014
7650
7652
32016
32017
32018
32019
7657
7681
7690
7691
7692
7693
7694
7695
7696
7697
7699
7700
7701
7702
32030
7710
7711
7712
7713
32035
7716
7723
7724
7725
7727
7728
7729
7730
7733
32039
7736
7737
32040
7739
7740
7741
7756
7757
7942
7943
8084
8165
32120
8566
32256
32275
32276
32286
32317
32415
32416
32456
32463
9935
10722
32767
11508
11509
11515
11516
11520
11522
11542
11549
11562
32797
11568
11583
11590
11591
11619
11778
11779
32961
11780
11789
11796
11828
32984
11851
11852
11874
11898
11899
33010
12205
12468
12474
12593
12603
12604
12605
12606
12607
12608
12609
12610
12711
12818
12843
13013
13044
13124
13156
13162
13273
13281
13287
13327
13580
13599
13773
13774
13775
13776
13777
13778
13779
13780
13781
13782
13783
13784
13785
13786
13787
13788
13789
13790
13791
13792
13793
13794
13795
13796
13797
13798
13799
13800
13801
