66
67
233
30330
30337
273
274
275
30338
30339
276
277
30340
278
279
30341
30342
280
281
282
283
284
285
286
287
288
290
291
292
30343
293
294
295
296
309
312
313
314
14
570
645
647
668
30389
708
721
723
30402
790
799
30406
826
831
30410
834
16
1027
30422
30423
1032
1078
1086
1131
1173
1174
1175
1187
30474
30476
1198
17
18
1262
1263
1264
1277
1278
30515
1326
30540
1407
1411
1414
1476
1505
1516
1559
30578
30579
1685
1688
1721
1731
1733
1761
30625
1821
1822
30656
1895
1896
1897
1902
1904
1905
1907
1908
1909
30658
30659
30660
30661
30662
1918
1919
30663
30665
1920
30666
30667
30668
1925
1928
1929
1930
30675
2006
2033
2034
2084
2090
2092
2105
2107
2108
2109
2111
2118
2211
2212
2231
2256
30749
30750
30751
30752
2281
2289
2302
2305
2317
2318
2320
30763
2322
2323
2327
2340
30782
30783
2352
30784
2359
2360
2361
2362
2363
2364
2365
2366
30785
30786
30787
2367
2368
2370
2371
2372
30788
2373
2375
2376
2377
2378
2379
2380
2381
2382
2383
2412
2482
2498
2513
2703
2753
2754
2769
2782
2797
2799
30879
30880
30881
30882
30883
30884
30885
30886
30887
30888
30889
30890
30891
30892
30893
30894
30895
2812
2821
2828
2836
30910
2849
2854
30913
2887
2934
2937
2944
30939
2959
2960
2961
2988
2989
2993
3030
3032
3036
3037
3053
3059
3061
30978
3142
3265
3284
3307
3308
3315
3334
31037
31038
3360
3367
31041
3373
3382
3383
3384
31044
3385
3436
3486
3506
3654
3669
3670
3671
3672
3673
3674
3675
3676
31089
3688
3735
3736
3737
3738
3743
3770
3802
3803
31111
31112
3821
31114
3827
3840
3874
3896
3954
3981
31147
31148
31149
3982
31150
31151
3983
3985
3990
4035
31161
31162
4037
4038
31165
4044
4045
4046
31167
4047
31170
31171
31172
4051
4052
31174
31176
31177
4053
4054
4055
4056
4057
4058
31179
31180
4059
4060
4061
4062
4063
4064
4065
4071
31187
4075
4077
31189
4119
4132
4135
4136
4137
31201
31202
31203
4143
4148
4151
4152
4153
4154
4155
4157
31205
31206
4160
31207
31208
31209
31210
4161
31211
31212
4162
31213
4163
31214
4202
4215
31225
31226
4216
4217
4218
4219
4220
31229
4223
31230
4228
4229
4230
31232
4231
4232
4233
4234
4236
31233
4241
4252
31236
4260
4261
31239
4320
4345
31260
4346
4348
4479
4480
4509
4510
4592
4614
31279
4618
4627
4655
4724
4725
4726
4738
4850
4851
4869
4903
4904
31323
4925
5185
31342
5186
5187
5188
31343
5193
5194
31349
5247
31378
31381
5290
5295
5312
5325
5326
31389
5328
5339
31404
5385
31405
5415
5416
31414
31415
5417
5418
5419
5431
5435
5445
5474
31423
5475
5476
5482
31428
5485
5486
5489
5493
5495
5508
5532
5538
5539
31439
5540
5541
5542
5543
31440
31442
31443
5544
31444
5546
5548
5549
5550
5551
5552
5553
5554
31446
31447
5579
5583
5585
5586
31455
5593
5621
31466
31472
5639
5640
31486
5728
5732
5736
31488
31490
5750
5753
5754
5755
5757
5759
5766
31508
5767
5768
5866
5883
5892
5893
5901
5951
5952
5953
5961
5962
31557
31564
6126
6133
31606
31607
6134
6135
31608
6136
6174
31616
6187
6201
6232
6243
6261
6276
6306
6307
6308
6309
31646
31651
6326
6350
31655
6450
6525
6535
6537
6538
6540
6594
31750
6610
31752
31753
6612
6613
6614
6615
6616
6617
31754
31755
31756
31757
31758
6618
6619
6620
6621
6622
6623
31759
6624
6625
6626
6628
6629
6631
6632
6636
6637
31767
6638
6640
6661
31774
6673
6674
6675
6692
6693
6694
6695
6696
6697
31777
6710
6711
6718
6719
31787
6873
6875
6907
6909
6934
6935
6936
6937
31872
31874
6942
6950
6951
6952
6953
6954
6955
6956
6958
6959
31878
6960
31879
6961
6962
6963
6964
6965
6968
6969
31880
6983
31887
31888
7004
7059
7065
7066
7067
31897
31898
7068
7069
7070
7071
7072
7073
7074
7075
7076
7077
7078
7079
7080
7081
7082
7083
31900
7084
31901
7085
7086
7087
7088
7089
7090
7091
7092
7093
7094
7095
7096
7097
31902
7098
7099
7100
7101
7102
7103
7104
7105
7106
7107
7108
7109
7110
7111
7112
7113
7114
7115
7116
31903
31904
31905
7117
7118
7119
7120
7121
7122
7123
7124
7125
7126
7127
7128
7129
31906
7130
7131
7132
31907
7133
7200
31928
31929
31931
31934
7210
31935
7217
7218
31938
7219
7220
7221
31939
7222
31940
31941
31942
7223
