69
1006
1055
19
1274
1281
1311
1335
1753
1754
1755
1756
1757
1758
1759
1763
1764
1765
1768
1769
1770
1771
1772
1773
1775
1776
1777
1778
1779
1780
1781
1783
1784
1785
1786
1787
1788
1789
1790
1791
1792
1793
1794
1795
1796
1797
1798
1799
1800
1801
1802
1803
1804
1805
1806
1807
1808
1814
1818
1825
1826
1829
1830
1831
1832
30781
2497
2512
2511
2590
2644
2762
2805
2958
2977
3062
3103
3105
3106
3108
3510
3778
3779
3780
3871
3875
3909
3917
3918
3925
6
4198
4199
4200
4201
31230
4262
4265
4276
4277
31242
31243
4281
4284
4285
31245
31279
31323
5294
5340
31395
31396
5352
5357
5365
5368
31473
5672
5673
5674
5675
5678
5680
5681
5682
5683
31474
5686
5687
5688
5689
5690
5691
5692
5693
5694
5695
5696
5697
5698
5699
5700
5701
5702
5703
5704
5705
5706
31478
5827
5828
6289
6382
6385
6451
6692
6812
6814
6815
6816
6817
6839
31852
6840
6842
6843
6844
6845
6846
6847
6848
6849
6850
6851
6852
6853
6854
6855
6856
6857
6858
6859
6860
6861
6978
7384
7386
7392
7393
7394
7397
7398
7400
7401
7812
7854
7855
7886
7900
7901
7903
7908
7914
7915
7916
7923
7924
7925
7926
7927
7928
7929
7930
7931
7968
8069
8403
32199
8707
8708
8737
8739
8740
8742
8750
8769
8774
8863
8864
9004
9005
9006
9007
9009
9011
9013
32331
9242
9246
9248
9417
9481
9482
9503
32410
9527
9551
9635
32464
32465
32466
32467
32468
10089
10106
10108
10125
10131
10132
10133
10135
10148
10149
10151
10207
10215
10216
10219
10221
10232
10237
10238
10239
10255
10272
10273
10282
10285
10287
10289
10294
10295
10300
10302
10308
10310
10313
10314
10321
10322
10323
10325
10328
10329
32590
10333
10339
10340
10343
10347
10348
10360
10386
10387
10390
10393
10397
10398
10409
10410
10411
10412
10454
10470
10499
10663
10685
10792
10813
10860
10868
10869
10874
10892
10991
10993
10997
11010
11012
11015
32704
11017
11021
11042
11044
11049
11054
11072
11074
11078
11088
11108
11128
11144
11145
11163
11177
11179
11182
11183
11191
11196
11199
11202
11203
11205
11222
11249
11251
11252
11256
11260
11261
11262
11265
11266
11268
11275
11276
11283
11292
11293
11306
11322
11326
11327
11332
11333
32744
11336
11337
32748
11338
11339
11340
11345
11349
11353
11355
11359
11360
11363
11364
11366
11367
11388
11397
11398
11399
11412
11429
11430
11440
11457
11490
11513
32770
32933
11916
12008
12009
12010
12011
12128
12204
12215
12464
12510
12799
12906
33261
33262
13488
13552
13553
13554
13556
13557
13558
13559
13560
13561
13563
13565
13579
13602
13613
13932
13933
13934
13941
14018
14346
14417
14423
14424
14577
33590
14728
33654
14954
14956
15052
15095
15119
15181
15216
15273
15345
15351
15526
15527
15528
15529
15530
15532
15535
15539
15540
15541
15542
15649
15652
15653
15654
15684
15848
16194
16195
33975
16269
16282
16314
16354
16355
16356
16360
16362
16387
16450
16476
16481
16677
16678
16717
16800
16946
17006
17011
34200
17081
17395
17399
34300
17559
34316
17604
17757
17848
34422
34423
34424
17854
17953
18083
18355
18461
18462
18484
18568
18589
18669
18695
18696
19302
19303
19304
19305
19309
19310
19326
19327
19331
34850
19427
19428
19429
19491
19502
19605
19876
19879
19913
20102
20125
20129
20210
20214
20219
20250
20475
20490
20524
20540
20579
20580
20581
20582
20583
20584
20586
20595
20669
20699
20713
20716
20718
20721
20722
20723
20724
20725
20809
35179
35180
20838
35185
35186
35202
20931
20932
35208
35210
35222
20951
35226
20960
35241
21061
35278
35279
21147
21165
21470
21477
21512
21563
21587
35424
21631
21632
21633
21634
21635
21638
35427
21639
21640
35428
21641
21642
21644
21645
21646
35429
35430
21648
35493
22014
22048
22052
22055
22058
22061
22336
22511
22738
22739
22742
22787
22811
22812
22890
22891
22892
22894
22898
23004
23332
23427
23428
23438
23800
23801
23802
23804
23805
23817
23818
23819
23820
23821
23822
23826
23828
23829
23830
23831
23832
23833
23834
23835
23836
23837
24042
24044
24251
24252
24254
24255
24256
24257
24258
24259
24260
24261
24262
24263
24264
24265
24266
24267
24268
24269
24270
24271
24272
24273
24274
24275
24276
24277
24278
24279
24280
24281
24282
24283
24285
24286
24287
24288
24289
24290
24291
24292
24293
24294
24295
24296
24299
24300
24865
25054
25191
36405
25328
25383
36436
25437
25438
25439
25440
25493
25500
25561
36519
36530
36536
36577
25889
25890
25892
25959
25960
25978
25982
25985
25986
26024
26043
26044
26049
26053
26068
26078
26089
26090
26091
26105
26140
26156
26200
26208
26209
26222
26230
26231
26232
26234
26237
26238
26239
26245
26246
26248
26249
26250
26257
26258
26276
26279
26280
26282
26283
26296
26322
26324
26358
26374
26375
26428
26433
26437
26456
26465
26490
26491
26505
26509
26533
26536
26537
26538
26539
26540
26543
26556
26557
26558
26562
26569
26573
26574
26585
26586
26591
26593
26599
26600
26601
26613
26621
26624
26625
26626
26628
26633
26650
26651
26691
26696
26697
26706
26718
26719
26737
26738
26739
26751
26793
26803
26806
26836
26838
26842
26853
26855
26863
26865
26872
26881
26892
26901
26904
26936
26945
26946
26947
26952
26967
26968
26969
26970
26971
26987
26988
27001
27002
27005
27006
27008
27014
27015
27016
27026
27027
27028
30324
27029
27030
27031
27032
27039
27055
27056
27057
27097
27109
27110
27111
27123
27126
27127
27130
27132
27347
27352
27353
27360
36774
27612
27615
27616
27617
27618
27619
27626
27868
27869
27870
27872
27873
27874
27875
28480
28553
28557
28561
28576
28582
28583
28584
28585
37148
28619
28629
28630
37155
37156
28634
28640
28655
37167
37175
37176
28669
28672
28680
37187
28709
37193
28716
28720
37201
28738
28743
28753
28754
28758
37211
28793
28798
28814
37225
37226
37227
28833
28835
28849
28857
28860
37238
37240
37241
37242
28881
37244
37247
37248
28898
28899
37250
37251
37252
37256
37270
37271
28917
37278
28920
28936
28939
37291
37294
37296
28949
37302
37310
37311
37315
37316
37317
29001
29005
29010
29012
37327
37329
29026
37348
29068
37355
29080
29085
37363
29094
29096
29098
37373
29119
37390
37391
29149
29155
29162
37392
37393
37395
37396
37397
29181
29183
29184
29191
37401
37402
37404
29196
29206
29209
29210
29211
29216
29218
29222
37410
29252
29254
37414
29269
29294
37420
37423
37425
37427
37428
37429
37433
29334
37436
37439
29354
37440
29362
29367
37441
29380
29393
29401
37448
29414
29415
29419
29422
29433
37456
37459
37464
29458
37465
37467
29468
29482
37480
29486
37487
37490
37491
29499
29503
37494
37495
29513
29520
29527
29528
29532
29536
29546
29569
29571
37500
37501
29577
29579
29580
29584
37504
37506
37508
29596
37521
29623
29630
37539
29637
29644
29656
37550
29692
29698
37573
37575
29733
29738
29745
37582
29765
37593
29779
29790
37595
37596
29796
37598
29798
37601
37610
29842
37617
29846
29849
29860
29867
37623
29870
37624
37625
37628
29881
37632
29886
29891
29897
29901
29905
29907
29912
37644
29913
37648
29918
37650
29938
29939
37660
29957
37665
37667
29974
37673
37674
29991
37689
30027
30032
37700
37701
30051
30060
30064
37707
37710
30074
30076
37711
30088
37718
30119
30122
37720
30142
37723
37724
30159
37740
30179
37742
30190
30191
30192
37743
30194
37744
30204
30207
30209
37752
37753
30213
37764
37765
30229
37769
37770
30241
37774
30250
37779
37781
37783
37784
30270
37787
37790
30289
30290
