28120
63551
43344
63606
63625
43361
63622
43387
43410
28179
63797
28183
63814
63903
28227
28247
63974
43548
63985
43555
43557
43563
28255
64095
43611
43617
28303
43621
43626
28318
28325
43675
64247
64244
43681
43708
64267
64281
28348
28363
43714
28362
43717
28379
28404
43764
64433
43769
28430
43775
43781
64463
43795
64509
64488
43802
28476
43804
28713
43818
43823
28507
64558
28529
43837
64597
28534
43860
64652
43866
43870
28581
43881
43893
64750
43914
43917
43927
43929
28726
43937
43977
43991
64882
28789
64887
44030
44033
28819
44032
64993
28818
44082
65101
28842
44092
44118
44120
28861
65122
44152
44141
65257
44168
44204
65246
65334
44201
65319
44221
28966
65305
64291
65379
44256
44269
64383
65410
44286
65488
65450
65515
44310
44322
65538
44345
29055
44344
29048
65648
44364
44394
65674
65673
65668
29109
44456
29106
44495
29129
44458
29132
29141
44521
44526
29158
65879
44549
65873
65885
44612
44635
65921
65938
65931
29201
44621
44593
29215
44603
66029
66041
66023
66022
66096
66278
29262
64758
44691
66159
66170
44728
64829
29303
44714
29306
29307
66236
16100
29335
29333
44792
44790
66513
44788
66389
44868
44847
44840
66451
44824
29406
44806
44949
29460
44986
29436
29478
66562
29477
29480
66600
44945
66796
44914
29515
44937
29513
29542
44985
66685
29581
29566
66841
45010
45011
45033
66839
66858
29626
66834
67049
66859
65149
45084
66871
45108
66850
45100
45120
29666
45154
45182
66950
66959
45218
67005
45222
45241
45199
45199
67231
29715
67128
45243
29736
45247
45203
45220
45245
67139
45297
29765
67204
29797
67234
67275
67282
67284
67236
67317
67330
45279
45298
29840
45371
45323
45333
67416
67386
67338
45341
67381
29863
45409
45437
67488
45484
45421
67607
29955
45480
30022
45473
29932
45467
45447
45470
30055
67620
67650
45524
45543
30267
67717
30126
30043
45544
30116
67869
