30655
30665
1920
30666
2090
30750
30751
30752
3334
3337
3669
3670
3671
3672
3673
3674
3675
3676
31089
31103
31111
3821
31160
4137
31225
4220
31227
31228
31229
4229
4230
4231
4232
4233
4234
4236
4510
4592
31381
31407
5399
31409
5474
31423
5485
5538
5555
31490
5759
5893
31564
6136
6232
31646
31655
6450
6540
6611
31751
6671
31855
31854
31856
6956
6965
7050
31930
31931
7279
7280
7281
7282
7283
7284
7324
7336
32015
7651
32033
7706
32034
7755
8164
8444
8575
8576
9132
9493
9547
9548
32431
9665
9684
9685
9686
10158
11566
11585
11733
11751
11819
11875
11877
12197
12198
12199
12200
33053
12329
12475
12721
12817
12842
13234
33323
13304
33360
13492
33370
33416
14277
14279
14280
33522
14597
14598
14599
14613
33593
14973
15011
15143
33757
15406
15412
15460
33806
33814
33834
33835
15775
15816
15817
15818
15819
15820
15821
15822
16115
16317
16395
34022
34028
16417
34036
16438
16510
16676
34098
16713
34114
34123
34129
34211
34212
17061
17365
34274
17366
17373
17403
17420
17430
34320
34333
34339
17593
17594
17595
17611
17615
34344
17632
17633
34347
34374
34405
34427
17859
17861
17883
17916
17955
17960
17990
18026
34481
18198
18233
18244
18475
34613
18583
18714
18776
34690
34698
18909
18952
34728
18988
19177
34799
19257
19268
19448
19450
19745
34940
34945
19801
19820
34953
34960
34966
19997
20040
20226
20244
35049
20332
20343
20483
20534
20535
20803
35183
35184
20892
35204
20954
20955
20959
20961
35229
35230
20962
35244
20998
21183
