783
30401
30424
30519
1469
1772
1773
1775
1776
1777
1778
1779
1780
1781
1782
1783
1784
1785
1786
1787
1789
1790
1791
1792
1793
1794
1796
1797
1798
1799
1801
1802
1803
1804
1805
1806
1807
1814
1819
1827
30656
30657
1901
1905
2038
2075
30740
2267
2281
2312
2486
2491
2666
30841
2797
2799
2884
3064
3097
3148
3188
3190
3191
3194
3200
3203
3204
3207
3208
3209
3210
3212
3213
31011
3214
3215
3216
3219
3220
3221
3222
3224
3229
3231
3232
3233
3234
3236
3237
3238
3241
3242
3247
3249
3303
31046
31047
31048
31049
31050
31051
31052
31053
3767
3888
3928
31161
31162
4051
4052
31174
4055
31180
4061
4063
4135
4153
31225
4216
4217
4249
4285
4286
31247
4299
4367
4372
4419
4438
4756
4758
4894
4949
5442
5489
5547
31456
31457
5616
5673
5681
5686
5687
5688
5690
5692
5700
5701
5702
5706
5881
6013
6100
6276
31651
6472
6535
6617
31754
31755
31756
31757
31758
6696
31777
6727
6969
31934
31935
7269
7285
7321
7372
32013
32019
32097
32101
8165
8211
32144
8348
8497
8498
8761
9257
9258
9259
9268
9375
9415
9477
9478
9500
32443
32531
10230
10291
10367
10369
10377
10396
32669
10888
10963
11001
11009
11169
11214
11330
11332
11333
32744
32814
32961
33006
11913
12182
12206
12207
12272
12368
12606
12622
12650
13052
13123
13224
33325
13353
13653
13877
13938
13975
13976
13977
13978
13979
13980
13981
13982
13988
33485
14052
14132
14133
14134
14160
14333
33529
14362
