30326
69
92
93
110
111
113
112
135
136
197
198
231
245
272
13103
335
355
364
365
401
416
418
790
910
1003
1010
30421
1028
1040
1066
1077
1132
30534
1655
1675
30606
1835
1845
1872
1906
1921
30683
30684
2062
2103
30736
2184
2330
30772
2452
2476
30829
2719
2723
30875
2811
2812
2841
30912
2862
2902
30933
30943
30945
3023
3053
3063
30976
3075
30977
30993
3156
3288
3298
3307
3308
3324
31030
3364
3412
3424
3427
24
3659
3703
3717
3732
3744
3748
3771
3772
3855
26
3917
3964
31153
31154
31155
31159
4023
4024
4031
4048
4086
31195
4137
4244
4259
27
4644
4669
31286
4675
31293
4740
5201
5248
31367
31369
5251
30
5298
5404
5406
31418
31436
5560
5568
5589
5644
5645
5743
5751
5789
5797
5798
31522
5811
5821
5844
5849
5860
5862
5873
5896
31548
5908
5909
5911
5913
5916
5924
5926
5927
5930
6092
6098
6139
6142
6149
6157
6180
6200
6236
6244
6254
6262
31629
6269
6303
31644
6305
6359
6402
31664
6408
6444
6449
6509
31723
31729
6558
6565
31733
31734
31735
31736
31737
31738
31739
31740
31741
31742
31743
31744
31745
6641
6642
6661
6663
6664
6667
6668
31774
6675
6683
6714
6717
6735
6798
6807
31840
6811
6885
6990
31882
31883
7021
7055
31933
31964
7309
7340
31973
7358
7420
7424
7425
7437
7440
7814
7828
8063
8064
32106
8089
8202
8204
8220
8335
8553
8594
8631
8635
8664
39
8717
8855
8878
