68
69
91
90
100
101
110
111
132
133
135
116
180
117
179
196
195
245
272
13103
314
335
355
421
425
463
30310
635
30399
790
910
1012
30430
30439
1077
1101
1120
1136
1140
1141
1162
1350
1675
30598
1856
2011
2111
30724
2139
2148
2184
2277
30759
30790
30800
2723
2808
2856
2857
2902
2905
2911
30924
30944
3017
3024
3067
3156
3292
3296
3298
31025
3307
3320
3511
24
3703
3732
3743
3744
3794
3855
3860
3892
31133
26
31155
4023
4024
4086
4118
4259
4545
27
4547
4645
4697
4918
5201
5230
31381
5307
5308
5406
31413
5433
5499
5589
31501
31503
5765
5788
5795
5797
5798
5803
5804
5810
5811
5822
5821
5823
5896
31548
5910
5911
5913
5915
5916
5922
5923
5924
5927
5928
5930
5932
6029
6092
31586
31613
6176
6179
6180
6217
6254
6303
31644
31648
6359
6408
6491
6543
31728
31770
6663
6683
6714
6717
31832
31835
7236
7238
7281
7289
31959
31972
31976
7419
32001
7437
7440
7593
7594
7595
7612
7806
7938
7955
7967
8046
32108
8212
8218
8254
32140
32141
8255
8370
8374
8381
8553
8595
8596
8597
8598
8599
8600
8601
8703
8736
8885
8886
8986
9201
40
9202
32351
9207
9208
32382
9312
9326
9383
9385
9386
9387
9388
9423
9518
9683
9695
9703
9725
9903
10144
10506
10539
10552
10643
10644
10659
10763
10958
32713
11122
32925
32950
33014
11967
12021
12037
12073
12074
12075
12083
12127
12128
12139
33040
12236
