63529
63538
63551
43338
63555
28128
43344
63576
63606
28135
63625
43361
63622
43376
63655
43387
63662
43395
43397
63676
43400
63691
43410
63708
63728
63735
43453
28179
63782
63797
28183
63814
43475
28208
43486
63850
63871
43496
63885
43503
43510
63903
28227
63954
43531
43536
28247
63974
43548
63985
63988
43553
43557
43555
43559
43563
64009
28264
43575
43578
64095
43605
43609
43611
64113
43616
43617
43621
64150
43626
43640
43639
28302
64186
28321
28318
28325
43675
64256
64247
64244
28329
43681
43708
64267
64281
43707
28363
43714
43717
28379
43746
43749
43748
43764
64433
28430
64422
64420
43775
43779
43781
64463
64474
43795
28461
64509
64488
64492
43802
28480
28713
28489
43823
28507
28488
43826
64558
64571
64577
28529
28524
43837
28534
64637
43848
43860
43867
64652
28582
43870
64670
28581
43878
43887
64678
43881
43893
64714
64742
43389
43923
64778
43927
43917
43930
64794
43929
28726
43942
43944
43937
64846
43954
64856
43977
64913
43987
43991
64874
64887
64947
43999
64944
64959
64937
64996
44033
44032
28811
64993
28818
65035
44082
65101
44092
28849
44108
44120
44125
65136
28861
65122
65176
44147
28878
44141
65257
65201
65226
28915
44168
28917
44204
28926
65246
44190
65334
65301
65255
44201
65288
65319
65303
44221
28966
44220
65305
65310
64291
65325
65320
28954
65379
44256
44268
65364
44269
28976
64383
65410
44286
65488
44282
65450
65449
65465
65481
65478
65515
28999
44310
44322
65538
65536
44345
29055
44344
29048
29050
29050
65571
44360
44364
44394
65610
65601
44389
65674
44384
29058
44409
65673
65668
65672
44474
29109
44456
44465
29129
44458
29132
44491
29141
44501
29124
65878
44521
44503
65847
44504
44526
65879
65839
44549
29146
65873
65885
44612
44635
44556
44558
65921
65938
65931
29201
44590
44593
29215
44588
44603
29213
65996
29235
65980
44629
29228
66029
66041
66035
