1088
1617
3146
30991
3155
30999
3171
31008
3196
31009
3198
3217
3218
31012
3245
3246
3303
31167
4049
31174
4204
4286
4698
31384
5354
5363
5373
5374
5381
5382
31402
5552
5594
5650
5778
31639
6295
6413
6735
32080
32120
8223
32125
9163
9996
10110
32703
13156
13158
13163
33294
33297
33298
33370
13669
13839
14029
33492
14568
14569
14582
14938
16049
33964
16211
34023
34026
16446
17468
17948
17985
18313
18436
18516
34649
18930
19333
19369
19547
20250
35122
20579
20580
20581
20582
20583
20584
20586
35124
35123
35125
35127
35128
35130
35129
20595
20669
35149
20699
35154
35153
20716
35155
35159
35158
20723
20722
35160
35161
20725
21026
21090
21860
22738
22739
22742
22807
22809
22810
22890
22892
22894
22936
22957
23183
23333
23337
23403
23404
23405
23817
23819
23820
36091
24387
24927
25346
25638
25826
26162
26859
27296
27380
27457
28566
28588
28606
28612
37147
28622
37150
28623
28634
37159
37178
28665
28747
28767
28775
28779
28791
28804
28807
37222
37223
28835
28879
28886
28890
37261
37262
37266
37267
28938
37290
28950
37304
28977
37323
29007
37333
37341
29044
29073
29083
37359
29096
29103
29104
37368
37372
37382
29153
37394
29170
29178
29186
29187
37399
29192
37403
29207
29208
29226
29298
37421
29303
29322
37437
29361
29377
29401
29405
29408
29426
29430
29474
37471
37477
29488
29493
37496
29543
29544
29549
29561
29605
37532
29636
29655
29678
29679
37552
37556
29710
37571
29730
29735
37581
37582
37585
29774
29777
29783
29859
29863
29874
29892
29895
29909
29915
37658
29946
29965
37670
30004
37683
30014
30029
30055
30059
30065
30068
30101
30110
30141
30149
30154
37735
37741
30197
37747
30214
30239
30248
30293
