1088
3804
10028
13168
16586
34077
16638
24034
25925
28555
28593
37151
37177
28668
28694
37192
28767
28772
37215
28796
28807
37221
28828
28871
28878
37254
28905
28907
37261
28910
28922
28934
37290
28940
28945
28946
28947
28965
29017
29020
37346
29079
37367
37366
29105
29121
29129
29131
29176
29212
29237
29251
29298
29299
29305
29324
29336
29352
29374
29375
29376
29382
29385
29394
29427
37466
29479
29524
29566
29575
29601
37526
29603
29605
29615
37529
29633
37540
29650
29659
29690
29704
37559
37565
29749
37584
29778
29834
29851
29863
29873
29879
37638
29903
29918
29928
37654
29942
29989
37676
30004
30034
30039
30044
37701
30061
30077
37716
30113
30116
30129
30149
37727
37729
37732
30199
37760
30217
30218
30219
37772
30241
30254
30257
30273
30275
30276
37791
30298
