3413
4359
4361
4360
4546
4914
5233
5421
31416
5437
5536
5537
5606
5613
5672
5673
5674
5675
5678
5679
5680
5681
31474
5683
5682
5684
5685
5686
5687
5688
5689
5690
5691
5692
5693
5694
5695
5696
31476
5697
5698
5699
5700
5701
5702
5703
5704
5705
5706
31478
31479
31480
5788
6464
7058
31894
31895
31896
7211
7215
7255
7955
7991
7992
7993
7994
8811
8847
8965
9014
9015
9017
9019
9020
9022
9023
9024
9029
9030
9048
9098
9509
9510
10618
10623
10650
10654
10655
32634
13134
13146
14048
33507
14242
14693
15353
15354
15355
15603
33899
16038
16040
16216
16222
16227
16340
16478
34105
16772
34132
34133
16773
16845
16846
16847
16849
16850
16957
17392
17393
34280
34281
17507
17550
17675
17691
17734
17751
17752
17793
17819
18087
18177
18203
18356
18426
18563
18589
18707
34666
34667
19103
19503
19597
19603
19845
19873
19904
20111
20129
20173
20328
20527
35195
35278
35279
35293
21202
21267
21843
22443
22449
22457
22461
22508
22520
23283
23284
35871
23734
24307
24844
24909
25387
26174
27494
