2061
2065
30715
2119
2351
2388
30791
2411
2765
2766
3007
30959
3009
3066
3260
3372
3481
3891
4890
5334
5335
5571
5572
5573
5777
5882
5963
6020
31625
6512
6634
6681
31991
7408
7409
31992
7410
31993
7411
7827
8189
8211
8319
32171
32172
8492
8686
8687
8691
8733
8783
8784
8785
8786
9368
32393
9455
9499
9639
9699
32502
10124
10250
32594
32609
10536
32610
10547
10601
12358
12359
12360
12374
12402
12737
12910
13220
13538
33381
13586
33401
13593
13808
13811
33444
33445
13812
13813
33446
33447
13814
33511
15102
15124
15170
15474
33852
15663
33853
15670
15673
33859
16798
17487
17568
17826
18245
18357
34581
18467
34603
34604
34606
34607
34610
34611
34612
18612
18622
18623
18652
34729
19003
19014
34738
19286
34828
19294
19752
19753
19764
20115
20190
20242
20658
20671
20726
21107
21686
21687
21688
21802
35532
21975
22180
22698
22699
22700
35713
22701
22702
22703
22704
22705
22706
35714
35765
35766
35767
22977
35815
23127
23298
23312
23313
23661
23745
23988
24043
24044
24045
24046
36024
24047
24048
24242
24463
24479
25087
25088
25141
25487
25491
25637
26383
36739
27374
