1152
1180
1201
1340
1901
30887
30888
30889
30891
30894
30895
30992
3559
4133
4185
4344
4397
4398
4409
4410
4441
4443
4626
4786
4805
4825
4856
4862
4886
4888
5025
5042
5077
5079
5087
5088
5102
5124
5860
5865
5875
6135
6204
6433
6738
31897
7076
31905
8989
9054
9060
9086
9151
9441
10065
10145
10986
11003
11346
11418
11433
11435
12155
12900
13279
33470
13964
13965
14447
15166
15840
33893
16259
17951
17952
18081
18587
18753
19777
20842
21109
21668
21691
21831
22785
35855
24217
24234
24772
25119
25300
36414
36415
36416
36417
36418
25702
25718
25989
26353
26460
26524
26566
26620
26743
26755
26861
26882
26890
26895
27040
27076
27080
27144
27192
27456
