30703
2070
30860
30861
2851
2872
3350
31034
3721
31222
4481
31270
4486
31960
8922
8924
8961
8962
8966
8989
9058
33167
33168
33169
33170
33171
33172
33173
33174
33175
33176
33177
33178
33179
33207
12831
12832
33255
13017
13019
13020
13021
13022
13023
13024
13025
13026
13027
13028
13029
13034
13037
13040
13224
33374
33373
33383
33384
33385
33386
33387
33388
33389
33390
33391
33392
33393
33394
33395
33396
33397
33398
14028
14794
33711
15931
33964
16662
17452
34719
34736
19064
34789
19224
35061
20749
35568
22094
35569
23469
23470
36402
36737
37065
37094
37101
