68
69
357
365
30449
1895
1896
1897
2200
2277
31133
26
4236
4724
4725
4726
5593
6950
31899
7096
7132
31972
7419
8048
8483
9056
9057
41
9969
11046
11601
32820
11704
32952
11820
11821
11836
32986
33011
11982
11989
11988
11992
33083
33087
12354
33114
33188
12839
12838
33220
33221
12840
33260
33306
13364
13683
13759
14483
14503
14666
14772
15620
33841
16454
16755
16799
34145
17067
17574
34330
34428
34481
19208
34811
19449
34957
19944
20251
20252
20796
20889
20978
35258
21091
21125
21302
35450
22018
22130
22744
23717
24023
36182
36188
25034
36348
36368
36444
25479
25599
36733
27119
27306
27305
27417
