30326
30347
306
310
311
315
30348
30408
30425
30426
30477
1215
30524
30537
30777
30778
30941
31021
31022
31040
31133
31242
31243
31288
31301
5270
5271
31406
31430
5634
31566
31619
31709
31790
31791
31792
31793
31794
31795
31796
31798
31799
31800
31801
31802
31803
31804
31805
31806
31807
31808
31810
31811
31812
31813
31814
31820
31824
31828
31836
31838
31839
31867
31949
31950
31951
31952
31972
32061
32085
8194
32209
32232
32234
32238
32251
9148
32355
32356
9562
32422
10088
32588
32591
32611
10848
32704
32720
32725
32730
32749
32756
32757
11563
33057
33058
33070
13041
13395
33354
33488
33493
33756
33880
33951
34023
34026
17840
34510
19700
19704
19710
19713
21343
21411
21505
35377
35378
35379
35380
35381
35392
35450
35451
35452
35522
35688
22923
35885
35901
35905
35921
35956
23728
35972
35973
35974
24394
36166
36256
36263
36377
36575
36590
36591
36605
36606
36608
36642
26707
26728
26788
36784
