63529
63534
63538
63551
63555
63576
63578
63625
43361
63622
43365
43376
63655
43387
63662
63676
63691
63708
43422
63728
63735
43463
28183
63814
43475
63824
43486
63846
63850
63852
28203
63885
43503
43510
63903
63928
63954
63961
43531
43535
43534
43536
28247
63974
43548
63985
43555
43557
43559
43563
43575
43578
64044
64095
43605
64114
64113
43616
43621
43626
64154
64163
43640
43639
28302
64186
28321
64209
28318
43659
64229
28325
43675
64247
64244
28329
43708
64267
43691
43714
43717
43749
43748
64427
64433
64420
43775
43781
64519
64474
28461
64509
64486
64488
64492
28480
28489
28507
64558
28528
28534
64637
43848
43860
64652
64670
43870
28581
43877
28574
64678
43893
64714
43389
64742
43923
64778
43917
28700
64794
43929
28704
28726
43942
43944
43937
43954
64833
28757
43977
64913
43987
64874
64887
64947
43999
64945
64944
64996
64966
44032
28811
64993
65035
65101
28849
44108
44125
65152
65176
28878
44141
65257
65226
65221
44168
28917
44204
44177
28926
65246
65334
65255
65301
65288
65303
65305
65310
64291
28954
65379
65364
44265
44269
65369
64383
65410
44286
65488
44282
28992
65473
65450
65449
65465
65481
44305
65478
44322
65538
44345
29055
29048
65648
65571
44360
44364
65595
29046
65674
29058
44405
65673
65670
65668
65672
65830
29109
44465
44456
44462
44458
29132
65831
29141
29124
44501
65878
65847
44526
65839
65879
29146
44549
65929
44556
65921
65938
65931
29201
44593
65966
44588
44603
29213
65996
66082
65980
29235
29228
66035
66023
44640
66096
29244
66278
29262
66247
66076
44674
66084
64758
29310
66159
66163
29291
66170
64829
44728
66198
66237
29306
44744
66227
44720
66252
66236
66240
66228
44724
66422
66402
29335
44775
44792
44768
66313
44791
44790
66513
44788
66376
66389
44840
44824
44806
44883
44986
66491
66489
66606
66529
44895
66562
44926
44945
44914
29515
44937
66619
