1278
30515
30625
30656
1905
1920
2799
31161
31162
4925
6276
31651
6326
6616
6617
31754
31755
31756
31757
31758
6618
6619
6620
31777
7131
31956
32404
9477
9478
32405
32818
32817
11620
11735
32923
11744
11745
11746
32963
11864
12622
33325
13693
33529
14755
16215
34151
16817
17064
17453
34490
34493
34494
34495
34496
34497
34498
34499
34500
18127
34501
34502
34504
34505
34506
18134
20536
23656
35936
36435
25414
25415
25417
36437
36528
25778
36529
36537
36557
36558
36559
36560
36563
36564
36565
36566
36567
36568
36569
36570
36572
25868
36746
27194
27195
27197
27198
27508
36803
