1278
30515
30625
30656
1905
2799
31161
31162
31176
31443
6276
31651
6326
6615
6616
6617
31754
31755
31756
31757
31758
6618
6619
6620
31777
7131
31956
7643
32404
9477
9478
32405
32817
32818
11620
11735
11739
32923
11744
11745
11746
32963
32964
11864
33325
13693
33529
33619
33757
16215
17064
34442
34490
34493
34494
34495
34496
34497
34498
34499
34500
18127
34501
34502
34504
34505
34506
18422
34786
34787
34839
35071
35072
35631
35632
23656
35936
24219
36435
25414
25415
25417
36437
25778
36528
36529
36537
36557
36558
36559
36560
36563
36564
36565
36566
36567
36568
36569
36570
36572
25868
26778
36746
27194
27195
27197
27198
27508
36803
