2111
2513
31043
31223
31224
5493
5579
5621
5888
6537
6538
6718
7069
7244
7811
7812
8196
8724
8725
8726
32501
10006
10036
11581
32809
11587
11596
11686
32909
11734
11737
11791
11840
11857
11861
11869
11882
12262
33108
33153
33264
33263
33266
30302
14637
15126
15184
16112
33999
34024
16454
16682
17029
34213
17368
17405
17432
17433
17604
17609
17619
17641
17666
17753
17777
17782
17846
17847
17867
18073
18188
18236
18337
18368
18369
18370
18452
18724
34672
34673
34674
18745
18751
18752
18841
18863
18962
18971
18993
34808
34809
19227
19325
19326
19327
34846
19453
19500
19552
34933
19811
19812
34949
19944
20206
20208
20251
20252
20323
20405
20440
20498
20542
20548
20661
20662
20688
20689
20692
20796
20889
20890
20894
20896
20897
20928
21061
35299
35470
35472
35473
35474
35475
35477
35478
35479
35480
35481
22321
22955
35788
35790
23937
36069
24453
25116
36380
25328
36448
36490
36491
26746
26747
