13103
307
309
313
470
502
504
505
506
507
508
509
510
511
512
513
514
515
516
517
518
519
638
30424
1102
1106
30572
1636
1640
1739
1760
1815
1835
1836
1837
1838
1873
1892
1884
1885
1886
1891
1893
1894
1898
1899
1913
1914
1915
1916
1966
1968
1969
1970
1971
1972
1973
1974
1975
1976
1977
1995
2008
2007
2011
2039
2059
2087
2088
30718
2126
2165
2166
2167
2168
2169
2172
2173
2174
2176
2177
2178
2182
2185
2186
2187
2188
2190
2192
2193
2194
2195
2196
2197
2199
2200
2216
2217
2218
2222
2223
2248
2251
2253
2254
2258
2409
2701
2702
2732
2757
2762
2783
2786
2791
2792
30900
2872
2879
2889
2896
2927
2928
2962
2963
2968
2974
30944
2975
30946
2976
3117
3143
3326
3353
3354
3355
3356
3438
3439
3470
3471
3472
31057
31058
3498
3513
3689
3707
3708
3709
3710
3711
3712
3713
3714
3715
3850
3859
3888
31132
31135
3928
3930
3932
3951
4021
4025
4029
4032
4079
31189
4127
4134
4140
4141
31199
4145
4147
4149
4166
4172
4178
4208
4256
4257
4258
4286
4319
4378
4385
4389
4394
4395
4396
4398
4399
4401
4404
4411
4420
4423
4424
4429
4440
4450
4461
4475
4476
4482
4488
4513
4514
4515
4516
4517
4518
4524
4543
4590
4593
4594
4595
4597
4599
4600
4603
4605
4606
4608
4609
4610
4612
4624
4629
4643
4647
4694
4707
4708
4710
4714
31298
4723
4730
4731
4732
31300
4740
4741
4742
4743
4744
4745
4749
4754
4787
4809
4826
4827
4829
4834
4849
4854
4857
4860
4865
4867
4870
4871
4876
4885
4886
4889
4896
4943
4960
4962
4977
4982
4984
5005
5027
5036
5041
5047
5049
5091
5099
5117
5128
5129
5131
5156
5176
5179
5195
31352
5210
5286
5414
5433
5439
5441
31424
5480
5481
31425
31426
31427
5594
31456
31457
5637
5707
5711
5712
5714
31489
5743
5762
5774
5776
5783
5900
5964
31558
5965
5966
6011
6012
31585
6199
6241
6266
6280
6318
6411
6526
31723
6551
6552
6593
6647
6700
6797
6810
6831
31849
6836
6896
6897
6898
6899
6900
6902
6903
6904
6905
6943
6944
6945
6946
6947
6987
6991
31885
7013
7014
7015
7016
7017
7042
7043
7044
7045
7046
7047
7048
7239
31945
7304
7305
7306
7307
7355
31975
7356
7357
7358
7359
7360
7362
7365
7385
7386
31989
7387
7388
7389
7390
7391
7392
7393
7394
7395
7396
7397
7398
7399
7400
7401
7402
7426
7442
7443
7444
7445
7448
7451
7453
7454
7615
7625
7653
32044
7825
7850
7852
7854
7855
7856
7857
7858
7859
7860
7861
7862
7863
7864
7866
7867
7868
7869
7870
7871
7872
7873
7874
7875
7876
7877
7878
7879
7880
7881
7882
7883
7884
7885
7886
7887
7888
7889
7890
7891
7892
7893
7895
7896
7897
7898
7899
7900
7901
7902
7903
32062
7905
7906
7907
7908
7909
7911
7912
7914
7915
7916
7917
7918
7919
7920
7921
7922
7923
7924
7925
7926
7927
7928
