63528
63543
63552
43340
28132
43349
63591
63610
63615
63617
63625
43364
63630
43370
63656
63651
63560
63670
43401
43404
63707
28153
43430
43437
63775
43459
63794
63800
63824
63841
63861
63888
63898
63905
63920
63921
63937
63933
63944
63958
63978
63969
28239
43554
64018
64027
43575
28265
28273
64060
28272
28274
64071
64074
64073
64265
64113
43613
28152
64153
64154
64163
28301
43652
64194
64256
64252
43708
64267
64274
64278
64284
64290
28349
64305
64304
64351
28360
28363
64327
64358
28376
64365
28389
28393
64472
64394
28404
28401
64400
28409
28410
64406
64423
64437
64445
43792
64469
64479
64500
64488
64505
64515
28466
64526
64507
22445
64568
64561
43827
43833
64597
64602
28538
64647
28558
43860
28547
64693
64700
64761
28590
28604
28607
64755
43896
64748
43906
64760
64788
64783
64780
28697
28733
64823
28729
64820
44150
28760
43970
64848
43957
64862
64864
44005
28800
64973
65022
28806
28808
28811
65011
65014
65020
65040
65035
28850
65057
65089
28840
28960
65054
44098
24099
65114
28860
28865
65190
28884
28897
28891
65184
28892
65197
65211
44159
65219
65224
44185
44186
65334
65254
65255
65301
65374
28957
65308
28962
65395
44246
65352
65360
65410
65416
65488
65532
65425
65421
28983
28987
65462
65464
44318
65483
44350
65506
29026
65546
65565
65563
29018
65548
65573
65574
44363
29030
29041
29042
65584
65587
65664
65646
65685
65695
65707
44439
29071
44424
44433
65736
44474
29109
65758
44455
65772
65860
29124
65811
29127
65846
29164
65845
65879
29160
65983
65882
29179
44579
29180
65946
65943
65955
66062
65954
29202
44602
65996
65982
29226
44652
66039
44608
29245
66023
66059
29244
29256
66278
66095
66133
29283
66168
29291
64829
66272
29288
29316
44712
66239
44710
66238
66352
29297
29313
66252
29320
16100
44781
29357
29338
66326
29334
29363
29392
29342
44762
29359
44799
66381
29430
