73
479
617
626
632
640
646
663
674
1027
30422
30423
1267
30540
1393
1442
1447
1454
1573
1637
1647
1672
3299
3790
31150
3983
31151
4133
4403
4454
4543
4859
4933
4944
4945
5027
5048
5089
5105
5134
5158
31430
5875
7218
7220
7221
31939
7222
31940
31941
31942
7223
31943
7224
7666
32026
8046
8305
9186
9187
9188
9189
9628
9760
10485
32609
32610
10589
10688
10804
10821
10893
32923
12470
33183
12726
33215
33223
13075
13573
13621
13679
33470
33489
33891
34293
17504
18529
19167
35377
54
35853
23518
35937
23948
36018
36019
36036
24217
36435
36461
36557
36558
36559
36568
36569
36570
26036
26629
36712
36734
27264
27266
31942
7223
31943
7224
7666
32026
8046
8305
9186
9187
9188
9189
9628
9760
10485
32609
32610
10589
10688
10804
10821
10893
32923
12470
33183
12726
33215
33223
13075
13573
13621
13679
33470
33489
33891
34293
17504
18529
19167
35377
54
35853
23518
35937
23948
36018
36019
36036
24217
36435
36461
36557
36558
36559
36568
36569
36570
26036
26629
36712
36734
27264
27266
