73
74
76
77
85
84
102
103
128
129
130
131
162
163
185
186
191
192
203
204
210
314
321
323
480
485
540
552
553
569
573
610
620
631
30385
718
727
763
768
788
801
806
805
814
30422
30423
1073
1112
1123
1125
1139
1148
30472
1194
1202
30540
1396
1407
1412
1415
1444
1458
30560
1496
1501
1519
1537
1557
1563
1568
1569
1572
1583
1584
1585
1597
1602
1609
30587
1642
30595
30596
1690
1700
1726
30666
30667
2046
2359
2360
2362
2370
2371
2372
2373
2375
2376
2378
2379
2381
2382
2383
2488
2489
2492
2493
2525
2526
2528
2629
2747
2844
2875
2947
2948
2950
2971
2979
2982
3064
30979
3098
3153
3159
3162
30996
3315
31046
31047
31048
31049
31050
31051
31052
31053
3409
3520
3577
3767
4350
4366
4385
4389
4391
4401
4419
4420
4425
4434
4435
