28254
28293
28816
28904
28961
29082
29185
29284
29283
29422
29435
29502
17855
29585
29674
29734
29781
29893
18072
30069
30115
30259
30260
30296
30370
30405
30484
30595
30541
30596
30647
30758
30902
30969
31129
31207
31380
31582
31583
25279
31381
31581
31812
31813
32382
32383
32210
32380
32381
32699
32552
32554
32696
32695
32697
32553
32698
33078
33080
32885
33079
33298
41754
33766
33767
22460
33534
18401
34911
34588
34592
25624
34591
34594
35586
22999
35232
35237
35233
35235
35238
35589
35590
28104
35975
36406
18827
35974
17824
25250
35973
36836
36840
25332
36843
36402
36403
22425
36845
36846
26878
36835
23041
36842
26747
25148
26867
25182
40772
37350
18371
38485
24948
37349
39156
37884
22961
38489
22312
37891
37981
39934
37348
38490
38491
14848
38492
37345
23043
37346
19763
39162
37885
26891
39164
39160
27898
39158
26896
40770
40780
25283
40786
39929
22554
39157
39163
39147
40778
40785
41735
27888
40781
40782
40779
40776
40787
39930
22982
41762
41764
39931
41760
40767
41759
28037
41761
41757
40784
41755
25176
40777
40788
42635
40773
42604
41752
43323
43331
41738
41753
42627
42630
41747
42611
41750
41751
42710
41741
41743
41745
42605
41749
42626
42625
42634
42620
42609
42632
42633
42617
43329
43327
