28131
63592
63595
28139
63707
63717
43462
43496
63883
63885
28218
28220
63922
28223
63954
43531
43549
28256
28277
64081
64102
28152
28293
64157
28302
43648
64186
43689
64327
64381
64424
28434
28438
28456
64489
28494
28528
43860
43867
64684
28583
43893
43897
28631
64712
43908
28696
64813
28721
28733
43941
28742
28760
64874
28775
64891
28776
64947
28801
64965
65008
28827
44097
28843
65113
28858
28883
28912
65191
44187
28944
44225
64291
65336
44250
28976
64383
28977
28997
44316
65470
44322
44347
29030
29046
65586
44384
29077
65625
44421
29098
65878
44859
29151
44545
65855
29166
29196
66065
29187
66151
29235
66026
29237
44641
66085
44649
29278
29274
29273
29310
64829
29288
66211
44774
29367
29395
29408
66420
29415
44913
39948
66491
29476
44911
44898
29471
66594
29474
44937
66619
66711
29543
29553
29549
66815
29566
45002
29597
29586
45057
29551
66829
45109
29662
29643
29676
45126
66977
45186
29731
45249
45212
29788
29777
45274
67250
29851
67322
67312
67423
45433
45430
45446
29896
45555
45503
30009
29996
67632
29973
30011
45593
30113
30083
30180
30264
45657
68027
30146
67974
68067
30256
45745
30242
30220
30254
45822
30280
30229
30286
45803
30268
45961
30370
45918
30318
30321
30328
45937
68341
45924
45910
30422
45954
45975
45966
30420
30385
46018
30445
68491
45987
30419
46032
68517
46040
30541
68582
30726
68657
68679
46128
68783
30682
30571
68829
46240
46248
68835
30810
46296
30733
30871
46463
46365
30906
30763
46397
69343
31035
30817
69038
30782
31081
46532
46547
46671
46673
30941
30996
69144
30910
46681
69409
46672
46679
46524
70045
69499
46591
31146
46775
31140
69508
69532
69590
31048
31243
69692
31132
31257
31114
69818
46758
31276
31287
31162
31434
31175
31234
46856
31252
48433
69851
31512
69801
67097
46948
31338
69940
46897
46952
70110
47053
47110
70149
31532
31452
70113
