30328
92
93
30329
150
151
164
165
173
174
197
198
207
208
217
218
306
311
321
30357
30311
537
635
1009
1028
1167
1728
30602
30601
1815
1906
30659
2008
2089
30724
30736
2329
30772
2331
2332
2333
2334
2637
2765
2766
2782
2913
3296
3298
3680
3703
31113
4035
4071
31186
4086
4592
4656
4657
4741
5291
5453
5473
5592
5726
5743
5838
5923
6017
31584
6138
6139
6140
6170
6181
31614
6279
6396
31701
6530
31719
31721
6531
6670
6801
31791
31793
31794
31796
31797
31798
31801
31803
31805
31806
31811
31812
31813
31815
31816
31818
31819
31820
31822
31823
31824
31826
31828
31831
31832
31837
31838
31841
6988
31933
31956
7456
7617
7759
8305
8333
8720
8721
8734
8834
8846
32340
9423
9625
32486
9983
10156
32711
11527
11808
12042
12109
12117
12338
12339
12340
12341
12342
33085
12396
45
33124
33127
12593
12648
3703
31113
4035
4071
31186
4086
4592
4656
4657
4741
5291
5453
5473
5592
5726
5743
5838
5923
6017
31584
6138
6139
6140
6170
6181
31614
6279
6396
31701
6530
31719
31721
6531
6670
6801
31791
31793
31794
31796
31797
31798
31801
31803
31805
31806
31811
31812
31813
31815
31816
31818
31819
31820
31822
31823
31824
31826
31828
31831
31832
31837
31838
31841
6988
31933
31956
7456
7617
7759
8305
8333
8720
8721
8734
8834
8846
32340
9423
9625
32486
9983
10156
32711
11527
11808
12042
12109
12117
12338
12339
12340
12341
12342
33085
12396
45
33124
33127
12593
12648
33172
33176
12834
33243
13082
13231
13232
13407
13566
13567
13681
13742
13743
13744
13745
13746
13747
13748
33428
13767
13771
13883
13884
14020
14031
14052
14243
14254
14647
33681
15193
15383
15416
15417
15457
33830
15570
15746
15947
16525
16526
16551
16552
16562
16563
16584
16614
16615
16624
16625
16642
16643
16784
34300
17957
18017
18230
18673
34795
19211
34831
19348
19717
19889
19940
20110
20249
20555
20556
20763
20764
20860
21531
21550
21609
21703
21807
21891
22484
22659
22801
23122
23142
23157
23168
23314
23315
23341
23376
23377
23398
23409
23410
23411
23412
23421
23423
35900
23468
23502
23542
23546
23547
23553
23554
23555
23556
23557
23569
23570
23571
23572
23574
23590
23591
23592
23593
23595
23596
23600
23602
23604
23605
23610
23611
23612
23616
23617
35928
23952
36005
23983
24398
24399
36154
24948
25040
25089
25112
25372
25485
25795
25939
25941
26225
36794
37407
37754
37755
