43349
43361
43415
43434
43435
43460
43483
43484
43507
43506
43573
43539
43556
43613
43658
43659
43699
43704
43743
43747
43750
43755
43754
43756
43787
43833
43901
43909
43910
43920
44007
44008
44025
44065
44093
44128
44148
44168
44262
44272
44282
44289
44319
44367
44400
44428
44429
44465
44445
44479
44511
44498
44526
44527
44565
44528
44655
44768
44785
44804
44819
44895
44894
44893
44954
44955
44999
45085
45158
45192
45130
45131
45132
45129
45128
45161
45162
45227
45226
45311
45340
45341
45342
45409
45410
45379
45381
45411
45449
45485
45488
45524
45525
45601
45600
45599
45645
45719
45688
45792
45763
45793
45833
45832
45881
45882
45883
45884
45942
45940
45941
45943
46044
45983
46041
45984
45982
46042
46043
46040
46094
46098
46096
46097
46152
46095
46153
46207
46208
46211
46209
46210
46151
46271
46272
46329
46330
46331
46327
46328
46398
46397
46403
46399
46400
46404
46401
46402
46487
46482
