29034
29158
29419
29418
29499
29545
29711
30111
30175
30403
30442
30704
30404
30540
30967
31127
31204
31282
31476
31477
31691
31692
32057
32056
33073
32372
32690
32373
32546
32547
32693
32692
32878
32881
33289
33072
32880
33291
33523
33756
33757
33754
33524
33527
33525
33522
33526
33753
34015
34016
34581
34286
34899
34287
34579
34288
34900
35217
34580
16305
35218
35949
35570
35214
35216
35569
35571
35952
19917
36467
36378
14807
36383
25035
36381
36813
36812
36814
25686
25033
37868
26674
22309
37327
37329
37325
37328
37323
37326
37322
38457
41708
38456
38454
37864
39107
38453
37869
38448
39108
39878
39104
39105
37867
37859
37865
39113
39119
39111
39883
39899
40733
39116
38455
39112
39117
39109
40724
26731
39880
39886
39890
40729
39892
39896
39881
39897
40735
39891
40726
39898
40741
40738
40743
41705
39889
40744
41709
41706
41704
40740
40728
40732
40727
40742
41702
40725
42587
42586
