20840
43541
43568
43581
43587
43601
43600
43702
4696
43796
43852
43895
43996
44090
20718
44120
44164
44267
44286
44549
44548
44604
44740
44781
44780
44908
44927
45103
45253
45182
45865
45181
24358
45213
45301
45276
45303
45302
45472
45437
45436
45557
45473
45591
45624
17221
45592
11739
45558
45707
45674
45748
45862
45781
45747
45863
45911
45913
45864
46023
46074
24378
46073
46071
46371
46072
46251
46313
46249
46367
46250
46459
46370
46369
46368
46525
46526
46600
46771
46677
47152
46681
46676
46679
46602
46678
46680
46601
46769
46965
46769
46965
46772
17445
11740
46859
47059
46964
46963
47153
47055
47054
21145
47149
47056
17166
47256
47058
47485
47150
47257
17364
24307
47374
47489
17602
47373
47487
47492
47620
47488
24534
47494
47486
47625
47259
47922
48588
47624
48076
47931
48082
47929
47779
47621
48078
47924
48080
47774
47928
47923
47773
47932
17531
47776
48081
47933
47925
47926
48079
