64008
64356
64433
64463
64496
64781
65005
65045
65404
66041
66128
66191
66405
66404
66477
66647
66800
66922
67073
67286
67396
67397
67447
68076
68231
68303
68302
68379
68378
68454
68547
69003
68897
68804
68898
69346
69903
70182
70666
70331
70332
70333
70493
70494
70668
70667
70862
70863
71061
71254
71941
71451
71684
71681
71682
71683
71939
71940
74171
72210
72488
72486
72487
73437
72748
72749
72747
72751
72750
72752
73084
73081
73083
73085
73080
73082
73438
73439
73440
73804
74172
74173
74169
74592
74593
74595
74594
74596
75052
75049
75053
27696
75511
75513
75505
75509
75510
75512
75504
75508
76019
76020
76575
76017
76018
76022
76021
76577
76581
76580
27770
77236
77238
77234
77233
27776
27723
77983
77984
27751
77981
27698
27759
27718
78762
78758
78759
78753
78756
78751
27716
78757
79612
27766
27692
27790
27762
27794
27764
27573
79609
79607
27745
27735
79614
79606
27694
79608
27782
27721
