1905
30662
2799
3032
3037
31114
6625
7370
31980
31983
31984
31985
32773
11526
32774
11527
11528
32776
11529
32777
11530
11531
11532
11533
32780
11534
11535
32781
32782
11536
11537
32783
11538
32784
32785
11539
11540
11541
32788
11544
11545
11546
32789
32804
32833
11624
11625
11626
32834
11630
32845
11651
32853
11669
11670
11685
32882
11697
11708
11709
11710
32888
11711
11714
11715
11716
11717
32890
32891
32892
11718
32895
11720
11721
32896
11722
32897
32898
32899
11723
32900
32901
11725
32902
32903
32904
32905
11726
32906
32907
32908
32910
32912
11728
32913
32914
32915
11732
32918
11740
11763
11764
32935
32936
32937
32939
11766
11767
11768
11770
11771
11772
11787
11824
11831
32994
33008
33148
12628
16215
34216
18397
34644
18864
34696
19158
35018
35819
23141
25394
36745
