721
2352
30783
30785
30786
30787
2367
2368
2380
31112
4035
6964
31904
7662
32020
32022
32023
7663
32025
7664
7665
32027
7667
32028
32029
7668
7669
7671
7816
8305
32299
32300
32301
32302
32303
32304
11548
11623
32880
11748
11830
11832
32976
12195
33112
12568
33131
12570
33132
12571
33134
33191
13606
33412
14950
14951
14952
33655
14953
33656
33753
15207
15557
15691
34585
34586
35686
22539
35689
22540
22541
35690
35691
22542
35692
22543
22544
35694
35693
22545
22546
35695
22547
35696
22548
23330
35998
23941
35999
23942
23943
36000
36414
36415
36416
36418
25626
36471
25627
25629
25630
25631
36472
36473
36474
25632
25633
25836
