721
1904
1928
30783
2352
2359
2360
2361
2362
30785
30786
30787
2367
2368
2370
2371
2372
2373
2375
2376
2377
2378
2379
2380
2381
2382
2383
31037
3384
31112
4035
6537
31879
6964
7662
32020
32022
32023
7663
32025
7664
7665
32027
32028
7667
32029
7668
7669
7670
7671
7816
8224
8305
32299
32300
32301
32302
32303
32304
32425
32426
44
11548
11596
11623
32880
11733
11830
11832
32976
11877
12195
12568
33131
12570
33132
12571
33134
33191
13606
33412
14950
14951
14952
33655
33656
14953
33753
15207
15691
16400
17847
34461
18023
18024
34585
34586
18452
19219
19449
20156
20228
20559
20928
22130
35686
22539
35689
22540
22541
35690
35691
22542
35692
22543
22544
35694
35693
22545
22546
35695
35696
22547
22548
22549
23330
35998
23941
35999
23942
23943
36000
24197
24198
58
25153
25626
36471
25627
25629
25630
25631
36472
36473
36474
25632
25633
25836
27170
