63711
63967
64195
64215
64305
64475
64550
64699
64700
64738
64825
64926
64962
65009
65043
65042
65238
65260
65259
65662
65710
65711
65879
66096
66064
66273
66244
66190
66189
66336
66369
66370
66548
66584
66966
67132
67182
67234
67394
67610
67858
67922
67923
68003
68075
68227
68144
68299
68228
68229
68230
68296
68297
68375
68452
68545
68621
68619
68802
69345
69001
69110
69111
69483
69482
69633
69634
69632
69898
69763
69899
69900
70052
70053
70054
70050
70180
70051
70329
70327
70328
70492
71055
70861
71056
71054
71248
71250
71249
71252
71449
71450
73073
71680
71936
71932
71933
72203
72204
72200
72202
72483
72478
72480
72482
72481
72479
72739
72740
72741
72742
73072
72776
72738
73066
73075
72744
72737
73071
73067
73077
73071
73074
73430
73431
73432
73068
73069
73793
73434
73795
73426
73428
73429
73797
73433
73427
73791
73796
73799
73802
73798
73792
73801
74161
74163
74165
73800
74164
74162
