65849
65829
65875
65983
65877
65945
66038
66062
65981
65982
66009
66039
66060
66063
66242
66093
66095
66158
66188
66213
66212
66187
64779
66211
66333
66243
66402
66269
66300
66367
66301
66331
66546
66332
66334
66401
66368
66400
66399
66441
66503
66547
66796
66642
66641
66643
66646
66710
66841
66920
66797
66798
66799
66840
66875
66919
66921
66962
66963
66964
67016
67071
67231
67128
67070
67550
67504
67130
67181
67229
67282
67281
67284
67279
67283
67389
67390
67332
67334
67392
67387
67388
67446
67441
67442
67606
67502
67608
67443
67444
67503
67607
67555
67552
67553
67551
67659
67662
67658
67663
68218
68217
67719
67722
67723
68223
67720
67725
67727
67724
68288
67781
67784
67783
68224
67921
67846
67852
67853
67855
67856
67848
68369
67854
68368
67999
67995
68000
67996
67997
67998
67993
67994
68072
68610
68615
68136
68221
68220
68225
68135
68289
68138
68139
68137
68140
68141
68215
68219
68284
68290
68798
68367
66061
68371
68372
68446
68445
68448
68449
68541
68539
69101
68709
68609
68611
68612
68614
68710
68794
68796
68799
68800
68890
68893
68888
68891
68892
68997
68998
69096
69098
69103
68993
68994
68995
68999
69099
69221
69229
69225
69333
69222
69223
69224
69226
69227
69220
69228
69329
69331
69337
69338
69334
69340
69332
69341
69476
70038
69473
69477
69470
69471
69475
69627
69626
70035
69628
69752
69753
69757
69758
69759
69893
69755
69760
69891
70040
69895
69894
70485
70177
70034
69890
70031
70175
70304
70172
70840
70320
70315
70174
70316
70310
70311
70317
70319
70308
70322
70478
70479
70482
70484
70480
70650
70643
70647
70642
70657
70659
70651
70646
70658
70648
70652
70654
70656
70842
70844
70841
70855
70845
70849
70854
67780
70856
70857
70848
71663
70847
71043
71040
71038
71046
71048
71044
71036
71045
71039
71047
71041
71042
71234
71241
71243
71239
71233
71236
71237
71238
