63803
63820
63911
63910
63977
64006
64012
64142
64155
64329
64387
64399
64431
64454
64495
64483
64549
64622
64761
64861
64869
64884
65059
65082
65152
65230
65245
65328
65432
65529
65791
65943
66059
66125
66157
66268
66474
66748
66918
66961
67069
67126
67278
67439
67386
67605
67919
67991
68213
68444
68442
68538
69095
69219
69325
69324
69888
69750
70171
70476
70641
70838
71034
71232
71420
71419
71638
71906
72161
72443
73021
73387
73384
73737
74090
74092
74970
74969
77081
77816
81561
84576
86581
88988
88989
92153
92157
