45406
45216
45277
45326
45304
21809
45327
45361
22686
45362
21702
45440
45363
45364
45441
45439
45474
45438
45476
45477
45519
45559
45475
45628
21811
45560
45561
45627
45593
45633
45626
45680
45632
45681
45630
45710
45629
45631
45676
22471
45679
45675
45677
45712
45709
45678
45713
45708
45823
45866
45783
45711
45820
45782
45822
45824
45819
45868
45821
15044
45867
45918
45914
22778
45916
45917
45915
46026
46076
45971
46135
46133
46027
46079
46024
46136
46077
46257
46078
46193
46134
46132
46192
46191
46254
46258
46253
46255
46529
46252
46256
46314
46462
46316
46374
46315
46375
22492
46463
46372
46376
46528
46534
46604
46464
46466
46603
46682
46461
46605
46465
46684
46533
46535
46527
46866
46532
46536
46530
46531
46683
22870
46686
22780
23107
21866
46685
46775
46863
46867
46773
46868
46865
22930
25806
46862
46870
46968
46864
46971
47068
46869
46970
48433
47067
47071
46969
47066
47154
47384
47384
21351
47158
47630
47069
47060
47064
47379
47070
47385
47063
47157
47268
47261
47159
47376
47155
21940
47264
47267
47377
47381
47260
47383
47496
47265
47500
47262
47263
47380
21797
47382
47504
47503
47636
47501
47497
47495
47635
47632
22672
47378
47787
47783
47502
47634
47637
47628
47638
47498
21332
47790
47784
47786
47782
47789
48266
47631
48087
48088
22727
48087
48088
47936
47937
47944
47788
47945
47939
47941
47940
48430
47943
48428
48265
48086
48089
48423
48084
48420
48437
48424
48795
48268
48269
48431
48602
48427
15042
22793
48436
48434
48421
48429
22469
48996
48432
48435
48994
22912
48422
48599
48426
48606
24850
48425
48604
48605
48800
48601
48797
48802
48600
49000
48793
48805
48603
48993
49256
48799
48805
48607
48997
21531
52078
49489
49002
49003
48796
25291
49261
48803
48794
48804
49254
49483
48998
49001
49497
49255
23178
49492
48991
49252
22473
49757
25288
49487
49258
21484
