4159
4228
5483
6327
6328
6689
6872
6909
7059
7060
7061
7727
9392
9393
10186
11172
12620
12783
12817
12818
12819
12820
12821
33217
16032
34047
16946
16947
17017
34285
17458
17462
17880
17949
18019
18183
18306
18409
18410
18411
18412
18716
18728
18752
18881
18886
18969
18972
18974
18976
18976
18977
18978
18979
18980
18981
18982
18983
18984
18985
18986
18987
18988
18989
18990
18991
18992
18993
18994
18996
18997
18998
18999
19000
19001
19002
19003
19004
19005
34733
19006
19007
19008
19009
19010
19011
19012
19013
19015
19016
19017
19019
19020
19021
19022
19023
19024
19026
19027
19028
19029
19030
19031
19032
19034
19035
19036
19037
19038
19039
19040
19041
19042
19043
19044
19045
19046
19047
19048
19049
19050
19051
19052
19053
19054
19057
19058
34735
19083
34798
19466
19798
20127
20241
20331
35065
20358
20486
21016
21017
11
21554
21928
35520
22156
35787
23186
35828
24456
24907
