28120
28128
28136
28139
28143
28148
28150
28163
28160
28172
28168
28179
28189
28194
28198
28192
28203
28221
28214
28215
15019
4730
28219
28218
28236
28240
28238
28249
28250
28264
28266
28289
28292
28302
28306
28311
28316
28314
28315
28318
28333
28328
28330
28337
28336
28340
28347
28348
28345
28354
28359
28358
28365
28371
28375
28378
28391
28387
28381
28386
28388
28400
28407
28404
28412
28421
28432
28423
28419
28424
20612
28434
28439
28438
28437
28441
28442
28445
28451
28454
28459
28465
28469
28468
28480
28487
28485
28482
28489
28507
28496
28488
28500
28501
28495
28515
28494
28503
28508
28504
28510
28528
28527
28531
28545
28536
28226
28558
28552
28551
28549
28550
28562
28565
28561
28566
28569
28581
28576
28574
28593
28580
28592
28591
28594
28598
28621
28604
28638
28613
28611
28627
28620
28612
28626
28637
28662
28645
28682
28624
28643
28649
28715
28694
28680
28664
28684
28668
28677
28681
28683
28687
28688
28707
28720
28703
28709
28710
28702
28704
28733
28726
28716
28737
28725
28735
28724
28749
28751
28728
28734
28745
28760
28757
28755
28783
28802
28795
28805
28804
28820
28290
28829
28960
28852
29009
28902
28883
17892
28433
28903
28965
28901
28907
28895
28991
16338
28929
28938
28928
28966
28950
28971
28964
28984
16318
28983
28996
29000
29033
29050
29064
29065
29056
29098
29099
29118
29112
29146
29147
29183
29216
29201
29229
29202
29255
29245
29295
29296
29328
29416
29414
29394
29415
29417
29484
29525
29565
29562
29563
29584
29583
29631
29605
29650
29649
29630
29671
29689
29710
29779
22654
29797
29796
15261
29920
29991
29988
29989
29953
29955
29951
29952
29954
30170
30030
30110
30143
30142
30216
30173
30214
30215
30172
30330
30369
30331
30368
30438
30328
30440
30479
30481
21474
30480
30822
30645
30537
30536
30962
30642
22427
30825
30643
30824
30826
30644
30755
30757
30703
30756
30827
16197
30963
30892
30966
30965
22563
30893
30894
30821
31126
30964
31046
31125
31117
31121
31122
16091
31123
31118
16947
31200
31048
31047
31199
31469
31470
31202
31280
32371
31124
31376
31203
31201
31472
35944
16291
18403
31474
31467
31684
32686
31571
17830
31473
31577
31805
31687
31572
31570
31468
31690
31576
31569
31688
31804
32053
31933
23849
31575
31689
16199
19742
31686
31800
31926
31806
32054
32055
25388
32048
31929
31803
32050
32052
32363
32199
32365
32201
32205
32366
18569
32533
32046
32203
32684
32678
32688
32539
32359
32370
32541
32683
32364
32687
32540
32680
20445
32681
32545
32369
32542
32544
32202
32368
32367
32538
32876
20449
32529
32682
32685
32536
32543
32535
32675
33071
33277
16965
33067
33279
22429
33069
33283
33284
33285
32870
32874
33282
32875
33270
33286
32869
33066
32872
33274
33280
33275
16106
33287
33272
33062
33063
33750
33741
33515
34285
33512
25410
33742
33748
33513
16173
33516
34007
33519
25963
16252
35209
33751
14764
33509
33746
14902
33511
33520
14860
33749
33518
33745
34008
33743
33517
33747
33994
16066
33739
33744
33999
34012
34013
34567
34011
34002
34003
34569
34000
34571
34004
34005
34886
18399
34279
34870
22455
34889
34280
34882
34276
33998
14864
34273
34884
34275
34566
34277
34568
14845
18906
34866
34283
34892
34271
34574
34894
34885
34888
34880
34284
34893
34576
34864
34573
34575
16325
15009
23061
22370
25338
16967
14877
26995
34868
34883
34875
34896
16070
18131
26874
34572
35207
16050
35930
25339
18449
16157
34877
17721
36790
26071
34874
34876
25003
14945
34891
16207
18302
34873
26685
35564
34878
35205
25994
35547
35208
35560
16189
35196
14810
35201
26847
35203
14862
35210
35563
36372
35549
15325
35555
25695
35936
15342
18411
37294
35211
17871
25988
16063
16244
35923
27015
35559
35943
36801
18357
17762
25484
35552
26134
17762
35539
35554
35940
26857
35540
35924
36368
35928
17879
35545
35534
35935
25135
14850
35541
35544
36780
35917
18394
35535
16250
25404
25100
35932
36363
28108
36365
36806
22294
