43337
63565
43366
43414
43416
43423
28158
28165
28170
63752
63760
43455
28184
28185
43497
28209
28211
28213
63925
63923
28222
28228
28230
63964
28237
63982
28248
63983
43545
64000
64014
28257
28259
64048
64056
28272
43600
64120
28298
64181
28304
28320
28319
28323
28328
43686
28335
43730
28343
43704
28353
28350
64318
28355
43719
28368
28373
64668
43729
28393
28393
64380
64386
43762
28408
64405
43767
28417
43763
28423
28444
64458
28441
28195
28462
64484
43796
43810
64497
64514
64544
28485
28503
43828
28498
64585
64590
64596
64610
43842
64624
28543
28554
64659
28565
28568
43885
28608
28598
28605
28611
28620
64733
28612
64730
64753
28645
64759
64768
28681
28687
64795
28703
28710
28749
43949
28751
43953
28741
64850
44130
64883
44006
28802
64952
28804
64985
44029
64992
28820
44037
65021
28830
44060
28828
65069
65106
28847
65091
65145
44122
28869
65133
44116
65167
65166
44129
28885
28896
28907
65206
28914
28991
28929
28931
28928
28933
65268
65263
28942
65286
65281
65287
65318
44218
65327
28959
65345
65330
65377
65393
65391
65394
65421
28988
28996
44304
29000
65491
65513
29011
29021
29012
29105
65545
65575
65589
29025
29034
29036
65584
65599
65608
65615
29056
29068
29073
29059
65649
29103
65730
29097
65744
44449
29118
29100
44481
44457
65826
29137
65888
65838
29155
65886
29154
29170
29173
65941
65968
65974
66021
44598
29209
66057
66016
29234
66105
44632
29260
44650
66132
29295
66204
29302
66205
44696
29309
66521
66251
29351
29341
66291
29317
29343
44754
44782
29328
44855
66331
44852
29330
29364
44772
66345
66354
66363
66350
29429
66447
29413
44887
66458
29437
44828
66530
66537
29424
44866
44875
66491
66559
29486
29494
29546
29527
29530
29535
66668
66730
29764
29559
66740
45014
29585
29576
29575
45025
66771
66753
66810
66806
29605
29598
66854
66851
66890
29630
67009
66997
45110
