150
151
308
344
422
445
464
1854
30673
30724
2184
2562
2839
30994
3331
3399
3511
31113
3852
3975
4651
4652
4654
4655
31282
31285
4665
4670
31287
31289
4676
4760
5587
5588
5717
6396
6484
6649
31790
31791
31800
31806
31816
31818
31820
31822
31824
31827
31828
31830
31831
31834
31836
31837
31841
7279
31964
8187
32146
8375
8556
8700
9080
9290
9573
10019
11101
11102
11973
12112
33091
12363
33093
33094
45
12538
12791
13503
13543
13665
13918
33601
15017
15024
15084
15159
15457
15482
15757
33915
16199
16472
17527
17528
18471
19420
232
21152
21200
21247
35451
21713
21807
21896
22039
22659
23157
23410
23456
23461
23546
23547
35925
35935
24165
36187
24844
24945
24946
25028
25089
25662
25678
26225
