145
144
890
985
986
1085
1841
2174
2176
2178
2188
2193
2569
3791
4113
4289
5693
5694
31567
6122
6123
31637
6554
6553
8304
8868
10543
10546
10567
10568
10569
10570
12084
12086
13008
13464
13465
14877
15406
15527
16017
16556
16566
16588
16829
16830
17526
34351
34566
34567
18589
20392
20765
20766
20767
20768
20769
20770
20771
20772
21216
21644
35733
35734
22790
22801
23837
24283
24938
25313
28659
37170
37169
37183
37299
37300
28952
29537
29538
29540
37499
29545
29925
37734
18589
20392
20765
20766
20767
20768
20769
20770
20771
20772
21216
21644
35733
35734
22790
22801
23837
24283
24938
25313
28659
37170
37169
37183
37299
37300
28952
29537
29538
29540
37499
29545
29925
37734
