22
1176
16543
989
956
100
493
53
20221
16544
38
69429
712
13683
301
32
1078
16611
143
16547
296
69575
16520
16541
581
1265
585
988
980
1035
700
227
246
16548
54
459
662
343
16441
919
1074
4649
72622
11078
489
71570
12419
16555
345
319
34
535
141
515
99
11116
553
160
666
64
25366
1282
447
508
125
341
717
1279
11150
242
10981
233
101702
498
97
225
947
11074
146
73275
11418
211
59
558
756
234
40
378
372
258
258
151
991
270
272
488
55
541
165
13684
23
7659
11247
20284
75275
16383
127
990
75775
495
477
347
107
443
598
409
33
4026
491
970
356
10976
428
415
11555
11048
204
78
13599
321
579
753
28113
752
713
16495
714
176
14093
953
11112
13623
84195
44
683
10
7624
11256
187
14041
968
716
13597
788
402
11142
96
10982
616
486
11166
154
664
920
404
584
102
331
13512
567
340
284
442
11093
11410
10975
42
166
193
16554
80107
476
801
1292
250
1177
701
11278
13844
14137
1036
4692
148
386
228
16552
231
1013
778
3988
287
13595
293
16553
7355
757
407
275
923
949
275
703
101
618
77
955
11444
376
1063
513
16551
31
16528
451
16540
11079
150
987
358
11479
88424
10963
16574
424
16526
88
11180
16642
152
68
68
363
506
566
755
377
622
385
16472
507
16640
252
627
13679
16388
16477
124
412
16556
105
11430
76
597
30
16390
436
16711
16582
16545
779
16545
16546
20202
652
13591
420
16516
13678
16355
169
178
621
79174
357
16648
11062
353
16679
163
11051
11252
13593
724
16354
182
20204
557
432
760
251
761
11081
16518
251
1072
4041
1068
283
16509
16412
373
607
4689
554
11554
556
472
11531
206
16405
168
244
444
636
11282
330
396
16671
614
623
16634
16407
16539
247
155
482
11436
361
16550
590
715
625
360
11270
126
16572
16727
960
11535
276
16503
394
161
16385
16533
209
1026
10969
11165
1280
613
11234
14141
1026
209
10969
11165
587
11208
13293
1018
16688
1148
16674
371
27952
400
11205
14088
16527
346
429
11184
69
189
11137
11429
11452
158
302
286
344
484
11184
346
429
11076
265
1150
11417
149
568
16439
11059
16549
961
583
11082
16485
965
16488
216
457
559
185
14136
16695
959
16565
264
10985
719
13532
16382
1202
264
16565
11105
11715
11587
11054
14090
604
11193
11423
299
759
399
10966
16691
16668
261
4025
14026
572
10997
11175
16522
16531
128
10966
16691
16668
261
4025
262
11118
14046
16367
20207
197
16638
16681
61
16690
16698
10983
317
16419
526
11002
14103
11604
16655
35
162
16580
172
381
574
172
381
574
969
11626
16417
349
13625
16418
11222
468
13840
16446
16578
16693
253
403
485
16374
13621
13624
11114
14100
16389
60
181
11088
633
578
11072
11072
578
1160
13534
362
470
14048
380
232
398
631
14087
14105
11481
16504
16687
20023
397
11276
16508
191
16452
650
593
202
411
7986
11029
11110
11605
7986
11029
202
411
11110
11605
329
389
11025
11153
1083
11451
16443
391
456
11179
11213
576
16380
16510
560
726
10986
16373
958
14047
213
14028
16514
11263
1028
11181
13680
11439
14121
16479
271
4027
16391
14028
16514
540
11263
10991
309
374
16692
458
16652
16462
16694
11249
12500
13842
13857
229
11606
205
663
11607
16652
16462
11004
13518
14095
10974
769
981
16683
14042
16484
16676
11012
16570
16579
16719
221
453
174
199
16534
11053
11097
16387
101703
218
16519
435
536
16670
634
11498
14043
20203
11199
14091
16661
16521
16670
370
629
16629
406
605
766
11094
16416
16573
423
4044
14099
16409
16705
16729
533
11106
16451
592
1084
11027
11199
14091
16661
13681
16455
16662
494
620
783
11023
11521
14027
16505
11284
16384
16622
20060
339
14109
16442
16558
11187
16600
382
16427
16468
16501
14024
16660
375
11457
14044
16709
11084
16430
1163
7394
16375
16423
20206
454
16728
198
723
16433
16697
98
16362
796
7653
14102
16609
16667
285
335
16724
295
16669
628
11056
16686
298
1174
11024
640
1080
11060
599
665
208
725
14023
16403
268
11214
11230
13514
16602
352
763
916
11200
16358
16563
16620
16702
646
11135
11209
11241
565
1019
7455
324
11186
11427
16491
106
11220
11493
16426
16659
175
11001
11221
16395
601
11071
13853
16685
75
328
503
11064
16397
16635
50
11126
11216
16406
16618
16716
11055
11100
11141
11537
16511
11126
11216
16406
16496
16587
50
421
16399
355
11472
16606
16566
11035
13290
16444
16493
10993
16404
167
10970
10994
11248
562
16680
1067
11033
11121
14086
16499
16524
257
582
13677
16632
365
11197
11509
63
384
10993
16404
167
10970
10994
11248
10979
11174
11085
11225
11283
11501
564
1272
13291
16650
11133
11223
13618
13855
11174
10979
11085
11225
11283
11501
564
11484
16408
16704
289
539
1272
16665
28109
1273
11171
16576
16715
342
366
1275
16396
418
16696
173
332
1034
1175
7458
16401
20142
342
366
1275
11171
16576
16715
418
16396
368
727
1086
203
11038
16463
16718
538
10980
11143
12611
16513
214
10989
390
13849
16666
333
11255
16371
200
11108
16536
11499
14119
16594
194
11038
16463
16718
203
10980
11143
12611
16513
538
1011
11016
11041
11251
86
11245
13288
16675
11041
11251
86
11245
13288
16675
359
1062
16428
201
269
336
10978
11480
13530
16365
16586
461
1199
16414
16438
16530
16612
16644
67
388
1271
11151
16497
1203
419
1198
6667
11037
11519
16644
67
461
1199
16414
16438
16530
16612
388
1271
11151
16497
1203
11006
11136
13859
215
732
11211
16507
16706
11286
11532
11559
16394
1075
11159
13295
13830
16415
16597
11185
11226
16506
11017
11042
11145
11473
16673
532
11286
11532
11559
16394
16402
16591
16616
16706
16584
16633
192
11028
11288
11590
16445
16585
11257
11280
12499
13826
16603
237
312
11258
11458
16596
16636
16564
16703
479
784
11168
13284
16465
455
523
10990
11087
11095
16393
16450
11412
16459
16483
16658
16537
11258
11458
16596
16636
237
312
16564
16703
11104
13831
471
11129
11195
16361
16369
16425
16482
290
11061
11196
13685
16370
20145
80
266
575
11147
466
1085
612
11058
11250
16480
471
11104
13831
290
11129
11195
16361
16369
16425
16482
16714
624
11162
11228
16500
16608
16731
267
10984
11009
11123
13836
16435
367
467
11206
10998
11067
11160
11218
16360
16368
16598
16630
431
10999
70
624
11162
11228
16500
16608
16714
10984
11009
11123
13836
16435
16731
267
11164
13628
13838
210
11109
11149
478
505
800
1010
11066
13519
13682
16605
16656
16720
639
731
11128
11194
13459
13634
11285
13504
11146
13506
16434
16492
16575
259
334
600
16568
210
11164
13628
210
11109
11149
11239
16421
11030
11092
11101
11119
11483
721
11426
16457
16664
768
1259
16607
249
1274
11069
14021
10992
11070
11131
11155
16592
16601
1151
11267
16436
11030
11092
11101
11119
11483
721
979
14108
16581
16589
222
11007
439
1025
11138
11212
14111
16378
481
649
11266
11478
16460
81
392
474
11098
11518
16461
16626
392
474
11266
11478
16460
81
318
609
11098
11518
16461
16626
11083
16619
236
11192
11396
11500
11520
16538
917
11167
16588
16621
280
522
722
36
11161
11169
11167
16588
16621
522
722
36
280
11161
11169
11203
16474
16515
16721
11043
11253
16624
16722
433
525
992
11139
217
11010
11172
16372
16732
570
11173
11231
83
16732
11010
11173
11231
83
219
570
11232
16487
16571
110
799
11233
16448
255
437
445
546
11120
16449
16532
16614
180
11506
16466
16590
548
802
1147
11154
10987
10996
16604
196
238
13858
918
1066
11032
13845
16392
16424
16647
656
11235
13657
11018
11034
11154
11476
16567
16707
13851
260
659
797
964
11090
16420
16494
11047
14025
718
11224
16710
967
11031
11201
11217
16464
288
338
10973
11144
11176
11274
414
531
573
11113
11450
13847
364
962
11026
16475
316
971
11163
11287
11224
16710
11031
11201
11217
16464
288
338
967
11202
16400
16481
239
422
11275
16599
16623
16639
16657
348
13524
291
657
777
11115
16625
16641
326
963
1027
657
777
13524
326
963
11115
16625
16641
1027
586
11021
11157
11289
395
16366
16512
16613
256
438
655
16672
307
464
785
1012
16713
300
325
440
516
11036
11063
16701
16725
109
13630
395
16366
16512
16613
16672
256
438
655
16713
307
464
785
1012
408
632
11204
11019
11089
82
16733
277
544
594
1006
263
314
463
547
11529
648
776
10965
11489
13523
87
408
632
11204
11019
11089
643
519
177
469
537
84
10988
170
297
11403
11068
517
11044
16379
11130
274
549
11189
13626
16411
550
770
10967
11045
11140
73
401
450
771
11091
13516
644
520
529
603
661
305
638
11015
487
79
11096
11170
308
11065
101714
654
1030
11040
514
308
11096
11170
417
509
327
11156
13824
610
11420
16454
254
1029
765
774
11398
775
11210
16631
416
786
16699
658
108
108
310
434
1159
16627
773
11022
11240
101713
337
647
281
11107
11003
11207
11005
642
101711
772
11125
279
11177
71
473
524
90
966
504
545
480
16478
16643
504
545
966
323
101708
101710
16453
512
101715
315
630
465
311
101707
1277
101712
11507
660
101689
101700
101705
101704
101706
101701
101699
