30328
92
93
30329
139
138
150
151
165
164
174
331
173
176
198
197
207
208
217
218
306
308
311
344
358
401
417
422
435
464
883
946
983
984
1019
30568
30602
1728
1815
1845
2172
2184
2331
2332
2558
2631
30818
30820
30819
2688
30837
30838
3016
3288
3511
3555
3744
31113
3855
3975
3976
4070
4071
4073
31186
4119
4647
4654
4655
4656
4657
4660
31285
4665
31287
31288
4672
4677
4678
5404
5520
5532
5587
5588
5591
5625
6138
6170
6175
6179
31614
6181
6202
6216
6396
6400
31701
6484
6531
6569
6643
6649
6762
6796
6801
31790
31791
31793
31794
31798
31800
31801
31806
31808
31809
31810
31811
31812
31815
31816
31818
31820
31822
31824
31827
31828
31830
31831
31834
31835
31836
31837
31838
31839
31867
8046
8064
32146
8557
8711
8720
8721
8881
8882
8945
8986
9080
32340
9333
9357
