738
14983
15026
909
5
14975
153
14957
910
112
15660
22440
15046
743
223
133
3
14969
16956
751
58
14959
117
794
14979
15022
1269
22391
4
913
847
684
14973
3891
118
15659
21365
114
121
129
15090
14961
1270
139
744
14967
18814
20840
1267
14271
22444
21886
113
790
132
103
137
7
15661
17033
243
15085
11719
1015
51
119
144
698
21300
16128
14
15657
95
186
15072
21650
534
25365
115
116
1017
490
17
14981
789
17032
15
750
15048
15656
14796
950
15079
791
26997
104
18
25244
123
793
747
15050
15032
131
21634
978
561
57
15653
748
273
28821
65129
240
387
8
497
14794
974
446
28960
699
138
20718
680
66
224
164
350
976
11
15100
111
16523
626
1016
15024
136
14971
122
134
580
911
730
15088
954
101336
792
130
183
1268
9855
901
15257
589
426
11238
15288
711
15537
159
52
946
975
15255
21737
241
23821
140
120
14985
15040
15104
15294
21
606
993
1135
10977
798
449
67704
56
1146
351
15034
951
13
12
982
29764
3989
781
617
1281
93
67261
427
499
758
20576
19513
1020
142
1008
448
16489
23940
20408
226
15038
11219
135
22686
71285
15261
452
15538
306
94
30014
588
22
1176
16543
15106
989
956
100
493
53
22524
20221
16544
69429
38
712
15036
13683
301
32
1078
16611
143
16547
296
23321
69575
16520
68790
16541
581
585
1265
988
980
21474
1035
15074
700
14798
246
227
16136
16548
54
459
662
919
16441
