95
183
184
199
200
228
229
304
321
30348
345
406
525
542
698
885
886
887
888
889
890
891
892
893
894
895
896
897
898
899
900
901
1222
2515
2581
2588
2637
2661
3436
3854
4773
4774
28
4779
4780
4783
4784
29
5258
5270
5525
5949
6006
6007
6144
31792
7953
8397
8428
8549
8657
8921
8956
9443
9451
9539
10568
10771
44
11792
11956
12712
13125
13500
14255
15019
15058
15234
15860
15959
16893
18033
18368
18851
19322
19383
34910
19928
19967
20355
20772
21101
21182
35304
21355
35554
22250
22251
22290
22291
23014
23368
23518
23644
24471
58
24666
24707
25065
36408
25664
26104
26649
26773
27261
27262
27263
27272
27386
27458
5525
5949
6006
6007
6144
31792
7953
8397
8428
8549
8657
8921
8956
9443
9451
9539
10568
10771
44
11792
11956
12712
13125
13500
14255
15019
15058
15234
15860
15959
16893
18033
18368
18851
19322
19383
34910
19928
19967
20355
20772
21101
21182
35304
21355
35554
22250
22251
22290
22291
23014
23368
23518
23644
24471
58
24666
24707
25065
36408
25664
26104
26649
26773
27261
27262
27263
27272
27386
27458
