262
30348
345
621
30396
786
1013
30441
1081
1082
1083
1085
1182
30475
30518
30536
30537
1379
1380
1590
1618
1676
1687
1839
1840
1841
1842
1843
1926
1963
1989
1990
1994
2031
2076
2134
2151
2159
2160
2224
2234
2261
2284
2406
2408
2427
2428
2460
2818
30905
30906
30907
2937
30936
2968
30959
3261
3262
3263
3264
3265
3266
3267
3268
3269
3270
3271
3272
3273
3274
3275
3277
3276
3278
3279
3281
3282
3283
31033
3488
3489
3490
3491
3492
3493
3494
3495
3496
3497
3498
31063
3499
3500
3501
3502
3504
3506
3507
3508
3509
31064
31065
3510
3512
31079
3725
3827
3939
3941
3942
3950
3951
3952
3953
3954
4007
31192
31193
31201
31202
4148
4170
4247
4292
4293
4294
4301
4302
4306
4429
31302
4761
4762
4763
4764
4765
31303
4766
4767
4769
4771
4773
4779
4780
31305
4785
5179
31341
5197
31374
30906
30907
2937
30936
2968
30959
3261
3262
3263
3264
3265
3266
3267
3268
3269
3270
3271
3272
3273
3274
3275
3277
3276
3278
3279
3281
3282
3283
31033
3488
3489
3490
3491
3492
3493
3494
3495
3496
3497
3498
31063
3499
3500
3501
3502
3504
3506
3507
3508
3509
31064
31065
3510
3512
31079
3725
3827
3939
3941
3942
3950
3951
3952
3953
3954
4007
31192
31193
31201
31202
4148
4170
4247
4292
4293
4294
4301
4302
4306
4429
31302
4761
4762
4763
4764
4765
31303
4766
4767
4769
4771
4773
4779
4780
31305
4785
5179
31341
5197
31374
5493
31472
5652
5653
5662
5663
5664
5665
5666
5667
5668
5669
5670
5671
5718
5730
5733
5750
5850
5854
5856
5857
31542
6023
6314
6324
6361
6461
6462
6463
6464
6465
31716
31717
6523
6546
6634
6672
6689
31787
31792
6825
6826
31847
6828
31848
6944
7039
7040
7041
7051
7059
7060
7061
31936
31937
7248
7249
7252
31947
31949
31950
31951
31952
7274
7275
31953
7302
31962
7365
7368
7406
7418
7653
7673
7827
7937
7964
8022
8055
8056
8061
8103
8166
8243
8249
32137
8250
32149
32161
8359
8383
8384
8385
8386
8391
8393
8396
8397
8442
8443
8453
32195
8460
8461
8462
8463
8464
8470
8500
32211
8547
32212
8548
32213
8549
8550
32214
8656
8670
8691
32247
8724
8725
8726
8795
8802
8803
8837
8868
8870
8892
8893
8894
8921
9082
32318
9121
9122
32327
32328
32329
32330
9125
32357
9250
9272
9370
9371
9390
9392
9393
9405
32409
9512
9519
9533
9584
9585
9663
9768
9892
32502
9895
32504
9923
9931
32505
9932
9936
32506
9937
32537
10000
32548
10007
10052
10095
32568
10139
10190
10191
10192
32580
10241
10303
10406
10450
32603
10491
32615
10575
32616
32617
10664
10887
10900
10918
32715
32721
32725
11226
11352
32996
11938
12066
33042
33058
12218
12223
12224
12225
12226
12235
12241
12243
12246
12253
12278
33071
12311
12318
12319
12320
12321
12322
12323
12324
12343
12344
12345
12346
12466
12557
33129
33130
12584
12602
12620
12630
12712
12796
33212
33213
12801
12817
33217
12866
12916
33240
33241
13201
13312
13316
13317
13495
13501
13524
13525
13526
13657
33427
33491
33503
14388
14389
14637
14669
33637
14790
33645
33712
15138
15185
15240
15276
15277
15282
15299
15300
15326
15589
15640
15656
15658
15659
15661
33855
33856
15666
15727
15744
33885
16032
16221
16236
33990
16314
33997
16332
