274
284
30389
668
30474
1278
1905
30667
2034
2105
2108
2256
30749
2360
2363
2364
2365
2366
2380
2799
30882
2812
2959
3037
3308
31148
31149
31323
4925
5247
5728
6613
6614
6617
7077
31938
7414
32055
32277
32331
9130
9454
9477
9598
32474
10005
32770
32778
11531
11530
32779
11573
32803
32804
11645
11712
11744
32923
11747
11892
12190
12330
33098
12482
12485
12527
12858
13352
33337
33345
33489
33498
14215
14769
14937
33654
15098
33718
15099
33742
33743
16113
33975
16235
16434
34034
34035
34215
34295
17437
34298
34406
17784
34422
34423
34461
18023
18099
34487
18100
34488
34489
18101
18102
34490
34492
34491
18103
18484
18728
19158
19538
20930
20931
20932
35208
35210
21821
35493
22539
35689
22970
35836
23697
23934
36002
36215
25123
30323
36369
36370
25151
25319
36435
25414
25416
25417
25657
25658
25862
25863
27170
27250
27251
36791
36792
27475
32779
11573
32803
32804
11645
11712
11744
32923
11747
11892
12190
12330
33098
12482
12485
12527
12858
13352
33337
33345
33489
33498
14215
14769
14937
33654
15098
33718
15099
33742
33743
16113
33975
16235
16434
34034
34035
34215
34295
17437
34298
34406
17784
34422
34423
34461
18023
18099
34487
18100
34488
34489
18101
18102
34490
34492
34491
18103
18484
18728
19158
19538
20930
20931
20932
35208
35210
21821
35493
22539
35689
22970
35836
23697
23934
36002
36215
25123
30323
36369
36370
25151
25319
36435
25414
25416
25417
25657
25658
25862
25863
27170
27250
27251
36791
36792
27475
