118
119
146
147
14738
155
154
305
321
30349
342
347
30350
370
371
30351
30352
443
466
30369
664
812
905
30418
906
907
1041
30430
30439
1079
30444
1093
30448
1121
1122
30457
1150
30466
1168
1312
1313
1343
1352
30570
30581
1650
1674
1692
1708
1715
30603
30604
1754
1755
1756
1757
1873
1878
1907
1908
1909
1910
30658
1912
2010
30692
2024
30696
2026
2036
2037
30709
2060
2070
2071
30719
2143
30733
30734
30732
30735
2167
2185
2187
30745
2280
2322
2323
2335
2336
2337
30779
2349
2350
30780
2390
2407
2409
2494
2496
2638
2782
2805
2813
30903
2825
2915
2939
2940
2964
30953
30958
3031
3038
3047
3057
3062
3079
3087
3088
3099
3165
3166
30997
3280
3304
3327
3328
3331
3333
31032
3338
3358
31034
3365
3480
3511
3515
31088
3721
3774
3813
3835
3850
3856
3868
3877
31130
31131
3962
