30422
30423
1516
30625
30667
2959
3735
31187
4614
31342
31349
31378
31759
31854
31855
31880
31938
7219
31940
31941
31943
32022
32023
32083
32299
32300
32301
32302
32303
32304
10627
10628
32625
11744
32923
11745
11746
11765
32940
11895
33191
12741
33215
33222
33223
13209
33470
14977
34032
34217
34221
18785
21977
21978
35533
35535
35536
22358
35679
35937
23697
23927
35995
35998
36002
36016
36017
36018
36019
36056
36073
36435
25414
25415
25417
36437
25418
25557
36520
36534
36537
25836
36558
36557
36559
36568
36570
