28120
63531
43350
28137
28140
63669
43396
43431
43436
28179
28187
63885
63914
63954
63975
43540
43555
64004
28264
64064
28279
64102
43608
64114
43623
64183
43648
43671
43690
64372
64370
43751
64424
28434
28437
64455
28445
43802
28507
43821
28488
28501
28522
64577
43838
28558
28549
64689
64742
64854
28771
43991
28787
44016
28801
44030
28290
65016
65064
28828
28834
28837
44100
28883
28882
44145
65305
65395
65336
64383
44275
28978
44278
65503
44322
44352
44373
29037
29052
29065
44396
44423
44421
29082
44444
29134
65860
29133
44536
29128
65843
65864
44552
44550
29166
65914
29194
65924
29174
29187
18170
66001
65997
66026
29251
66069
29263
44693
29310
64829
44711
66198
44738
66294
29347
29333
29354
66546
29404
29383
29421
25702
66433
29415
44899
44907
29475
29474
29499
66619
44937
29506
29581
66695
45006
45039
29631
66805
45109
66829
66859
45123
45104
45151
29710
29720
29702
45218
29749
45251
45214
45216
67315
67390
29887
45477
29955
30022
45467
30009
45470
30055
30061
45567
45626
45641
30115
45619
30193
30199
30125
45677
45895
30233
45887
45822
68081
68106
30313
18435
45961
30370
68188
30337
30340
30395
30414
68355
30433
30469
30422
46013
30434
68547
46018
30468
30444
30416
30518
46090
68500
30582
30462
17076
30561
46062
30577
15321
68686
30726
30596
30459
30822
30613
30614
30713
46462
30610
30696
46316
30638
46315
46463
69073
46465
30852
30817
31588
30830
30893
30910
31079
31042
46672
31092
46678
31089
31121
31122
25949
31146
46591
31171
46863
31073
46629
69492
30977
31151
46765
31179
31280
31218
31361
31512
31154
31316
31385
31463
70110
21351
69954
70183
47379
47385
31539
31549
31476
31490
47159
70286
31460
31390
31620
31687
47034
31702
47139
70404
31845
47500
31895
47275
32133
31704
31773
31804
31628
47501
31575
32148
17803
31800
32057
47350
47634
31838
31887
32055
47628
