72
82
83
96
97
114
140
141
167
330
190
189
202
201
219
220
245
267
268
340
347
348
366
420
447
467
472
477
30364
487
490
492
493
555
561
568
571
578
613
622
623
633
650
711
715
736
764
766
791
804
825
15
939
968
1027
30422
30423
30428
30437
30452
1115
1177
1285
1383
1389
1401
1409
30545
1488
1497
1506
1511
1512
1522
1524
1526
1527
1532
1539
1542
1549
1551
1564
1580
1581
1586
1605
1608
1607
1622
1625
1651
1668
1688
1696
1698
1918
1919
1930
1948
30716
2091
2122
2129
2198
2341
2513
2519
2560
2584
2675
30842
2768
2803
2842
2954
2966
2985
2999
30964
30966
3186
3398
3404
31054
31055
3416
3418
3428
3533
31068
31075
3653
3699
3733
3803
31141
4119
4239
4344
4388
4413
4416
4426
4591
4622
4705
4735
4762
4807
