28124
63672
28155
43442
28176
28179
28177
28196
43492
28204
28227
28241
43538
43542
28248
28254
28260
28267
64070
43601
43633
43637
28306
28325
28330
64285
28339
43703
28371
28369
64352
64342
43731
64407
28426
64491
28460
43821
28552
28593
64736
43909
28737
28743
43970
28768
43987
64917
28814
65023
44056
65045
28872
44121
28881
28875
28923
65215
28917
28943
65340
28959
28952
28954
28956
28963
44269
28975
28986
65487
29037
44411
29051
29077
29058
29081
29083
44427
29079
29096
29129
65788
44505
29164
29184
29147
29172
44562
65905
65932
65931
66078
29195
65965
66006
44627
66034
44643
29240
29265
44650
44679
29284
66181
44692
66222
44742
66277
44741
29339
29332
44798
29334
29350
29419
29422
29413
44886
44843
29484
39948
29456
44924
29471
29509
66621
29534
66711
44992
29545
66710
66735
45061
29608
29617
45145
45253
29689
29738
66973
67016
67029
29727
45183
45301
45296
67182
67273
29789
29780
45303
25019
45304
29808
29830
29853
45323
67460
29897
45474
29892
45444
29913
67660
29918
29924
29934
68091
30018
30130
45554
45592
30112
45584
30110
30073
30175
30144
45681
30193
30120
45674
30164
30159
67884
30185
30274
45708
45823
45754
45875
30307
30265
45862
45711
30258
30259
45743
45740
30299
30354
45813
30316
30279
30222
45962
30261
68093
30356
30403
30403
30349
30322
30268
30394
30369
45900
30392
30348
30298
68302
30339
30328
30418
30381
68454
68558
30435
30558
30739
30517
68418
30483
68557
30448
30652
30457
30411
30484
46136
30406
30507
30601
30487
30595
30458
30510
30505
30524
30602
30540
30623
30668
30719
46382
30545
69253
30550
46183
46255
30683
30685
68772
46262
30584
30634
30752
30615
16308
46314
46348
30675
30656
30801
30655
30741
68948
30776
30779
30708
46525
30867
46465
30781
30807
69200
69205
30874
69193
30897
30850
31013
30945
31041
46683
30983
31084
69320
31015
31125
