462
645
1014
1058
1068
1069
30442
1092
1094
1095
1096
1097
1098
1128
1150
1250
1252
1276
1281
1323
1383
1469
1560
1751
2009
2024
2027
2145
30728
2158
2475
2631
2722
3014
3028
3086
3287
3532
3799
3882
3943
4245
4246
4369
4370
4379
4382
4394
4395
4396
4399
4408
4411
4412
4417
4426
4439
4440
4448
4451
4452
4455
4457
4482
4552
4554
4616
4619
4624
4627
4694
4706
4709
4710
4730
4745
4749
4795
4796
4799
4804
4829
4834
4839
4840
4847
4848
4854
4857
4860
4865
4867
4874
4881
4883
4894
4896
4902
4927
4930
4942
4943
4946
4947
4962
4968
4974
4978
4981
4988
4989
4991
4994
5002
5004
5005
5010
5019
5023
5036
5041
5047
31336
5059
5060
5075
5076
5090
5098
5103
5107
5114
5130
5131
5137
5146
5147
5151
5152
5153
5156
5157
5160
5170
5179
5294
5389
5390
5392
5395
