98
99
248
254
348
387
393
419
423
554
564
572
574
575
579
30380
634
645
30386
649
30387
653
657
661
713
728
777
782
789
802
803
835
842
874
877
891
916
924
1020
1030
1107
1124
1138
1150
1158
1331
1395
1399
1400
30544
1404
1405
1406
1408
1417
1445
1448
1450
1455
1457
1462
1464
1490
1495
1498
1523
1536
30571
1543
1545
1566
1570
1571
1576
1587
1592
1595
1603
1604
1611
30586
1623
1624
1629
1639
1643
1648
1649
1682
1689
1697
1703
30599
30607
1758
1759
30616
1942
2014
2158
2189
2299
2346
30860
30861
2762
2970
2972
2981
3058
3076
3305
3363
3406
3518
3534
3535
3539
31071
3554
31082
3749
3783
3786
3972
3984
4120
4242
31234
4248
4293
4294
4295
4365
4370
4373
4376
4377
4402
4421
4442
4458
4553
4623
4702
4754
4759
4783
4797
4798
