30426
1261
1266
1315
1333
1336
3379
4019
4222
4439
4799
4883
4896
4931
4943
4980
31336
5053
5076
5661
5757
5865
6692
6694
8839
9101
9126
9426
9441
9732
9733
9893
10090
10153
10225
10277
10300
10318
32586
10324
32588
10330
10367
10392
10393
10811
32678
10854
10855
11015
11016
11109
11136
32720
11161
32722
11171
11181
11190
11197
11207
11246
11247
11272
11274
11308
11317
11318
11356
11357
11394
11407
11408
11441
11486
11487
12012
12186
33085
12395
16434
34034
34035
16946
16947
17006
34378
34377
18142
18484
20763
20915
35208
35210
20938
20940
20941
20942
35218
35222
35223
20951
20952
35225
20958
20980
35241
21581
21587
23240
24003
36405
25319
25328
25335
25343
25380
25381
25382
25383
25404
25412
36438
25447
25946
25974
25987
25988
25990
25991
25992
25993
25994
26034
26039
26040
26045
26057
36607
26084
26085
26087
26189
26200
26219
26220
26224
26228
26240
26247
11016
11109
11136
32720
11161
32722
11171
11181
11190
11197
11207
11246
11247
11272
11274
11308
11317
11318
11356
11357
11394
11407
11408
11441
11486
11487
12012
12186
33085
12395
16434
34034
34035
16946
16947
17006
34378
34377
18142
18484
20763
20915
35208
35210
20938
20940
20941
20942
35218
35222
35223
20951
20952
35225
20958
20980
35241
21581
21587
23240
24003
36405
25319
25328
25335
25343
25380
25381
25382
25383
25404
25412
36438
25447
25946
25974
25987
25988
25990
25991
25992
25993
25994
26034
26039
26040
26045
26057
36607
26084
26085
26087
26189
26200
26219
26220
26224
26228
26240
26247
26278
26284
26285
26295
26318
26331
36647
26332
26333
26334
26340
36650
26377
26382
26391
26429
26448
26455
26486
26495
26505
26506
36667
26532
26553
26559
26564
26580
26587
26591
26597
26598
26604
26616
26621
26634
26653
26656
26667
26707
26725
26733
26754
26756
26780
26791
26792
26801
26802
26831
26840
26850
26852
26866
26867
26887
36717
26912
26939
26940
26972
26998
27004
27007
27013
27020
27022
27033
27035
27037
27073
27085
27136
27138
27250
27251
