1467
1503
2857
2856
4191
4365
4367
4368
4372
4373
4374
4377
4378
4380
4383
4388
4390
4391
4393
4398
4400
4402
4409
4410
4413
4416
4418
4420
4425
4427
4428
4430
4431
4433
4434
4435
4436
4438
4441
4447
4450
4453
4454
4456
4459
4461
4462
4550
4553
4622
4625
4626
4628
4679
4680
4700
4702
4705
4711
4712
4715
4716
4717
4720
4721
4731
4732
4737
4754
4755
4788
4798
4801
4803
4807
4823
4824
4825
4828
4831
4837
4855
4856
4861
4863
4866
4868
4872
4873
4880
4886
4887
4888
4893
4895
4897
4934
4935
4936
4937
4948
4949
4950
4951
4952
4957
4958
4960
4961
4963
4964
4965
4966
4970
4971
4972
4973
4975
4976
4977
4979
4982
4985
4986
4990
4995
4998
5000
5001
5003
5008
5011
5016
5017
5018
5020
5022
5024
5025
5027
5028
5030
5031
5032
5033
5035
5040
5042
5043
5044
