1059
30590
1676
30609
30612
30650
30714
30897
31026
31068
31074
31109
3998
4245
4424
4629
4695
5482
31428
5491
5725
6432
6454
6505
6710
7321
7329
32080
32098
8120
32378
10235
10242
10282
10396
10899
32703
11051
11073
11076
11077
11128
11258
11264
11369
11474
11481
11733
11852
11863
33000
11877
12210
12242
12271
12464
33196
12825
33372
33380
14609
33591
33592
33728
15413
33793
33836
33988
33989
17422
34335
34367
18496
19084
19359
19360
35039
20413
35116
20596
35167
35276
35286
35317
21542
21651
22524
22562
35841
35842
35891
35945
23705
36038
36048
24379
36174
24895
25212
36392
36454
25638
36578
26141
36631
26335
26357
26362
26672
26753
27072
27135
27276
28541
33000
11877
12210
12242
12271
12464
33196
12825
33372
33380
14609
33591
33592
33728
15413
33793
33836
33988
33989
17422
34335
34367
18496
19084
19359
19360
35039
20413
35116
20596
35167
35276
35286
35317
21542
21651
22524
22562
35841
35842
35891
35945
23705
36038
36048
24379
36174
24895
25212
36392
36454
25638
36578
26141
36631
26335
26357
26362
26672
26753
27072
27135
27276
28541
