44529
44542
44541
44566
44568
44567
44580
44581
44596
44597
44598
44630
44643
44613
44614
44615
44631
44632
44670
44681
44682
44684
43915
44683
44696
44695
44694
44749
44732
44748
44747
44750
44787
44772
44805
44858
44806
44821
44842
44857
44877
44875
44876
44896
44897
44933
44932
44934
44958
44960
45024
44959
44974
44975
44976
44973
45023
45047
45025
45000
45026
45046
45067
45065
45064
45138
45088
45135
45110
45111
45137
45112
45164
45165
45133
45136
45166
45134
45194
45196
45230
45228
45231
45232
45229
45261
45263
45315
45262
45283
45282
45313
45314
45387
45343
45345
45390
45391
45451
45389
45385
45388
45384
45382
45412
45414
45386
45453
45383
45416
45498
45489
45415
45531
45536
23717
45494
45495
45497
45493
45534
45530
45535
45491
45529
45539
45528
45607
45533
45602
45575
45538
45527
45573
45603
45604
45605
45606
45608
45610
45653
45692
45652
45697
45648
45660
45657
45698
45659
45647
45892
45685
45655
45725
45694
45695
45727
45728
45689
45690
45722
45721
45887
45796
45765
45798
45766
45768
45797
45841
45767
45769
45794
45799
45893
45840
45836
45835
45838
45839
23864
45889
45890
45891
45886
45950
45990
45944
45946
45947
45989
46045
45996
46046
45994
45987
45997
46047
45999
45992
45995
46048
45985
45998
45993
46223
46105
46218
46215
46222
46104
46107
46103
46099
46108
46100
46109
46101
46212
46219
46220
46102
46164
46214
46159
46160
46213
46158
46216
46161
46276
46221
46165
46155
46156
46274
46278
46281
46342
46273
46335
46280
46275
46337
46336
46333
46340
46346
46495
46338
46413
46410
46339
46414
46418
46489
46420
46411
46417
46407
46419
46634
46405
46490
46415
46494
46491
46492
46488
46566
46562
46641
46564
46568
46493
46571
46563
46569
46570
46637
46723
46714
46717
46719
46635
46644
46721
46642
46643
46636
46639
46727
46726
46720
46712
46638
46640
46715
46632
23731
46801
46804
46807
46808
46809
46802
46911
46803
46815
46713
46811
46813
46805
46919
46914
47001
46918
46921
46915
46920
46916
47006
46913
46908
47007
47108
47008
46905
47004
46912
46912
47003
47113
47098
47110
47101
47114
47005
47116
47205
46999
47194
47112
47197
47115
47201
47305
47198
47195
47200
47192
47202
47109
47315
47103
47107
47100
47099
47193
47312
47438
47307
47309
47317
47314
47303
47428
47319
47310
47304
47545
47316
47548
47436
47313
47433
47434
47427
47555
47440
47557
47432
47423
47426
47556
47430
47559
47550
47439
47560
47562
47551
47553
47705
47567
47546
47564
47566
47857
47568
23721
47565
47563
47859
47710
47861
47694
48032
47708
47686
47702
47711
48027
48028
47704
47696
47706
47867
47699
47701
47703
47862
48016
47692
47863
48020
48030
47858
47699
47701
47860
48026
47865
47697
47707
48025
48029
47866
48024
47846
47855
48023
48012
47844
47854
47853
47845
47849
47850
48011
47845
47848
48169
47852
48164
48017
48167
48014
48163
48165
48156
48168
48158
48334
48330
48335
48154
48512
48332
48159
48160
48329
48522
48327
48520
48155
48515
48149
48328
48521
48148
48326
48518
48153
48494
48151
48152
48331
48516
48519
48499
48511
48505
48320
48664
48313
48524
48671
48672
48674
48665
48312
48666
48497
48314
48510
48315
48670
48317
48322
48668
48500
48317
48675
48906
48506
48501
48504
23713
48502
48905
48509
48677
48903
48676
48897
48663
48895
48679
23871
48904
48685
48896
48898
48892
49905
48686
48907
48681
48683
48907
48893
49106
49094
48886
48908
48889
48899
49092
49105
48891
49093
49110
23877
48884
48887
23737
23772
49113
49102
49127
49116
49097
49128
49120
49114
49125
23765
49115
49117
49117
49119
49123
49091
49357
49118
49338
49360
49342
49103
49365
49104
49351
23708
49346
23881
49107
49370
49355
49332
49333
49352
23763
49366
49358
49621
49361
49362
49363
49345
49612
49359
49368
49371
49341
49343
49613
49599
49340
49354
49367
49348
49616
49353
49604
49881
23777
49614
49601
49617
49628
49629
49865
49600
23885
49627
49593
49603
49618
49619
49602
49595
49596
49620
49623
49615
49625
49883
49594
49885
49884
49906
49907
49909
49880
49910
49901
50204
49873
49894
49875
49876
49898
49867
49879
23868
49871
49882
49892
49902
49888
49899
50241
49868
49900
50229
49870
49891
49893
50236
49874
49895
50225
49887
49908
50218
49598
49890
50252
50221
50590
50208
50224
50246
50226
50562
23880
50227
50219
50243
50205
50244
50209
50247
50216
23751
50220
50230
50233
50579
50223
23796
50215
50248
50249
50242
50586
26358
55077
22797
50245
50567
50239
50237
50238
50594
50576
50571
50592
50585
50560
50582
50583
50585
50595
50587
50589
50915
51351
50917
50922
50580
50946
50573
50563
50574
50906
23719
50909
20495
50553
50556
23782
50953
50565
50566
50568
50591
50561
50572
50591
50561
50572
50908
50914
51350
23860
50919
50925
50967
22509
50923
50939
50968
50958
28110
50961
50956
50941
50931
50942
50932
50945
50934
51352
51364
50936
50951
50938
50957
50963
50966
50957
51347
50959
50933
51394
51375
51362
51370
51381
51406
51849
51377
51379
51391
51405
51373
51838
51860
51374
51395
51829
51399
51390
51360
51799
23741
51383
51353
51371
51867
51383
51353
51384
51407
51366
51388
51398
51358
51389
51359
51410
51402
51403
51363
51393
51858
52270
51869
51870
51408
51409
51831
51872
51346
51368
51400
23883
51369
51869
51870
51355
51830
51871
23749
51367
51822
52278
51801
51835
51857
51382
51802
51836
51828
51365
51839
51844
52329
51811
51832
51856
51865
52268
51824
51847
51848
51806
51850
23775
52325
52296
52306
22505
51851
52320
51820
51846
55985
51815
23711
52263
52316
51818
51841
51862
52308
51819
51863
51854
51864
51812
52256
51813
52257
52294
52324
23887
51814
51827
51805
52326
23745
51816
51861
52273
52307
52327
52328
51810
51845
52267
52291
52312
52323
52269
52283
52295
52314
52262
52271
52315
52286
52297
51808
52275
52288
23786
51853
52288
51853
52289
52310
23786
52873
52885
52292
52313
23759
52305
22385
52317
52265
23735
52302
23723
52259
52284
23729
52298
52276
52300
52882
52861
52862
52899
22795
52279
52932
22795
52279
52932
52866
52868
52870
52894
52277
52301
52907
52920
52848
52931
52304
52864
52889
52853
52925
52867
52891
52926
52906
52846
52895
52922
52888
52923
52852
52903
52913
52900
53486
23725
52924
52903
52913
52914
20489
52879
52859
52930
52887
52902
52912
52934
52890
52856
52904
53532
52905
52916
52927
53534
52928
53501
53531
23747
23769
52874
52875
52911
52876
52877
53519
52878
53508
52857
53511
53495
52908
53485
53540
53518
53473
53488
53506
53490
53477
53509
53478
53535
23802
53481
53538
25357
53514
53542
53503
53544
54234
23805
53496
53513
53514
53542
53503
53544
54234
56014
53548
54238
53493
25355
53512
54228
53528
23792
53487
53546
53475
53523
54226
54240
54227
20493
53527
54218
53530
24087
23767
54169
54231
54197
54149
54179
23767
54217
23733
55016
22513
54208
54190
54237
54213
54201
54214
54154
54202
54159
54163
54185
54230
54189
54173
54210
23876
54177
54212
54178
54200
54183
23771
24049
23866
54184
54203
23856
54207
54222
23727
23862
23879
20491
20497
54221
23743
23779
54223
23800
23790
54219
54225
24088
23794
23788
23739
56998
23761
23715
23858
22511
101492
23875
61147
24085
23798
23757
62607
