15660
16956
28174
15484
15072
64301
43719
28366
28449
24875
28553
28662
44036
14963
17892
16338
65376
16318
65412
65432
29038
29109
29142
65874
66047
66464
66193
29356
29361
29387
29625
45042
29650
45135
66914
67067
67099
29777
45315
30029
29894
29895
67665
45725
67970
30334
45915
30446
24378
68429
46053
68636
68687
68812
16197
69036
46489
69952
30952
69319
31011
31331
31376
69911
21145
69908
31442
47264
31437
70374
24534
70355
47438
71246
47388
31771
32001
32038
32180
32346
32014
48094
71100
71136
32325
71293
32232
15447
32405
48427
71823
48426
48800
33296
72080
32723
48993
72483
48786
33327
32870
32710
48700
25918
33110
33131
32936
33378
33441
49493
33920
33354
49246
34028
33665
73508
33992
33738
33794
49480
25400
49365
49504
50412
73888
50084
74012
34268
73915
50106
28095
21656
74389
50103
34054
51641
35094
34729
50216
34848
51653
34572
19124
24391
34629
50447
17443
24425
51637
50803
75244
35253
36280
24994
75721
20962
25000
36047
35129
34919
35027
75529
24395
34955
75889
50925
34980
50967
24466
51674
51187
51197
51225
35928
52599
35615
24897
20981
28108
36398
36398
35899
22294
24733
36093
24848
20975
26972
22840
51698
76865
21218
21230
37112
24003
24320
51735
24370
36002
24755
36423
36463
26169
36087
52638
18891
22323
37041
22782
52633
77280
27380
52650
53031
24633
77832
17515
25433
17504
36872
25495
37275
21120
24300
37338
24399
37350
78279
21118
24681
24479
77610
22922
24485
24311
37053
23145
25888
37336
25911
23589
25272
53947
27374
27203
53660
24405
39156
24524
37149
53477
24506
23960
27321
79082
27327
22900
17447
78801
78913
79055
21826
23232
38324
39043
27363
24556
38492
22891
24087
27337
23823
24816
24526
38300
27291
24542
39035
27660
20972
28039
24675
25832
27378
24625
27654
38391
21213
22725
24558
27317
20622
24536
37973
24346
38397
23159
17608
24671
24727
