63524
63533
63540
63594
63596
63630
63663
63674
63677
63703
63722
63582
63747
63756
63761
63776
63795
63833
63842
63987
64190
64259
64296
64302
64423
64563
64580
64596
64696
64727
64753
64817
64836
64837
64959
65029
65084
65117
65116
65187
65413
65502
65526
65527
65564
65582
65601
65659
65688
65753
65776
65790
65809
65826
65848
65874
65920
65976
65977
66007
66035
66034
66089
66185
66396
66335
66397
66437
66501
66580
66611
66637
66672
66708
66709
66744
66837
66868
66913
66914
67067
67121
67176
67177
67178
67226
67227
67225
67325
67377
67434
67376
67437
67435
67546
67777
67714
67778
67776
67838
67839
67986
68066
68142
68206
68207
68208
68209
68277
68276
68434
68435
68436
68529
68530
68603
68616
68701
68787
68786
68786
68982
69105
68983
69084
69085
69342
69353
31004
69461
69613
69611
69612
69772
70019
70324
70291
70292
70458
70628
70627
70626
70825
70824
70879
32066
71024
71023
71212
71213
71260
71406
71623
71624
71625
71890
71889
72139
72490
72426
72220
72425
72683
72998
72996
73354
72997
72999
73706
73449
74188
74927
75066
75359
75479
25944
75881
77022
77762
77025
79299
81465
83379
81980
88821
