63576
63602
63604
63658
63672
63687
63701
63714
63755
63787
63815
63873
63915
64025
64070
64071
64136
64141
64177
64217
64344
64328
64366
64482
64462
64508
64579
64589
64621
64643
64678
64685
64695
64717
64716
64750
64736
64788
64765
64813
64936
64991
65003
65095
65288
65326
65378
65431
65618
65581
65897
65788
65958
66006
66122
66184
66237
66238
66327
66329
67066
67009
67175
67274
67224
67322
67323
67374
67496
67599
67650
67836
68064
68063
68128
68783
68980
68981
69608
69879
70624
70162
70289
70290
70456
70457
70623
70622
70822
71018
71209
71210
71619
71621
72990
72989
72988
72991
72994
72992
73351
73350
73352
73700
73701
74069
74925
75354
75355
76404
76399
77020
77017
77757
77755
79296
81459
84451
84450
86379
