64069
64677
65486
65873
66435
66671
66706
66788
67273
67321
67433
67494
67835
68062
68202
68273
68601
69457
69458
69735
69877
70821
71017
71208
71205
71206
71207
71404
71402
71403
71401
71616
71618
71885
71886
71883
71884
72680
72682
72987
73345
73346
73348
73699
73697
74045
74068
75305
74067
74469
74471
74923
75350
75351
75347
75875
75349
75877
75793
76396
75874
76397
77013
77012
77014
77752
77753
77754
78503
78499
78501
79293
80277
80281
80278
81452
84446
84448
84449
84330
84445
84441
84440
86362
86369
86364
88809
88803
86365
88650
88650
88805
88806
88804
88796
95547
91889
91883
95542
91880
91881
95550
95552
91874
95545
91885
95533
