66
74
75
76
77
87
86
90
91
100
101
110
111
102
103
113
112
149
120
121
129
128
130
131
132
133
135
144
158
159
161
162
163
180
179
116
117
186
185
194
195
196
203
204
210
215
216
244
30333
30334
272
13103
303
314
319
353
355
363
364
365
367
383
424
524
526
527
605
638
30399
790
30415
30416
878
910
945
981
982
1038
1040
1065
1066
30439
1136
1137
1180
1318
1327
30533
21
1675
1835
1872
1877
1921
2059
2062
2111
2135
30730
2190
2195
2206
2207
2277
2338
2339
2500
2501
2528
30800
2603
30820
30824
30829
30836
2723
2770
30902
30908
2862
30914
30922
2902
30944
30945
2975
30948
3042
3053
3067
3156
30993
3291
3292
3308
3482
31066
24
3622
3633
3654
3700
3744
3771
3772
3860
26
31155
4023
4024
