814
860
1001
1152
1180
1201
1340
3314
3577
3826
3903
4006
4067
4816
31316
4879
5448
5510
5860
5862
5863
5864
5865
5866
5867
5868
5869
5870
31536
5875
5957
6030
6204
6225
6317
6658
7289
8123
8160
8320
8394
8660
9507
9524
9581
9691
11464
11627
11759
12013
12524
12583
13485
13486
13503
13600
13718
13878
14332
15066
15166
15568
15840
21691
21897
22915
23712
24234
24345
24432
24486
24651
24661
24668
24669
24672
24772
24798
25119
25792
25941
27303
27336
27379
12524
12583
13485
13486
13503
13600
13718
13878
14332
15066
15166
15568
15840
21691
21897
22915
23712
24234
24345
24432
24486
24651
24661
24668
24669
24672
24772
24798
25119
25792
25941
27303
27336
27379
