63526
63527
63530
63547
63549
63562
63564
63570
43346
63578
63585
63588
43349
63596
63597
43356
43365
63626
43368
43373
43372
43375
63649
43378
63652
43383
63657
43387
43386
63662
63668
28143
43395
28147
63692
63691
63695
63705
63706
63707
63710
43422
43425
43427
28163
63725
63727
28166
43434
28173
63764
63774
28181
63787
63804
43469
43478
63832
63836
63852
63872
63878
63875
28212
63890
28219
63939
43527
63948
63955
43528
63957
43529
63956
63961
43535
43534
28242
64006
64012
64020
43570
43575
64026
64044
64039
28269
64061
64058
28272
43592
28276
28274
64095
64098
64117
43620
28152
64150
64132
28291
43628
64160
43654
43645
64182
28308
43651
28313
64186
28314
64209
43660
64294
43670
43677
64250
43685
64251
64260
64274
28342
64290
64322
64308
64325
43717
43715
64347
28365
64327
64331
28375
43720
64360
64387
43740
43732
43749
28399
64392
64404
64388
43756
28415
64422
43788
64462
64519
28195
64464
64469
64506
64479
28459
64509
64537
43803
43799
64516
64548
43818
64549
43817
43820
64579
28515
43824
28505
64571
64574
43833
64593
28527
64608
64622
28545
43864
64642
43860
64649
43862
43877
28571
43878
43880
64724
64737
64709
43895
64722
64726
64725
64712
64711
28633
64734
43903
13296
64742
28624
28643
43907
64783
28669
64907
64778
64794
64813
28714
28730
43938
28742
43952
64831
28757
43964
64884
28769
64913
64874
64894
43983
43994
44002
64947
43999
64919
28792
64982
64996
44008
65015
64972
64991
65009
64984
44058
65043
44063
65042
44050
65096
28825
65055
44083
44091
44111
28849
44109
65152
44110
65097
65123
65137
65171
44135
44134
64261
28878
65190
44143
65157
65154
65199
28884
65183
44156
28903
65198
65220
65221
44179
44177
65259
28936
65301
65271
44223
65309
64291
65321
28949
65326
44239
44252
65355
28953
65379
44280
64383
65404
65392
65410
65431
44282
65419
44285
65498
65427
44300
44298
44299
65465
65457
44305
65477
65479
65459
65618
44325
44326
65527
44339
44328
65643
44343
65581
44374
65657
65579
29050
65660
44378
44399
65594
44377
44367
29053
29062
44398
44413
65645
65663
65688
65668
44436
44425
65830
65897
65753
65764
44465
44445
44451
65758
44538
44453
65771
44477
65783
44486
44494
44547
65878
44526
44523
29168
44553
44551
65884
44556
65907
65995
29171
44559
29191
44575
65958
65955
66065
44604
65966
29238
65996
65986
66029
29255
29252
66125
66067
66127
66101
44690
66157
66152
66185
66175
66158
66163
44705
64791
29287
66358
44808
44703
66238
44758
44721
66240
29320
44745
66292
66422
44733
66249
44779
66402
66396
66357
66380
66311
44763
66309
66401
44776
44839
44796
45027
44832
44793
44802
29378
66414
66433
44860
44817
66467
44883
66474
29443
44882
44949
44891
44863
66580
66556
44904
44885
44906
29448
29459
44929
66564
44905
66596
66558
66590
66796
45432
44930
29509
66653
29525
44944
45009
45008
66672
66711
66685
29511
66671
66657
44965
44993
66725
29560
44962
45021
44970
66815
29555
66732
66745
45018
66744
66681
66683
45003
45015
66748
29672
45168
66798
66812
45099
66818
66809
66811
66875
65149
66879
66846
45085
66866
67159
66899
67010
45106
66939
45153
45094
45206
66963
29685
45098
66927
66928
45154
66992
66932
29709
66938
45112
67021
67309
67000
67015
67175
45183
67013
66976
29713
45241
45161
67051
67064
45194
67095
67032
67086
67093
45220
29752
45185
67504
45219
45278
45210
45217
45210
45217
67122
67148
67343
45276
67189
67200
67151
67202
67172
67145
67178
67146
45255
67234
67186
45373
67274
29823
29790
67208
29828
45326
45355
67370
67304
29841
45293
45294
67326
29803
45370
45372
45356
45295
67327
45400
67354
45367
45358
67341
45441
29910
45349
67437
67447
67384
67476
67409
45436
67465
67403
67480
29968
45388
45410
67611
45424
45378
67494
29991
45399
67452
67499
67459
67502
67464
67477
45468
67523
29953
29995
45469
45559
67600
67539
67598
45504
67569
67591
45485
67522
45505
45546
30015
67632
67926
45560
67644
45583
67647
30065
45582
45534
45594
45561
67625
45535
67636
67688
45581
67624
67645
45592
67691
67769
45621
45596
45707
68288
30124
45618
67759
67827
67757
67796
67839
67903
67883
67883
68369
67956
30244
67902
68155
45678
45753
45719
45732
67948
67916
67917
68368
67960
45689
68017
30209
45703
68021
68004
67998
45820
68033
68074
68076
45741
68069
68024
68037
68037
45847
68227
68147
68220
68221
68125
68289
68085
68078
45810
68159
68177
68179
45961
45861
68231
68228
68296
45853
45904
68798
45903
68320
68310
68307
45973
68321
68409
45976
46019
68324
46060
30589
68442
30408
45959
68397
45977
46028
68490
46024
46029
68494
46187
68492
68526
46117
68498
46131
46257
68727
46056
46059
46085
68707
68588
46215
46199
68643
68643
46147
68738
68644
68679
68872
46108
68671
68695
68753
30568
46140
46145
68787
46261
46197
46158
30583
68802
46529
68818
46151
46174
68810
46201
46239
46240
30611
30641
68833
68833
68952
46244
46248
46202
46307
30693
30731
68980
68967
68981
46270
46290
68945
46347
69172
15392
46292
46534
69294
46354
46355
46358
68921
69091
69095
69071
46385
30923
69110
69300
69048
69052
30723
46384
46394
69128
69229
46420
46508
30885
46612
46543
69122
31010
69197
69215
46426
69629
69226
46514
46616
29635
69228
69138
46582
69266
31126
69346
46501
69190
69264
31158
69409
30953
46475
69676
46541
46559
46568
46679
69245
69828
69361
69401
69553
69244
69381
69423
69483
46598
69522
69473
69376
46703
46610
46846
69525
30943
46663
69369
69500
69518
46639
31286
46692
31112
31118
46763
69592
46780
47249
31190
46789
69497
69507
69705
31055
46953
46779
31006
69818
46911
46946
69670
46843
69758
69759
46797
46890
46943
46950
31478
46830
46835
46972
46878
46880
47068
46964
46872
69806
69750
69827
69835
46823
69668
69866
33384
69860
69808
69880
69813
47039
69794
70007
46940
47222
46989
47056
46989
47056
46891
46898
46957
47037
31558
46900
47044
46952
47128
47219
70082
47049
47165
31518
70008
46988
31458
47130
31793
70335
70171
47220
70162
46993
47028
70281
70126
70228
70228
70233
70275
49296
47169
70168
47137
70327
47260
47131
47167
70383
31526
70199
70311
47386
70433
47387
70241
70381
47146
70317
70246
70185
70389
47234
70322
47079
70572
47181
47275
70213
70435
70388
70391
70494
31933
47170
70386
70567
47259
70641
47397
70518
71052
70511
47286
70722
70537
70538
70540
31978
47345
47581
70721
70824
70521
47303
47357
31869
47357
31869
31919
47468
70778
47509
70786
70864
47462
70758
47440
47578
70754
47430
48076
72034
70730
70739
47463
47782
47588
31707
31803
47461
18009
47735
70956
47738
70999
47652
70884
47653
47736
32297
47515
71034
70916
71065
70926
32274
71257
47648
47546
15300
47684
48388
71234
47590
47813
70987
31963
47528
47743
47800
47945
47774
48002
71549
70937
47641
47531
71125
47954
47749
47766
47869
71130
32673
48081
47881
47696
32279
47891
47841
71365
47834
47958
32260
32513
47900
71382
47920
47890
71295
47894
71350
32273
47912
48048
47831
71445
47831
71320
71333
48069
32446
47892
32242
47887
47888
47889
71503
32461
71514
47994
48119
71508
48165
71576
73073
48107
71427
48056
72862
71591
71492
48090
48097
48371
71854
71689
71690
71722
32609
48230
32682
48114
71922
71938
48207
48211
71755
48120
71710
71932
48092
71826
48234
48279
71805
71752
71844
71753
71902
71759
71918
71769
48994
71771
48280
48274
71771
48994
48280
71749
72913
72010
48251
72037
48122
72002
48357
33003
32859
32559
48368
48472
71985
72109
48288
72015
48360
48363
48439
48626
48310
32773
48402
48408
72038
72392
32773
48402
48408
72084
48483
72148
72202
50257
72265
48530
48361
32774
48625
49066
48484
72340
48399
48400
72268
48622
33264
72448
48648
48777
72286
72294
72377
72311
72481
72455
72294
72377
48702
48764
72311
72481
72648
32869
72487
32874
72336
32875
72394
49154
72356
72357
48759
72603
33152
48769
72516
72598
48761
72463
33139
72380
48509
48828
72566
48509
48828
72566
32966
48549
48663
48766
72329
48729
48731
48733
32902
33272
33382
48807
72661
48827
72717
49447
48745
48817
48641
48770
72565
49268
48789
49176
49905
72998
73021
49905
72998
48789
72832
48933
49013
48824
33164
48640
49258
72979
72984
48754
33978
33474
49021
73085
33611
72787
48867
72999
33156
48936
72948
49031
48865
49059
48990
73261
33406
48967
73226
73232
73154
33406
73261
49218
16013
35037
48947
49152
49399
72764
48861
48978
49057
73793
50081
72789
50088
48929
73236
49009
49063
50770
73177
73272
73763
49082
73195
73172
73177
73272
73763
73195
73295
49082
73334
49262
48979
49171
72790
73233
73159
49060
49205
49219
74321
73116
33732
24266
49058
34246
49434
49408
50000
33994
73776
50404
73634
33933
73634
49449
73666
73796
73479
73680
33868
49433
49301
49346
49422
49459
73805
49427
73682
73752
73971
49439
73613
73792
74035
35364
73587
49444
73649
49295
73517
73855
74163
49298
49530
73517
73855
74163
49729
74165
49684
74043
73964
49708
49776
74129
49679
73927
49565
74115
49725
27095
73867
74164
49553
33864
49514
50090
73836
73970
74023
74027
73957
49703
49774
34207
49677
73887
49741
74125
49537
74319
49815
74184
49582
49627
74406
49660
49716
27311
34403
49805
49732
34036
49740
23344
34117
74369
49996
74225
74394
74476
49667
50107
50054
34830
49685
49845
49883
51183
74241
74594
34499
49956
74352
50055
50362
49802
49906
74294
74295
49806
50122
49970
49971
50142
75052
49952
50013
50022
74970
23943
34509
49971
50142
75052
50311
74925
50179
74714
49841
50333
50008
50511
76927
50643
50266
34868
50378
50323
50384
74682
75006
50462
74207
74797
75366
75053
74848
50166
34451
50233
50326
