66
70
71
72
82
83
108
109
114
140
141
156
157
190
189
213
214
300
314
363
367
368
369
375
14
428
527
635
934
1038
1101
1137
1140
1141
1162
1180
17
18
1289
30598
1856
1871
2191
2192
2341
2415
2498
2808
2862
2907
30946
2976
23
3795
31106
4067
31189
5301
5398
5433
31463
5760
5809
5815
31524
31525
5817
5911
6177
6201
6202
6204
6205
6206
6207
6209
6211
6215
6218
6221
6223
6237
6238
6414
6737
6887
6899
6898
6990
7281
7282
7288
7317
7627
7971
8102
8107
8108
8111
8112
8113
8114
8115
32109
32110
32111
8191
32166
36
8963
9369
32402
32434
42
10173
10552
10554
32655
11223
32828
11970
33024
12025
12086
12305
12393
12621
12791
33244
13052
13395
33399
13627
13669
13703
13886
14031
14136
33505
14271
14276
33523
14305
14316
14351
14582
33615
14768
33644
14795
