28149
28161
28334
28349
28582
28579
28669
28773
28823
28947
28948
28992
29035
29089
29135
29204
29257
29310
29319
29486
29471
29586
29800
29802
29799
29894
29956
30108
30181
30221
30300
30335
30372
30406
23097
30543
30832
30710
30711
30833
30971
31131
31210
18853
31485
31486
25258
31939
31586
31820
32216
32259
32559
32894
32710
32895
22272
33546
34608
15007
34310
34044
19719
27002
18626
25153
35997
35996
36861
25012
36419
37375
37374
37376
37373
26335
26090
37904
26116
25159
39993
38519
39197
38520
39204
39203
38517
38521
38515
39196
39192
39194
39195
38518
39198
39200
40869
18124
40866
39990
40873
39967
39973
39974
39958
40872
39964
40876
39988
39989
39960
39978
39994
40890
40864
40877
39992
39977
40871
41831
40871
39979
39982
41839
39956
40870
41826
41796
40891
40865
40835
40862
40863
40896
39972
40881
40844
40831
40858
40834
40861
40836
40842
40897
40900
40883
40838
40825
41802
40889
40838
40843
40901
40846
40888
40849
40820
40822
40827
40851
40852
40855
40821
41800
41838
41840
40857
41808
40853
41819
40854
41823
41792
41816
41817
41818
41820
41822
41790
41824
41824
41797
41837
41809
41855
41852
