93
92
30329
30328
150
151
165
164
173
331
174
197
198
208
207
217
218
306
309
311
344
358
385
532
537
559
560
651
863
929
937
956
983
984
1068
1072
30445
1110
1287
1612
1616
30603
30604
1748
1815
30708
2057
30724
2461
2633
2637
2730
2731
3329
3331
3440
3547
31074
3829
3899
4028
4073
31186
4106
31236
4461
4653
4677
4785
4920
5187
5250
31368
5502
5586
6170
31701
31707
6493
6494
31709
6503
6531
31723
7240
7387
32038
8316
32173
8528
8663
8695
8700
8734
8745
8779
9276
32380
9458
9459
9460
9591
9592
32476
9942
10047
10119
10497
9
11497
25450
12044
12191
12250
12547
12572
12581
12614
12623
12624
12625
12635
12749
12834
13076
13082
13344
33410
13643
13669
13704
13760
13769
13884
13968
14029
14174
14204
14302
14335
15016
15084
15089
15250
15493
15620
15679
16058
16120
16513
