72411
72412
72415
72409
72414
72673
72670
72665
72666
72671
73322
72981
72672
73324
73334
73326
73325
73332
73685
73686
73327
73328
73692
73688
73689
73691
74461
74060
74055
74056
74057
74059
74460
74051
75336
74054
74900
74888
74904
74895
74897
74902
74889
74905
75330
75328
75331
75335
75333
75334
75326
75857
75858
75860
75861
75854
75855
75848
75856
76359
76362
76982
76985
76976
76981
76984
76364
76978
76986
77712
77715
77717
77719
78478
77709
77722
77707
77704
78459
78467
78473
78474
78477
78468
78472
78476
79266
78453
79267
79270
79273
79275
79264
80226
80231
80232
80217
80212
80222
80230
81404
81390
81399
81403
81407
81409
82778
82787
82767
82780
82794
82795
82770
84371
84388
84381
84386
84346
84361
84368
84355
86250
86299
86243
86263
86267
86302
86254
86259
86292
88703
88683
95444
88671
88740
88722
88688
88724
88732
88734
88706
88679
88682
88720
88698
88713
88716
88741
88737
88742
91771
91806
91817
91768
91744
91761
91763
91819
91822
91735
91788
91793
91802
91759
91741
91818
95438
95467
95501
95465
95512
95448
95458
95495
95511
95521
