69
110
111
335
355
363
364
365
383
909
945
1010
1066
1120
1675
1921
2011
2190
30820
30829
2723
2868
24
3605
3633
3659
31133
26
4006
4259
27
4651
4652
4697
30
5787
5795
5800
5801
5808
5809
5862
5923
6217
31644
6303
31728
6654
6655
6658
6661
31774
6673
6674
7281
7289
31964
31972
32108
8215
8254
32140
8255
32141
8595
8596
8597
8598
8599
8600
8601
39
8703
9025
40
9207
9208
9311
9312
9339
9537
9581
10036
10537
10649
10656
10885
10906
11734
12021
12033
12263
12473
12524
33161
12848
33226
13070
13208
13236
13340
13344
13485
13565
13688
13689
33470
13992
33501
14460
14605
33648
33650
15066
15187
33799
15451
33866
15743
15787
15788
15790
34001
34125
17024
17677
17683
34467
18239
19290
21058
21346
21539
21906
22019
22022
22793
23110
35835
35852
23689
24146
24156
24164
24199
57
24535
24536
36178
36179
6661
31774
6673
6674
7281
7289
31964
31972
32108
8215
8254
32140
8255
32141
8595
8596
8597
8598
8599
8600
8601
39
8703
9025
40
9207
9208
9311
9312
9339
9537
9581
10036
10537
10649
10656
10885
10906
11734
12021
12033
12263
12473
12524
33161
12848
33226
13070
13208
13236
13340
13344
13485
13565
13688
13689
33470
13992
33501
14460
14605
33648
33650
15066
15187
33799
15451
33866
15743
15787
15788
15790
34001
34125
17024
17677
17683
34467
18239
19290
21058
21346
21539
21906
22019
22022
22793
23110
35835
35852
23689
24146
24156
24164
24199
57
24535
24536
36178
36179
36182
36194
36196
36198
36199
36201
36202
24555
24648
24711
24920
36304
25024
25031
25092
25095
36348
25419
36439
25493
25592
25593
25714
25726
25941
26495
36733
27511
