112
113
245
421
424
635
1028
1077
1162
1928
2811
2812
2862
2938
3158
3288
3296
3308
3309
3424
4119
27
4647
4664
4740
5911
5924
6148
6179
6182
6471
6509
31774
6706
31867
7069
7525
7527
8195
8375
8557
8834
9382
9566
9567
9569
9570
9703
10537
10539
10636
11102
32952
12163
12267
12312
12775
12908
13485
13886
33470
33501
14156
14392
14777
14931
15066
15450
15451
16450
16461
16462
16799
34145
17678
17695
17699
18432
18527
18668
19178
19234
19693
19795
34957
19976
20000
20007
20249
20495
20568
20633
20730
21002
21175
21302
35376
21932
22096
22150
22484
22522
22918
23314
23350
23526
23528
23561
23610
23611
23612
23651
23664
24128
24143
24398
24399
36154
24400
36155
24401
36198
36199
36204
24564
24621
24846
36304
24955
24956
24957
24958
24959
24960
24961
24962
24963
24964
36348
25434
25592
25593
25647
26684
26894
27217
27220
27230
27506
