30329
93
92
30328
110
111
112
113
135
136
137
198
197
218
217
245
335
355
365
638
860
945
1835
2008
2111
2190
2259
2558
2559
2688
3067
3298
3307
3308
3424
3447
3577
3605
3702
31106
26
4021
4086
4259
4666
4740
4830
5847
5903
5916
5931
5957
6217
6254
6317
6510
6654
6658
6717
6811
31867
6948
7027
7028
31972
7387
7392
7528
7529
7530
7536
7537
7593
7594
7595
7760
7806
8015
8089
32108
8218
8311
8335
8374
32166
39
8877
9054
9055
9058
9059
9207
9208
9326
32433
9762
9833
9938
10593
32711
11696
12003
12021
12024
12061
12075
12104
12109
12131
12163
12470
12473
12554
12648
33205
12986
33305
13262
13292
13566
13567
13589
13656
13681
13711
13722
13993
14031
14141
14175
33518
14351
14458
14459
14461
14479
14583
14605
14789
14973
15157
15479
15694
15733
33866
33869
15787
15788
15790
15829
5931
5957
6217
6254
6317
6510
6654
6658
6717
6811
31867
6948
7027
7028
31972
7387
7392
7528
7529
7530
7536
7537
7593
7594
7595
7760
7806
8015
8089
32108
8218
8311
8335
8374
32166
39
8877
9054
9055
9058
9059
9207
9208
9326
32433
9762
9833
9938
10593
32711
11696
12003
12021
12024
12061
12075
12104
12109
12131
12163
12470
12473
12554
12648
33205
12986
33305
13262
13292
13566
13567
13589
13656
13681
13711
13722
13993
14031
14141
14175
33518
14351
14458
14459
14461
14479
14583
14605
14789
14973
15157
15479
15694
15733
33866
33869
15787
15788
15790
15829
15842
15843
15844
16162
16199
33971
16218
34205
34206
34207
34208
34209
17056
17677
17917
18035
18037
18041
18044
18043
18889
19591
19912
19981
19999
21200
21341
21398
21693
35456
22097
22484
22770
23390
35882
23396
23400
23485
35991
35992
36010
24149
24170
24175
24391
24400
36155
24538
36178
36181
36182
36183
36188
36194
36198
36199
36202
36206
36208
24809
24947
24948
24949
25037
60
25083
25092
25350
25592
25593
25667
25669
36494
36493
25714
25916
36587
27274
