30326
69
92
93
110
111
112
113
135
136
197
198
231
245
272
13103
335
355
364
365
401
416
418
790
910
1003
1010
30421
1028
1040
1066
1077
1132
30534
1655
1675
30606
1835
1845
1872
1906
1921
30684
30683
2062
2103
30736
2184
2330
30772
2452
2476
30829
2719
2723
30875
2811
2812
2841
30912
2862
2902
30933
30943
30945
3023
3053
3063
30976
3075
30977
30993
3156
3288
3298
3307
3308
3324
31030
3364
3412
3424
3427
24
3659
3703
3717
3732
3744
3748
3771
3772
3855
26
3917
3964
31154
31153
31155
31159
4023
4024
4031
4048
4086
31195
4137
4244
4259
27
4644
4669
31286
4675
31293
4740
5201
5248
31367
31369
5251
30
5298
5404
5406
31418
31436
5560
5568
5589
5644
5645
5743
5751
5789
5797
5798
31522
5811
5821
5844
5849
5860
5862
5873
5896
31548
5908
5909
5911
