63527
63547
63556
63574
63578
43368
43375
43378
43383
43386
63662
63668
28147
63706
63710
28163
28166
43439
28173
63778
43478
63836
63866
63878
43513
28219
63930
63941
63955
43531
43535
28242
43552
64006
28269
64061
28276
64081
64088
64114
64111
64117
43620
43621
64132
64142
43627
64160
43654
28313
43655
43663
43674
64213
64264
43685
64260
64273
28340
43702
64290
28352
64310
28365
28375
64360
43746
43739
43732
28399
64412
43788
64464
64470
28459
43799
64548
43820
28515
43826
64557
43835
64592
64622
64642
64684
43894
64687
28669
64813
43932
28714
28730
43944
43938
64831
64884
43983
44012
65004
44002
64955
43999
28792
64959
64982
64996
65015
64991
64979
65009
64984
44058
44063
65096
28826
28825
44071
44091
28838
44106
44114
28862
65171
65172
44134
65190
28878
28433
44143
65154
44156
28903
44176
65207
65220
65247
65259
44216
65302
44238
28949
65337
44248
28953
28964
65404
65392
65410
65431
65498
44298
65457
44316
65486
65453
65501
44326
65527
44339
44374
65579
29050
65627
44381
65594
44377
29053
44398
65767
44392
44410
65711
44436
44448
65830
44538
65771
44453
44477
44507
44518
44501
44547
44551
44587
44575
65958
66065
65967
65986
29252
66125
66127
44644
44690
66157
66161
44705
64791
44703
44808
44721
44727
44743
44736
66336
66311
66320
44790
44813
29367
66460
44832
44797
44793
29378
44851
44867
66415
66474
29443
44891
44923
29448
44895
66590
66594
44951
45432
66654
66621
29525
66634
66672
66690
44965
44993
66725
66704
29555
45018
66782
45012
66748
66767
45168
45099
66812
45033
45102
45064
45085
66866
29725
45106
45094
45153
45157
66928
45110
66932
66999
45126
67309
67073
45194
67032
29752
67083
45212
67200
67146
67186
29777
29790
29828
45288
67370
45274
67304
67326
29803
67327
67331
45367
45441
45345
67423
45481
67507
67384
67409
45436
67611
45410
67480
29968
67499
29991
