17589
4067
28118
671
28120
690
28123
28124
28127
28128
63565
63566
28129
1205
43352
28132
28131
28133
63610
43356
63606
28136
63627
28137
28138
63656
43382
15677
28140
28139
28142
63560
4068
63670
28143
28144
43394
43397
43400
28147
17142
28145
28149
43405
28148
28150
28153
28155
63717
28163
43429
28158
28160
679
28159
28164
28162
43432
28166
43436
28167
28172
28168
28170
28171
28173
28174
28178
63769
28175
28180
28176
28179
28181
63789
14693
43456
28177
678
28184
28188
63823
63809
63812
43471
43479
63826
28189
28186
28187
28208
28194
28190
28198
28191
28196
28193
63850
43490
28199
28200
63860
28203
63869
28204
28206
675
63879
63900
28221
43501
43498
63883
28214
28209
28215
28210
28211
28212
28213
63899
63895
43508
63901
28216
4730
43515
28219
28218
28220
28222
28223
63935
63941
28227
63994
63944
28228
63948
63955
43530
28230
43528
63956
28234
28241
28233
43531
63958
63978
28236
43535
63970
28247
43541
28237
28239
43549
28240
28242
28238
43548
28244
28243
63980
28248
43547
63983
63995
43553
28250
63993
28251
43560
28252
28254
28253
43568
43569
28255
64021
64015
43567
64042
28256
28257
64024
28260
64019
28259
28261
28264
28262
64036
28265
43581
43587
64045
43590
64051
28266
28269
28267
43583
28270
28271
28273
28272
28275
28276
28274
28277
64067
43599
64079
28279
43601
64086
64094
43602
43600
28282
43608
28283
43618
28303
28286
64138
28152
28289
64135
43634
28291
43628
672
43633
28293
28292
43638
64156
43637
28294
64162
28298
43639
64202
28299
64169
43644
64183
28301
64179
28302
28304
43657
28306
28311
43650
28308
64185
43651
28316
28313
43653
28310
64186
64192
28314
28317
28321
64212
64197
28320
43661
28318
64207
43674
28319
43671
64227
28325
28327
28323
43677
64252
43679
28329
28333
43683
28334
43708
28330
43689
43690
28332
28335
28337
43695
28336
28338
43694
28342
28344
64332
28347
28340
28339
43702
28348
43703
28343
28341
28351
28345
28349
28352
28353
28350
64308
28354
28355
28359
28360
64315
28363
28358
28367
28362
43721
28366
28368
28365
64358
28370
28371
28375
28369
28379
28373
28377
64397
28376
64342
28378
28391
28381
28383
28380
43731
28386
43746
28388
28390
28389
28392
28395
28399
64404
28393
28400
28396
28407
64386
28404
28401
4696
64389
28402
43762
28409
28410
43753
28412
28408
43764
28416
43766
64407
28417
28432
43769
28430
28424
43768
28426
20612
28434
28429
43778
43779
43782
64450
28438
28444
28437
28440
43786
28441
28449
20459
28445
28195
28448
64468
43793
28451
28450
43795
64479
28454
28459
43798
28457
28452
28453
28465
28456
28477
64515
28466
43796
28460
28471
28463
28469
43808
28476
28479
28472
43804
43812
28480
28487
22445
43811
28713
43818
64546
28207
28482
28489
28507
28478
28496
64556
28488
43820
28500
28501
28497
28515
28495
28523
28494
28493
43827
28522
28514
28505
28521
28498
28504
28513
28510
64688
28529
28512
28524
14702
64587
28528
28517
43837
43841
43838
43839
28530
64615
17070
28527
64600
64618
28534
64601
22772
28531
64607
64617
28545
28546
28538
28553
28542
43861
64636
28226
28558
64640
28224
43521
28552
28547
28551
28549
28550
28562
28543
43867
43876
28554
28565
64683
28561
28560
64663
43862
28582
43869
28566
28569
43870
64662
28589
28581
28575
28576
28571
43872
28568
43873
28229
28583
28584
28574
28579
43875
43887
28572
28593
22394
43883
28580
28592
43886
28591
64690
28594
64699
64687
43891
28608
28598
28600
43900
43895
28621
28631
28590
28604
28610
43898
28638
28613
28607
28611
64739
64755
43903
28620
64733
64730
13296
28615
43914
64745
43389
28626
43906
43913
28632
28637
43905
28662
28624
28657
28630
28682
28643
43907
28649
28694
28680
28715
28658
28664
64759
28684
64757
28659
28668
