30337
273
274
30338
30339
276
279
30342
280
282
283
284
287
30343
294
30389
30402
30422
30423
1174
30474
30515
30540
30625
30662
2105
2108
30749
30782
30783
30784
30785
30786
30787
30788
2754
30879
30880
30881
30882
30883
30885
30884
30886
30887
30888
30889
30890
30892
30891
30893
30894
30895
2993
31037
31038
3367
31041
31112
31114
31147
3981
31148
31149
3982
31165
31207
31208
31209
31210
31212
31213
31226
4252
31239
4348
4614
31349
5328
31404
31466
31486
31508
5768
31606
31607
6134
31608
31651
6326
6616
31754
31755
31756
31757
31758
6619
6620
6621
6622
6623
31767
31878
7065
31898
31899
7070
7071
7072
7074
7075
7076
7077
7078
7079
7080
7081
7082
7084
31901
7085
7086
7087
7090
7091
7092
7093
7094
7095
7098
7099
7100
7101
7102
7104
7105
7106
7107
7111
7112
7113
7116
31903
31905
7117
7118
7124
7129
31907
7133
