1088
1617
3146
30991
3155
3171
30999
3196
31008
3198
31009
3218
3217
31012
3245
3246
3303
31167
4049
31174
4204
4286
4698
31384
5354
5363
5373
5374
5381
5382
31402
5552
5594
5650
5778
31639
6295
6413
6735
32080
32120
8223
32125
9163
9996
10110
32703
13156
13158
13163
33294
33297
33298
33370
13669
13839
14029
33492
14568
14569
14582
14938
16049
33964
16211
34023
34026
16446
17468
17948
17985
18313
18436
18516
34649
18930
19333
19369
19547
20250
35122
20579
20580
20581
20582
20583
20584
20586
35124
35125
35123
35128
35127
35129
35130
20595
20669
35149
20699
35153
35154
20716
35155
20722
20723
35158
35159
20725
35161
35160
21026
21090
21860
22738
22739
22742
22807
22809
22810
22890
22892
22894
22936
22957
23183
23333
23337
23403
23404
23405
23817
23819
23820
36091
24387
24927
25346
25638
25826
26162
26859
27296
27380
27457
28566
28588
28606
28612
37147
28622
