30337
273
275
30338
30339
276
277
30340
279
30341
30342
280
281
282
283
284
285
286
287
288
290
291
292
30343
293
294
295
647
668
30389
721
723
30402
30406
799
831
30410
1027
30422
30423
30474
1187
1278
30515
30540
30541
1414
1516
30579
1761
30625
30656
1895
1896
1905
30659
30660
30661
30662
1919
30667
2034
2105
2108
2256
30749
30782
30783
2352
30784
2359
2360
2361
2362
2363
2364
2365
2366
30785
30786
30787
2367
2368
2370
2371
2372
30788
2373
2375
2376
2377
2378
2379
2380
2381
2382
2383
2703
2799
30879
30880
30881
30882
30883
30884
30885
30886
30887
30888
30889
30890
30891
30892
30893
30894
30895
2812
2821
2959
2961
2993
3032
3037
3308
31037
31038
3360
3367
31041
31044
3735
31112
31114
31147
3981
31148
31149
3982
31150
31151
3983
4035
31161
31162
31165
31187
4136
31205
31206
4160
30625
30656
1895
1896
1905
30659
30660
30661
30662
1919
30667
2034
2105
2108
2256
30749
30782
30783
2352
30784
2359
2360
2361
2362
2363
2364
2365
2366
30785
30786
30787
2367
2368
2370
2371
2372
30788
2373
2375
2376
2377
2378
2379
2380
2381
2382
2383
2703
2799
30879
30880
30881
30882
30883
30884
30885
30886
30887
30888
30889
30890
30891
30892
30893
30894
30895
2812
2821
2959
2961
2993
3032
3037
3308
31037
31038
3360
3367
31041
31044
3735
31112
31114
31147
3981
31148
31149
3982
31150
31151
3983
4035
31161
31162
31165
31187
4136
31205
31206
4160
31207
31208
31209
31210
4161
31211
31212
4162
31213
31226
31230
4261
31239
4614
31279
4738
31323
31342
31349
5247
31404
5482
31428
31466
31486
5728
31508
5768
31606
31607
6134
6135
31608
6276
31651
6326
6613
6614
6616
6617
31754
31755
31756
31757
31758
6618
6619
6620
6621
6622
6623
31759
6624
6625
6629
31767
31777
6710
31878
31879
6961
6962
6964
31880
7065
31898
31899
7070
7071
7072
7073
7074
7075
7076
7078
7079
7080
7081
7082
7083
31900
7084
31901
7085
7086
7087
7089
7088
7090
7091
7092
7093
7094
7095
7096
31902
7098
7099
7100
7101
7102
7103
7104
7105
7106
7107
7108
7109
7110
7111
7113
7114
7115
7116
31903
31904
31905
7117
7118
7119
7120
7121
7122
7123
7124
7127
7128
7129
31906
7131
7132
31907
7133
31928
31929
31934
7210
31935
7218
31938
7219
7220
7221
31939
7222
31940
31941
31942
7223
31943
7224
7231
7232
7233
7234
7235
7245
31946
31956
31967
7335
7370
31980
31981
31982
31983
31984
31985
7414
7643
7662
32020
32022
32023
32024
7663
7664
32025
7665
7666
32026
32027
32028
7667
32029
7668
7669
7671
32049
32050
7761
32051
32055
7816
7941
32067
8079
8305
32167
8561
32248
32277
32299
32300
32301
32302
32303
32304
32331
32341
9454
32404
9477
9478
32405
9574
32425
32426
32464
32465
32466
32467
32468
32474
10005
10371
10537
10627
10628
32625
10630
32628
32638
32639
32759
32760
32767
11521
32768
32769
32770
32772
32773
11526
32774
32775
11527
11528
32776
32777
11529
32778
11530
11531
32779
11532
11533
32780
11534
11535
32781
32782
11536
11537
32783
11538
32784
32785
11539
32786
11540
32787
11541
32788
11544
11545
11546
11548
32789
32790
32791
32792
32793
32794
32796
32798
11569
11570
32799
11571
11572
11573
11574
11575
11576
11577
32803
32804
11578
11579
11580
11586
32811
11588
32812
32813
32814
11597
11598
11603
32816
32817
32818
32819
11604
32820
32821
11606
11607
11608
11610
32829
32830
11616
11620
11621
32831
11622
11623
11624
32833
11625
11626
32834
32835
11629
11630
32836
32837
32838
32840
11637
32841
32842
32843
11642
32844
32845
11643
11644
32846
11645
11646
32847
11647
32848
32849
11648
11649
32850
11650
32851
11651
32852
11652
11653
11654
32853
11655
11656
32854
32855
11657
32856
11659
11661
32857
11662
11663
11668
11669
11670
32858
11671
32859
32860
32861
32862
32863
32864
32865
32866
11682
32867
32868
32869
11683
32870
32871
32872
32873
32874
32875
32876
32877
32878
32879
32880
11685
11687
11689
32881
11690
32882
11691
32883
11692
11693
11694
11695
32884
11697
32887
11708
11709
11710
32888
11711
32889
11712
11714
11715
11717
32890
32891
32892
32893
11718
32894
32895
11720
11721
32896
11722
32897
32898
32899
11723
11724
32900
32901
11725
32902
32903
32904
32905
11726
32906
32907
32908
32909
32910
32911
32912
11727
11728
32913
11729
32914
32915
11730
11732
32916
11735
32917
11736
32918
32919
11739
11740
32922
32923
11744
11745
11746
11747
11748
32926
32927
32928
32929
32930
11761
11762
32931
11763
32932
32933
11764
32934
32935
32936
32937
32938
32939
11765
32940
32941
32942
32943
32944
32945
11766
32946
32947
11767
11768
11769
11770
11771
11772
11774
11775
11776
11777
32962
32963
32964
11787
32965
32966
32968
11807
11808
32969
32970
11809
11810
32971
32972
11812
11820
11821
11822
11823
11824
32974
11829
11830
11831
32976
11832
32977
32979
32980
32981
11839
32982
32983
11843
11844
32985
32986
11846
32987
11847
11848
32988
32989
32990
11850
11856
32991
32994
11858
11863
32996
11864
32997
32998
32999
11870
33000
33001
33002
11881
33005
33006
11883
33007
11892
33008
11893
33009
11895
33023
11993
11994
12190
12195
12204
33067
12330
33085
33097
33098
33099
33100
33101
12376
12377
12378
33109
12483
33110
12484
12485
12486
33111
33112
12488
33113
12489
33114
12490
12491
12492
12494
33115
12495
33116
12496
12498
12499
12500
33117
12501
12502
33118
12503
12504
12505
12506
12508
12509
12510
12511
33119
33120
12513
33121
33122
12514
12515
12516
12517
12518
12519
12520
12521
12527
12568
12569
33131
12570
33132
12571
33133
33134
33148
12628
33191
12740
12741
33206
12789
33215
12838
12839
33220
33221
12840
33222
12841
33223
12858
12860
12861
12862
12863
12864
33228
12884
12885
12886
12887
12888
12890
12891
12892
12893
12894
33229
33260
33261
33262
13156
33307
33308
13206
13210
13211
33309
13212
13213
13214
13215
33317
33324
33325
13350
13351
33336
13352
33337
33345
13356
13359
13360
13361
13362
13363
13591
13606
13651
33412
13693
33489
33498
33529
33530
14769
14778
33654
14944
14950
14951
14952
33655
33656
14953
33681
14977
33684
33688
15098
33718
15099
33740
33742
33743
33753
15207
33754
33773
15348
33798
15438
15439
33803
15574
15667
15691
15922
15924
16008
16215
33975
33988
33989
33992
33993
16331
33998
16397
16398
34017
16434
34034
34035
16787
16817
34151
17006
34200
17062
17063
34214
34215
34216
34217
34218
34219
34220
17064
34221
34295
17437
34297
34298
34300
34345
17618
34355
34378
34377
17750
34406
17784
17785
17787
17789
34422
34423
34424
17947
34461
18023
18099
34487
18100
34488
34489
18101
18102
34490
34491
34492
18103
34493
34494
34495
34496
34497
34498
34499
34500
18127
34501
34502
34503
34504
34505
34506
34518
34529
18220
34538
18324
34551
34552
34553
34558
18422
34575
18425
34585
34586
34589
34588
18484
34629
18567
34637
34644
18728
18785
18864
34696
34697
34706
34785
19155
34786
34787
19156
19157
19179
34821
34825
34839
34850
19538
19989
34981
19990
34982
34983
34984
35018
35071
35072
35112
35113
20763
35170
35179
35180
20905
35202
20915
20923
20931
20932
35208
35210
20944
35222
35223
20951
35224
20952
35225
35226
35232
20976
35241
21013
35259
21081
35294
21198
35304
35309
35330
35331
35361
35463
35493
21853
21977
21978
35533
35535
35536
35636
22377
35638
35679
35686
22539
35689
22540
22541
35690
35691
22542
35692
22543
22544
35694
35693
22545
22546
35695
35696
22547
22548
35715
22710
35779
22970
22971
35785
23134
35836
23330
35846
23427
23428
35915
35916
35917
23513
23656
35936
35937
23662
23697
23716
23717
23718
35952
23927
35995
23934
23936
35996
23938
35997
35998
23940
23941
35999
23942
23943
36000
23948
36002
24006
36016
36017
36018
36019
36054
24186
36055
24187
24188
36056
36057
24189
36058
24190
36062
36068
24217
24219
36073
36115
24357
36116
36215
24971
25122
25123
30323
36352
25124
36353
36369
36370
36379
36381
36382
36383
36384
36385
36386
36387
25248
36395
25274
36405
25319
25359
36414
25360
36415
25361
36416
25362
36417
25363
36418
36419
36429
25394
36435
25414
25415
36436
25417
36437
25420
36438
25488
36468
25624
36469
36470
25625
25626
36471
25627
25629
25630
25631
36472
36473
36474
25632
25633
36511
36512
36516
25734
25735
25736
36517
25737
36518
25738
36519
25739
36520
36528
25778
36529
36530
36534
36537
25834
25835
36541
25836
25862
36557
36558
25863
36559
36560
36563
36564
36565
36566
36567
25867
36568
36569
36570
36571
36572
25868
26700
27169
36745
36746
27194
27195
27198
27199
27307
27308
36774
36780
36779
27461
36791
36792
27475
27508
36803
