30339
668
30389
30402
30423
30474
1278
30515
1505
1895
30675
2200
30749
30785
30786
30787
2377
30880
30881
30885
30884
30886
30887
30888
30889
30890
30892
30891
30893
30894
30895
31037
3360
31041
31114
31148
31165
31175
31187
31226
31239
4724
4725
4726
31404
31466
31486
31606
31607
6261
31651
6613
6614
31756
31767
31878
31879
31880
31897
31899
7084
7085
31905
31906
31928
31956
7368
31980
31981
31982
7662
32020
7663
7664
32025
7665
32026
32027
7667
32028
32029
7668
7669
7671
8305
32277
32299
32300
32301
32302
32303
32304
32425
32426
32474
32625
32628
11258
32759
32760
32767
32769
32772
32776
32777
32778
32779
32780
32781
32783
32785
32786
32787
32788
32789
32790
32791
32792
32793
32794
32796
11569
32803
32812
32813
32814
32816
32817
11610
32830
32835
32837
32840
32841
32842
32843
32844
32845
32846
32847
32850
32851
32853
32855
32857
32859
32860
32861
32863
32864
