86
87
194
353
1065
1066
1327
21
1350
1675
2139
2338
2339
2843
3025
3289
3291
3351
3352
3772
4010
5800
5801
5802
31519
5823
5880
6148
31883
6991
8094
8118
32140
8254
8255
32141
8328
8329
8330
36
8938
9049
9158
9715
10963
27504
12046
12059
13052
14071
33515
14460
14796
14973
15082
15454
33850
15690
16093
16271
17638
17679
17747
17907
17908
17966
17965
18575
19185
20307
21436
21694
21809
35523
21946
21945
21947
22628
35811
24143
24550
36200
25032
25493
33515
14460
14796
14973
15082
15454
33850
15690
16093
16271
17638
17679
17747
17907
17908
17966
17965
18575
19185
20307
21436
21694
21809
35523
21946
21945
21947
22628
35811
24143
24550
36200
25032
25493
