645
1167
1906
2050
2475
3080
31028
3685
3703
4245
4592
5473
5597
31584
31667
31669
31670
31673
31678
31679
31680
31681
31683
31684
31685
31686
31687
31691
31695
31697
6509
7208
31933
31955
7373
7456
7620
8241
32154
32323
32711
11451
11452
12038
12648
12826
13407
13494
13566
13567
13681
13771
14020
14052
14136
33519
14243
14335
15109
15160
33745
33746
15214
33812
15545
16477
34207
34208
34209
17422
18607
18668
19279
19298
19940
19981
20110
20249
20621
20679
20680
21157
35392
21677
21851
21891
21965
21966
22484
23179
23240
23376
23590
23604
23605
23654
35945
23691
23720
23723
23854
24225
24398
24399
36154
24723
24899
25249
36794
27563
13681
13771
14020
14052
14136
33519
14243
14335
15109
15160
33745
33746
15214
33812
15545
16477
34207
34208
34209
17422
18607
18668
19279
19298
19940
19981
20110
20249
20621
20679
20680
21157
35392
21677
21851
21891
21965
21966
22484
23179
23240
23376
23590
23604
23605
23654
35945
23691
23720
23723
23854
24225
24398
24399
36154
24723
24899
25249
36794
27563
