28118
28133
28170
28183
28186
28190
28196
28193
28199
28212
28222
28228
28247
28242
28253
28273
28282
28284
28299
28305
28321
28320
28331
28338
28353
28363
28362
28370
28377
28390
28392
28395
28399
28401
28402
28426
28449
28448
28450
28466
28471
28463
28523
28524
28540
28224
22394
28633
28658
28659
28673
28743
28771
28790
28808
23845
28850
28844
28849
28882
28893
28894
28933
28959
28995
28999
29048
22767
29132
29134
29133
29182
29181
29227
29228
29244
29268
29266
29281
29294
29318
29306
29341
29317
29340
29375
29392
29342
29359
29411
29391
29374
29393
29432
29449
29412
29431
29433
29447
29448
29468
29497
29521
29523
29524
29542
29543
29581
29560
29582
29603
29628
29668
29670
29709
29707
29750
29752
29778
29751
29826
29777
29793
29825
29827
29917
29858
29918
29919
30025
30065
30026
30103
30102
30101
30067
30100
30169
30105
30104
30139
30211
30140
30167
30249
30212
30209
30252
30289
30251
30250
30327
30290
30292
30326
30291
30477
30398
30401
30478
30364
30437
30361
30589
30436
30400
30535
30587
30586
30534
30588
30699
30639
30641
30813
30693
30694
30696
30640
30815
30638
30818
30749
30884
30750
30882
30814
30959
30698
30692
31043
30817
30885
30890
31109
30960
30952
31036
31041
30958
30953
30956
31042
31192
30957
30889
31111
31182
31106
31112
31183
31107
31367
31110
31190
31038
31461
31185
31269
31268
31362
31267
31188
31187
31184
31272
31191
31271
31273
31265
31366
31365
31681
31558
31462
31456
31448
31453
31458
31449
31449
31793
31557
31452
31459
31460
31678
31451
25324
31454
31560
31794
31556
31674
31561
32043
31559
31683
32037
31677
31921
31787
31918
31795
31675
31673
31682
22264
31790
31792
22264
31790
31676
31788
31680
31923
16068
31920
32041
31914
32184
32349
32197
31919
31913
31922
32186
32188
32338
32350
32343
32516
32042
22379
32035
32038
32192
32187
32345
32346
