30337
273
275
30338
30339
276
277
30340
30341
30342
280
281
282
283
285
286
287
288
290
291
292
293
294
295
647
721
723
30402
30406
799
30410
1027
30422
30423
1278
30515
30540
30541
1414
30579
1723
1761
1896
30660
30661
30662
1919
2034
2105
2108
2126
30782
30783
2352
30784
2359
2360
2361
2362
30785
30786
30787
2367
2368
2370
2371
2372
30788
2373
2375
2376
2377
2378
2379
2381
2382
2383
30879
30880
30881
30883
30884
30885
30886
30887
30888
30889
30890
30891
30892
30893
30894
30895
2821
2993
3032
31037
31038
3360
31044
3735
31112
31114
31147
3981
31148
31149
3982
4035
31165
31205
31206
4160
31207
31208
31209
31210
4161
31211
31212
4162
31213
31226
31230
4261
31239
31279
31349
31404
5482
31428
31486
5728
31606
31607
6134
6135
31608
31651
6326
6616
6617
31754
31755
31756
31757
31758
6618
6619
6620
