63524
63533
43336
63596
63619
63628
63637
43376
63660
63662
63666
63672
43398
63680
63684
63694
43424
63721
63722
63731
63732
43437
63747
43442
63776
63784
63803
63808
63814
43477
63833
63842
63858
63874
63880
63882
43507
63897
63902
63929
63938
63946
43532
63970
63969
43538
63987
64008
64017
64011
43572
28260
64029
64032
64033
64047
64058
64063
64066
64070
64077
64082
64086
64096
64105
43614
64133
64143
43631
64159
64170
63723
64194
64190
28315
64198
64237
64238
64220
64227
64241
64228
64259
64285
64280
28339
64301
64302
43713
64325
64364
64359
43742
64369
64377
64379
43758
43755
43760
64426
64431
64440
64436
64443
64463
64483
64491
64496
64520
64518
64534
64540
64551
64555
64562
64554
64565
64580
43832
64611
64614
64616
64646
43859
43860
64651
64684
28583
64685
64695
64718
64721
64766
64781
64804
64857
28743
43939
64817
43954
64837
64859
64844
64855
64880
64914
64939
64918
64950
64911
64906
64928
64997
64998
64964
64988
64975
65003
65008
65023
44041
65030
65038
65045
65052
44076
65070
65082
44103
28846
65088
65087
65131
65118
65232
28879
65165
65180
65163
44153
28923
65230
65203
44173
65227
65242
28943
28945
65268
65267
65293
65339
65350
65316
44224
65328
65329
28952
65390
65344
65343
28963
65388
65407
44269
65398
65411
65383
44272
65438
65417
65509
65461
65451
65454
65477
44332
65472
65484
65502
65506
65559
65573
44361
65566
65903
65639
65658
65602
65622
65640
44397
65721
65682
44408
65681
65669
65766
65707
65726
65725
65754
65714
65727
65762
65797
65759
65832
65740
65771
65780
65783
65798
65809
65800
65814
65810
65833
65949
65862
44527
65912
65890
65884
65908
44562
66024
65998
65933
65928
66081
65984
65985
65964
66078
65961
65973
66029
65992
66035
44667
66055
44622
66034
66047
66046
66097
66131
66108
66116
66068
66130
44648
66273
66464
44650
66128
66098
66253
66152
66244
66164
66194
66199
66288
66234
44735
66312
66358
66230
66220
66224
44716
66248
66258
29356
66264
44739
66396
66281
66307
66506
66335
66403
66410
66347
29368
66549
66405
66375
66411
66390
66428
66421
66412
29434
44871
66430
66406
66449
66467
66477
44870
66472
29484
66482
44931
66580
66496
66569
14906
44971
44898
66592
66568
66573
44953
29519
66616
66653
66625
66647
66741
66689
29514
66774
66711
66650
44967
66662
29543
66698
66897
44970
66676
29566
29532
45031
45062
66750
66804
66827
66833
65149
45107
66868
66922
66861
67159
45145
45253
45118
66900
29689
66913
66945
45092
67009
29698
45182
66983
67016
66980
67075
67022
67068
29729
67131
67166
67115
29719
45238
45249
67160
45256
45296
67189
67217
67146
67273
67273
67177
67226
67278
67266
45290
67363
67448
67449
67360
67377
67439
29858
67505
45366
67870
45430
67768
45379
45388
67672
67454
45474
45482
67490
67477
29918
29937
67573
29924
29924
67593
67537
67564
67568
45511
45548
67558
67560
45509
67671
30130
45483
67647
67669
67786
67637
45551
67697
67707
67696
67678
67695
30110
30073
67680
67682
45681
30193
45653
45653
67827
67792
67797
67824
67838
67839
67791
67801
67731
67903
68714
67817
67915
67885
67892
67910
68155
67924
67900
67862
67922
30196
30223
68184
67986
67945
67954
67928
30259
45743
68048
30316
68099
68142
68453
68088
68095
68123
45911
45913
68148
68162
30268
68152
45806
45879
68178
68179
45925
68230
68255
68173
68303
69289
68274
68302
68336
68713
68306
68305
69116
68340
68548
68454
45946
45956
68558
46133
68324
68381
68382
46021
68668
68399
68430
68549
68521
68435
68553
68529
68622
68550
68589
68591
68485
30535
68487
68576
68468
30510
68569
68808
68658
30592
30602
68626
68635
46177
30623
68805
68692
46251
46382
46219
30545
68850
68840
30626
68758
30683
46262
68804
46250
30666
46302
68942
68820
68900
68867
68867
68982
68806
68901
68913
69019
46319
30814
46463
69065
68964
69375
69084
69066
69290
69301
69202
46453
46458
46473
69069
69047
46403
69231
69009
69235
69140
69161
69546
69169
30807
46677
69208
69281
69188
46670
46566
69352
46602
30862
69382
69484
69348
69267
69443
69464
69283
69284
69353
69350
69416
69392
69413
69351
69438
46592
69354
46723
69441
69610
69633
70056
31355
69594
69600
69611
46834
46695
69689
69504
69632
69567
69635
69588
69651
69503
69761
69705
25900
46752
46801
69746
69862
69664
69709
69773
69717
47059
69901
31210
69929
69720
70231
31256
69888
31162
46944
69719
70679
31388
69857
46837
69772
69924
69861
69871
69856
31191
46994
69786
69859
46820
69804
69821
69854
46942
69910
69774
69790
69848
69771
47149
69943
70337
70257
70001
31244
70059
69947
69977
46885
69959
70004
70114
31329
47069
70132
70065
70140
69995
70131
47185
70080
70101
70148
70063
47081
47197
31485
47033
47033
70069
70282
70499
70137
31496
31634
70330
70202
70295
70373
47142
31693
70255
31755
47103
70186
47136
70254
70279
70362
47188
70472
70422
70572
70476
70495
47287
70226
70428
70428
70803
47186
70445
47484
70432
70345
31748
70361
31823
31700
70349
70661
70341
70662
31675
70607
22264
70543
70598
47366
70531
70675
47398
70699
70838
47285
70799
71063
70541
70838
70676
70806
70810
32197
70801
47434
70732
31911
47418
70907
70698
70807
70701
70888
47472
70868
32022
47475
70980
47516
47974
70898
32024
32146
71059
47597
71034
47543
47924
71023
47543
47924
71232
47741
47764
48080
70912
47905
47980
32224
71112
71163
71192
47614
71212
71071
47951
47975
71198
72898
47933
47758
71134
71420
32764
71068
71070
71376
71104
71104
71260
71273
71444
72043
32265
32325
47655
71419
32264
47902
71374
48428
71261
48079
71280
71335
48054
47961
48467
71346
71582
48070
32261
72309
71638
48065
71583
47889
71406
71616
71944
71601
71737
33692
32396
32444
71687
72862
48221
71501
48290
71649
47969
71588
48257
71454
32824
71622
71522
71936
48256
71730
48108
48226
48235
71793
71714
71836
32725
48286
71757
71563
48147
32696
48203
71840
72062
48136
71928
71795
71930
48222
71858
71886
71980
48299
48328
71706
48351
72110
48208
71843
48474
48238
48153
48239
71800
72101
48253
72101
48253
48435
71979
71974
72083
72094
72397
48140
72014
72095
72120
48389
48409
33234
32716
48465
48800
72277
48466
72388
48391
72316
72325
72036
71948
72139
72319
48412
72490
71948
72139
72319
48412
33223
48387
72217
72026
48593
72332
32923
72328
72385
48653
72393
73198
72219
72239
72492
72526
33191
72245
72261
33235
72270
33268
33347
33362
48488
48553
48563
72652
72330
72650
72800
72660
73437
72527
72638
72693
72651
48773
72510
72654
72513
48738
72532
72549
72958
72592
72613
48690
48739
72560
72850
72647
72752
73928
48755
72994
72894
72951
48755
72994
48635
72637
73299
73196
73248
73074
49019
72672
50074
72546
73235
49181
50066
48983
73069
73184
73132
73223
73929
72841
73432
73286
73487
73094
48934
73096
73483
73286
73487
50071
49041
49188
73301
78011
48944
72758
73199
33746
49097
48974
49180
48987
73436
49263
74321
33743
73126
73334
48965
49128
73600
33925
49423
50063
73179
73433
73181
73447
73100
73305
73407
73141
34768
49186
49047
73699
73474
49435
73534
34254
49479
73623
74284
73648
49461
73451
49283
73545
49327
49528
49430
73663
49779
49466
73566
73765
49430
73663
49779
73885
74019
33845
73527
73661
73536
49463
73737
49304
73485
73888
49503
49424
49531
73906
49538
50084
73471
73901
73973
73847
73976
49749
73893
74461
73903
49723
73852
49788
74011
49587
77239
78115
73809
73955
74027
74183
49696
34200
73834
49535
73984
74010
34556
74154
73952
73812
74036
74090
74092
74151
34424
74224
74347
49688
49717
74217
74347
74441
34196
74300
49993
49585
74237
49809
74189
74495
73880
74221
74322
26968
34566
74420
34574
74210
74499
28076
49572
49798
50025
74379
74243
74295
74751
74601
50019
74182
34851
49839
74716
49981
76853
74187
34352
50767
50131
50143
49811
74714
49994
50349
50534
74842
51248
74809
50154
74648
50175
75262
50841
75046
75138
50339
50369
74822
50377
50397
74652
74869
35295
74741
76204
35618
74605
75535
50659
77468
50308
51563
50193
74881
50312
50478
50430
50695
75328
50523
75206
75385
35802
75230
35102
75239
34979
75359
50804
35205
50665
75300
50677
75326
75169
35013
23719
50638
50820
50472
50865
50783
50800
75560
50821
50725
36058
51107
36372
75622
34993
76002
75555
75879
75650
75998
75824
35251
53855
76324
76179
76780
51195
51959
51244
76324
53855
75739
51048
51130
75795
76258
51057
15005
75610
79940
51078
51338
75644
75881
51097
50936
75712
50945
51128
14947
51137
76283
75827
76180
76194
51093
76239
76240
76561
36247
35974
51075
78989
35384
76869
51509
76256
36244
51950
35932
51696
36034
76492
36053
51260
23741
51956
77785
51330
51829
51838
76556
35744
36523
51323
51573
76310
51247
51343
51576
77013
23456
51457
51584
35744
36523
51468
51591
76556
52070
51768
76885
51612
76121
76757
51568
51793
35990
76820
51252
51937
51593
51520
37112
51520
37112
76886
52133
52009
51723
76695
37085
78237
51777
76929
76611
76629
76658
51944
76720
76957
94040
53112
77022
76857
81054
36230
36582
77052
36673
52073
52582
77467
52106
76586
52127
77522
51716
51969
51970
52447
52545
76846
51718
52001
52221
52448
76632
51719
52462
77025
52324
77208
52661
52675
76593
79938
36492
36914
51717
52164
25968
52548
77359
52548
77597
37075
52558
77604
52560
36787
23786
36410
36827
52435
77358
52228
52245
52464
26975
52710
77246
52433
77278
36497
57362
77465
37077
52475
77715
77981
83916
52515
77568
53059
52413
52476
36795
52512
77561
77568
36935
52716
77431
37304
52706
52848
81078
78292
78563
78137
53319
78000
78738
37267
52696
52841
53131
78099
53155
78291
78295
78736
52688
78214
78094
78230
78467
53155
78099
78291
52688
52811
78295
78736
52693
78186
78204
78316
78397
52714
53175
78543
94039
53107
78297
78741
53819
78535
80714
53081
82391
53128
79296
53705
53085
53089
53653
79598
53388
79244
53697
53829
37664
53538
53832
79578
53214
53835
79582
53329
53747
79183
53373
53669
53784
53928
78773
53679
53812
79326
53580
53706
79215
53475
53688
78934
53736
98323
79135
27602
78825
53527
81059
88010
53840
80657
37187
56682
80163
23681
78864
53982
78945
37180
53663
37779
38400
27737
53973
80175
38787
53976
80442
79874
80322
37644
79937
54074
80033
80663
79673
79750
80705
53966
79792
37973
80656
54091
80703
85215
54119
80708
37519
38227
37689
38387
39638
80161
80726
27313
37679
81344
88058
88058
80796
82395
38532
37955
38781
82356
37986
38169
53977
81113
82369
84333
80723
81953
82940
98322
82387
80785
81403
81533
37905
81875
81911
81940
85816
83150
80771
24262
101458
83386
83392
39217
39586
83937
85775
82116
82132
82430
82936
38833
82363
81967
81970
83380
17983
83465
82472
84108
84576
82307
82309
40469
78110
40782
90924
83995
85819
39567
27345
83992
40387
84110
90884
85182
101460
27187
83811
41028
90965
94665
85239
83604
83808
41228
40136
23583
85779
83610
101459
85442
41692
85672
86302
86379
39956
85538
85659
85909
94549
85577
85659
85909
94549
41589
41658
88046
88294
87439
41653
87619
40889
88055
41265
41868
88020
90949
90616
90278
90723
90505
90903
90707
90284
90721
92772
42268
91817
90515
42030
90614
92131
91035
90286
90444
91278
92090
92121
42178
90968
42227
91185
93930
93981
91880
42142
42223
94586
93881
94010
97856
98154
94046
94669
95626
94054
94328
94219
94400
