181
182
227
226
30330
1846
1980
30908
3018
31258
4353
4354
4356
4357
4358
31624
32035
7787
7788
7797
32223
32250
9257
9463
32739
32742
11640
11922
33189
33360
13671
13849
13875
13877
14033
14067
14523
14524
15269
16029
16460
16722
16723
16724
16725
16726
16727
16728
16729
16730
16731
16732
16733
16734
16735
16736
16737
16738
16739
16740
16741
16742
17010
17012
34189
17038
34201
34202
18049
34485
34516
18421
18553
18916
18935
19059
19320
19464
19799
35011
20146
20509
20551
20643
20697
21263
21297
21565
35403
35404
35547
35755
35762
23340
23512
24210
24249
36131
36330
36449
25742
25806
36574
27435
27577
36972
28531
16731
16732
16733
16734
16735
16736
16737
16738
16739
16740
16741
16742
17010
17012
34189
17038
34201
34202
18049
34485
34516
18421
18553
18916
18935
19059
19320
19464
19799
35011
20146
20509
20551
20643
20697
21263
21297
21565
35403
35404
35547
35755
35762
23340
23512
24210
24249
36131
36330
36449
25742
25806
36574
27435
27577
36972
28531
