181
182
227
226
244
500
645
677
798
846
1015
1046
1119
1124
1191
1258
1335
1679
1741
1836
1838
1847
1980
2005
2008
2024
2041
2137
2149
2219
2251
2259
2343
2348
2384
2409
2429
2468
30793
2502
2508
2633
2725
2742
2806
30903
30908
2919
2986
2987
3434
3568
3576
3741
3864
3865
3897
3987
31159
4120
31197
31200
4208
31246
4333
4335
4337
31255
31257
31256
4338
4339
4353
4354
4355
4356
4357
4358
31269
4689
4723
4741
4830
4906
5090
5300
5456
5511
5626
5779
5827
5936
6026
31623
6256
6319
6400
31668
31675
31690
31694
6403
6469
6477
6524
6608
6625
6864
7227
31944
7247
7291
7435
7439
7441
7616
7619
7780
32052
7787
7788
7789
7790
32053
7791
7792
7793
7794
7795
7796
7797
32094
8006
8057
8316
32150
8497
8498
8559
8566
8782
8814
8835
8863
8920
9087
9211
9258
9259
32373
