45622
45704
45668
45738
25414
45812
45777
45852
45851
45962
45907
45850
45961
45908
46061
46060
46118
46119
46117
46179
46120
46176
46177
46181
46295
46178
46238
46180
46237
46236
46294
46441
46239
46293
46360
46513
46361
46442
46444
46440
46443
46589
46514
46754
46753
46663
46750
46838
47134
46664
46834
46752
46836
46946
46751
46943
46944
46835
46837
46945
47039
47241
47040
47042
47037
47038
47041
47035
47036
47129
47130
47239
47132
47240
47131
1244
47236
47234
47351
47235
47237
47238
47353
47471
47740
47602
47352
47468
47595
47466
47744
47466
47467
47593
47591
47597
47599
47600
47746
47598
47743
47594
47741
47596
47745
47592
47747
47742
48053
47898
48054
48051
48057
47899
48215
48210
48220
48056
48217
48221
48371
48218
48374
48213
48219
48211
48377
48214
48376
48212
48208
48373
48209
48743
48375
48370
48555
48749
48372
48558
48740
48559
48734
48557
48551
50317
48937
48552
48553
48735
48554
48736
48738
48731
48733
48745
48739
48732
48744
48940
48748
48742
48946
48939
48941
48950
48936
49181
48942
48943
48945
49182
49192
48947
48948
49432
49188
49180
48944
48938
49193
49187
49178
49423
49190
49191
49185
49186
49417
49184
49416
49426
49427
49428
49422
49415
49425
49418
49420
49429
49430
49413
49431
49686
49421
49424
49974
49684
49692
49701
49695
49696
49687
49698
49690
49703
49697
49986
49693
49688
49982
49702
49989
49993
49700
49683
49977
49978
49689
49699
49987
49685
51960
49980
49990
23380
50341
49984
49976
50334
49971
49981
49991
49973
49984
49976
50334
50307
50325
49988
50327
50319
50311
50333
50315
50324
50329
50332
49994
50660
50320
50323
50326
50338
50339
50331
50340
50321
50672
50336
50309
50659
50676
50313
11743
50673
50316
50666
50308
50675
50318
51505
50312
50680
50306
50682
51068
50335
23420
50668
51045
50671
50679
50664
50674
51052
50667
50310
50665
50677
