43387
28173
63778
63878
63890
28236
28243
43579
64062
43592
43609
28317
64255
28351
43732
43766
64573
64615
43864
43878
43890
28594
28624
43909
28789
44002
44059
65081
28862
44162
44176
44212
65309
65618
28999
29031
44382
44389
65690
65689
65782
44507
44560
65967
44607
66049
29250
66185
44719
44760
66280
66346
44800
66389
66433
66451
66454
44881
29426
66494
44929
44890
44987
29509
45019
29603
45075
45059
66931
45078
45146
45206
66952
66923
29699
45241
45208
45271
45255
67211
67282
45305
29832
45275
67292
29858
67496
45444
29937
45518
45483
67663
67719
45623
30176
30143
67861
45738
30196
68064
45759
45787
30280
68289
45907
46023
45935
68481
46070
46118
46012
46031
68533
68586
68609
30523
46199
46123
46238
46205
46237
46294
46244
46304
30644
46322
68939
68998
46354
69053
30735
30784
69232
46612
30817
69332
46613
46750
46784
70056
46785
69612
69744
69879
46768
69907
69858
47047
69942
46976
70075
70293
47240
70150
31678
70329
47489
47274
47237
70623
31862
75275
47480
47347
70682
47352
32320
32128
47669
32066
47830
70905
32079
47611
47747
47614
71190
71233
48004
48103
48103
48068
71657
48290
71457
71888
48449
48211
71721
32604
32844
48383
71932
48279
71902
71749
71884
72136
48288
72041
48439
32773
48395
48651
48484
48397
72449
48648
73098
72310
48559
48548
74072
33262
72690
72675
48853
48742
48946
49757
49032
48824
33413
49070
49160
73430
49077
72942
73309
49182
48943
49432
73316
49171
75284
33722
49417
49450
49456
49467
49417
49450
49458
49299
33968
33964
73550
49534
49291
49729
74785
49303
74112
49402
73985
25742
49695
50058
74027
34547
74227
74355
49738
74592
74221
49978
74422
74566
74351
34314
49969
50022
50327
51650
53550
50035
50351
74913
75040
50795
34633
50438
50514
35487
75238
50816
75318
75453
34876
75180
35257
50732
75359
35026
75169
50715
50721
35464
50698
50701
