44201
44223
44225
44226
44224
44232
44239
44259
44260
44266
44277
44301
44300
44302
44322
44325
44317
44324
44331
44323
44339
44347
44340
44348
44374
44383
44360
44361
44376
44393
44375
44419
44392
44410
44452
44436
44474
44451
44453
44472
44473
44489
44487
44547
44503
44504
44534
44545
44560
44546
44558
44561
44559
44574
44575
44591
44589
44590
44602
44588
44603
44623
44626
44624
44664
44638
44640
44622
44625
1206
44676
44689
44648
44665
44690
44691
44677
44678
44761
44738
44779
44739
44795
44849
44796
44834
44797
44793
44794
44815
44835
44851
44886
44848
44949
44885
44906
44924
44884
44907
44926
44951
44925
45432
44948
45009
44950
45008
44967
44991
45034
44989
44992
44993
44988
44990
45010
45011
45013
45012
45057
45589
45036
45102
45077
45149
45180
45148
45101
45119
45177
45211
45179
45147
45178
45176
45175
45208
45247
45207
45250
45251
45249
45210
45209
45273
45212
45325
45248
45274
45275
45299
45356
45322
45298
45323
45404
45324
45357
45358
45359
45360
45433
45435
45429
45430
45403
45431
45434
45405
45468
45518
45469
45466
45510
45512
45467
45555
45513
45470
45471
45511
45552
45515
45553
45514
45509
45585
45554
45551
45556
45584
45549
45588
45669
45671
45670
45705
45746
45706
45672
45742
45739
45743
45745
45740
45741
45778
45813
45817
45779
45814
45818
45816
45861
45854
45856
45815
46065
45855
45858
45859
45860
45853
45968
45909
45910
46015
45963
45967
46016
46013
46014
46019
46020
46021
45965
46022
45966
46017
46018
46070
46187
46121
46069
46064
46125
46131
46245
46521
46189
46063
46126
46068
46062
46067
46128
46124
46130
46123
46242
46127
46182
46306
46183
46185
46310
46311
46188
46240
46188
46241
46186
46247
46248
46304
23273
46299
46244
46301
46302
46303
46363
46452
46307
46246
46296
46454
46309
46297
46243
46300
46308
46362
46305
46364
46457
46447
46448
46366
