63980
64362
64735
65001
65822
65844
65916
65917
66153
66181
66233
66265
66535
66467
66862
67595
67709
67772
68056
67912
67981
68694
68878
68968
69198
69199
69200
69447
70009
70441
70440
70439
70611
70997
70998
71598
71863
71862
71864
72117
72400
72658
72656
72968
72971
73672
73675
74442
74884
74883
75309
75311
75312
75313
76352
75833
76349
75831
75832
76350
76351
76959
76958
76961
76957
77690
76962
76956
77682
77680
77681
77684
77688
77689
78446
78444
78435
79228
79235
79239
79241
79234
79230
84319
80185
80187
80177
80182
80179
80181
81369
81355
84306
84321
84304
88572
88607
86203
88571
88560
91521
91606
91635
91667
91601
95380
95289
95343
95171
95187
95195
95298
95201
95389
95392
95292
95345
95318
95225
95266
95225
95269
95328
95295
95373
95320
95382
95387
95374
