43337
63565
43366
43414
43423
28158
28165
28170
63752
43455
28185
63825
63944
63959
28237
63982
63980
28248
43544
63983
28251
64000
64020
28259
28271
64120
64128
64151
64181
43653
64212
28320
28319
43665
28335
43730
28343
43704
64299
64318
28355
28368
64358
28393
43762
28408
64405
43767
28423
28444
28440
64458
64479
43810
64497
64530
64562
28503
28498
64587
64596
43842
64615
64601
64633
64624
28543
64659
28565
64683
64660
28575
28576
28568
28592
43885
64690
28608
43900
28605
28611
64733
28612
28620
64730
28626
28715
28664
64768
28683
28687
64795
28749
64850
28755
43960
44130
64885
44006
28821
64909
64952
44023
64992
65021
44072
28830
44060
65106
65084
28847
65091
65214
65133
65178
65167
28888
65166
44129
28885
28914
44171
28929
28933
44191
65258
65263
65286
65281
65287
65318
44218
28959
65345
65330
65358
28963
65377
65403
65419
44304
29000
65475
65513
29011
29021
65536
65575
65574
65599
65592
65615
29073
29059
65649
65653
29084
29103
65699
65730
29097
65747
44449
29100
65765
44481
29112
29114
65826
65813
65816
65822
65888
29154
29178
29173
66012
66021
44598
29223
66009
29221
66057
44632
66129
66093
44650
66146
29295
29309
66205
44696
66243
66292
66291
66276
44782
29339
66301
66331
44852
29330
66334
66342
29364
66364
66345
44772
66368
66354
66350
44887
66458
66530
66537
66494
44866
66491
44875
29490
29486
66659
29503
29530
44992
66730
66687
45014
29576
45025
66771
66755
66806
66840
66851
66931
29674
66991
66997
67031
67029
29728
45196
29712
67070
29745
24924
29716
29719
67305
67108
45223
67107
67214
67229
25019
67241
29837
67383
29827
45313
67320
29893
67351
67357
29885
67623
67431
67429
67487
45389
67631
29873
45414
45382
29938
67462
67532
29969
29944
45489
30095
67634
67618
67638
67621
30075
67681
67656
68117
68217
67692
67722
67723
67687
45630
30077
67950
67735
67800
