677
798
1015
1046
30434
1119
1120
1127
1191
1258
1350
1633
1679
1741
2005
2041
2063
2089
2226
2227
2232
2374
2384
2420
2429
2480
2502
2718
2725
2729
2759
2770
2773
2777
2806
2807
2845
2846
2847
2935
3387
3434
3722
3741
3768
3887
3897
4695
4804
4815
4906
5300
5575
5576
5577
5580
5626
5936
6026
6027
6101
6235
6256
6394
6397
6403
6409
6524
6531
6608
6679
6680
6726
6864
7057
7247
7291
7441
7613
7616
7780
7781
7960
8053
8190
8422
8523
8526
8814
8905
8908
9107
9370
9371
9627
10032
10033
10098
10143
10163
27652
10180
10553
10982
10983
10984
10988
11100
11468
11592
11593
11595
11862
11921
11936
11937
12187
12203
12220
12275
12306
12309
12388
12558
12559
12578
12586
12744
12745
12804
12871
12872
13078
13093
13094
13096
33287
13154
13155
13256
13278
13295
13499
13522
13547
13548
13549
13571
33379
13626
