67212
67210
67211
67370
67266
67315
67314
67369
67368
67423
67488
67489
67421
67490
67491
67538
67593
67537
67643
67644
67646
67829
67708
67645
67707
67770
67771
67827
67831
67824
67830
67825
68351
67911
67980
67979
68123
68125
68192
68194
68195
68353
68265
68354
68352
68428
68427
68590
68589
68591
68592
68691
68692
68690
68693
68872
68689
68775
68875
68874
68876
68873
68966
68960
68965
68967
68962
68961
69065
68964
69068
69063
69066
69298
69070
69300
69071
69301
69069
69299
69061
69193
69303
69185
69304
70005
69196
69190
69191
69192
69191
69192
69194
69186
69187
69184
69436
69437
69443
69438
69444
69445
69440
69441
69593
69599
69594
69584
69592
69582
69591
69597
69710
69583
69716
69595
69586
69588
69598
69590
69718
69862
69709
69863
69717
69852
69715
69720
69719
69853
69857
69861
69856
69864
69854
69859
69858
69851
69860
70007
70001
69997
69999
70006
69986
70003
70004
69994
69996
69990
69994
70141
70008
69989
70132
69995
70140
70131
70134
70148
70149
70147
70268
70282
70136
70266
70281
70146
70274
70275
70150
70137
70280
70272
70278
70279
70433
70267
70438
70429
70434
70435
70428
70803
70432
70437
70430
70603
70595
70606
70596
70597
70604
70607
70794
70598
70802
70608
70799
70806
70805
70801
70797
70807
70804
70795
70796
70980
70993
70995
71185
70988
70991
71184
70984
70987
71194
71190
71192
71188
71187
71376
71374
71369
71582
71583
71594
71377
71380
71576
71592
71593
71585
71596
71591
71588
71838
71854
71586
71861
71589
71854
71836
71849
71852
71840
71853
71860
71851
71848
72104
71843
72110
71844
71858
71859
72116
71847
72101
72096
72099
72100
72094
72095
72107
72109
72112
72397
72105
72395
72389
72392
72387
72388
72097
72399
72381
72383
72384
72393
72648
74038
72385
72396
72377
72653
72378
72645
72394
72642
72380
72650
72652
72960
72644
72962
72634
72638
72954
72654
