30662
3032
31114
31205
4160
31206
31208
31207
31209
4161
31210
31211
4162
31212
31213
31404
31486
5728
6625
6629
31767
7370
31980
31982
31983
31984
31985
7371
7643
10371
32768
32769
32772
32773
11526
32774
32775
11527
32776
11528
11529
32777
32778
11530
11531
32779
11532
11533
32780
11534
11535
32781
32782
11536
11537
11538
11539
32786
11540
32787
11541
32789
32790
32791
32792
32793
32794
32798
11569
11570
32799
32803
32814
11602
11603
11607
11608
32829
32830
11621
32831
11622
11624
32833
11626
32834
32837
32838
11634
11637
32840
32842
32845
11651
11653
32853
32854
11656
32855
32856
32857
11668
32876
32877
32878
32879
11685
11689
32882
11693
11694
11695
32884
11697
11708
32889
11715
11716
32890
32891
32892
32893
32894
32896
32897
32898
32899
32900
32901
11725
32902
32903
32904
32905
11726
32906
32907
32908
32910
32912
32913
32914
32915
11735
32918
32919
11740
32922
32926
32927
11535
32781
32782
11536
11537
11538
11539
32786
11540
32787
11541
32789
32790
32791
32792
32793
32794
32798
11569
11570
32799
32803
32814
11602
11603
11607
11608
32829
32830
11621
32831
11622
11624
32833
11626
32834
32837
32838
11634
11637
32840
32842
32845
11651
11653
32853
32854
11656
32855
32856
32857
11668
32876
32877
32878
32879
11685
11689
32882
11693
11694
11695
32884
11697
11708
32889
11715
11716
32890
32891
32892
32893
32894
32896
32897
32898
32899
32900
32901
11725
32902
32903
32904
32905
11726
32906
32907
32908
32910
32912
32913
32914
32915
11735
32918
32919
11740
32922
32926
32927
32928
32929
32930
11761
11762
32931
11763
32932
32933
11764
32934
32935
32936
32937
32938
32939
32941
32942
32943
32944
32945
11766
32946
32947
11767
11768
11769
11770
11771
11772
11787
32965
32966
32968
11807
11808
32970
11820
11821
11822
32974
11831
32977
11839
11847
32989
11856
32991
32994
33007
33008
33009
13206
33743
33773
15348
33993
34216
34529
18220
18397
34585
34586
34589
34637
34644
18864
34696
34697
34706
35018
35294
35819
23141
35836
23662
23938
36061
36381
25394
36745
