107
330
167
220
219
360
366
467
472
498
555
766
772
944
1021
30428
1166
30510
1271
1285
1492
2198
2251
2385
2768
2985
30956
30966
3077
3381
3414
3533
3548
3653
3733
3994
4765
5247
5558
5634
5664
5665
5720
5847
5994
31682
31688
6644
31867
7163
7167
7405
7542
7543
7544
32085
7948
7966
8050
8051
8052
8057
32193
8546
8609
8610
8611
8612
8613
8614
8615
8673
8674
8675
32262
32276
11906
12026
12036
12098
12099
13064
13135
33286
13145
13147
13263
33345
33355
13582
14330
14690
33690
15032
15111
15166
15233
15333
15374
15622
15846
15957
16262
16839
16855
16882
16889
16903
34173
34175
16936
34179
34431
34516
18196
18197
18666
18901
19136
19137
19140
19759
19819
35032
20180
20181
20197
21159
21160
21274
21352
21362
21595
21628
22134
22386
50
22444
22450
22454
22455
22460
22482
22496
22506
35677
22518
22558
22576
22642
7167
7405
7542
7543
7544
32085
7948
7966
8050
8051
8052
8057
32193
8546
8609
8610
8611
8612
8613
8614
8615
8673
8674
8675
32262
32276
11906
12026
12036
12098
12099
13064
13135
33286
13145
13147
13263
33345
33355
13582
14330
14690
33690
15032
15111
15166
15233
15333
15374
15622
15846
15957
16262
16839
16855
16882
16889
16903
34173
34175
16936
34179
34431
34516
18196
18197
18666
18901
19136
19137
19140
19759
19819
35032
20180
20181
20197
21159
21160
21274
21352
21362
21595
21628
22134
22386
50
22444
22450
22454
22455
22460
22482
22496
22506
35677
22518
22558
22576
22642
22643
22750
35725
23694
23850
35994
23977
24469
24574
36238
24690
24784
24798
24799
25035
25385
25483
25557
25685
36502
36503
36505
36508
36509
64
26390
27419
27461
