64998
65223
65461
65682
66459
66774
26289
66991
67043
67255
67480
67969
68184
68340
68856
68946
69050
69172
69560
69688
69689
69968
70414
31721
70572
26276
70575
70961
71166
71163
71165
72067
72066
26300
26302
26311
26293
26306
73971
73972
73973
25390
26291
74819
26284
75748
75747
26295
75746
26287
76869
26280
76874
76872
76870
26278
84126
77579
26282
26308
79110
80054
80063
80056
81203
81202
81204
82551
84131
84134
84132
84133
84129
84130
85993
101839
85990
101730
101842
88338
101838
88340
101841
101829
88341
101832
101831
101733
91253
101836
91256
91260
101830
91259
101835
101837
