167
219
220
360
15
2709
2768
2934
30956
30966
31027
3548
3733
3803
4792
4793
4794
5720
5842
5994
6014
6151
31667
31669
31670
31673
31678
31679
31680
31681
31682
31683
31684
31685
31686
31687
31688
31691
31695
31697
7135
7168
7405
7806
8167
8653
8673
8674
8684
8796
32262
32551
32682
11734
12022
12023
13135
13138
13142
13143
13145
13147
13148
13218
13264
15111
15333
15366
15471
15622
15701
15846
16772
16855
16882
16896
16903
16908
16917
34173
34179
34564
34673
34674
19136
19137
19140
35032
20181
20470
20759
20818
21274
21365
21367
21376
21595
21717
21847
21872
22385
22401
50
22450
22455
22473
22496
35665
35677
22558
22559
22751
23180
30325
23850
35994
23977
24469
24690
24784
25515
25557
36502
36503
36505
26390
26887
27419
37285
32262
32551
32682
11734
12022
12023
13135
13138
13142
13143
13145
13147
13148
13218
13264
15111
15333
15366
15471
15622
15701
15846
16772
16855
16882
16896
16903
16908
16917
34173
34179
34564
34673
34674
19136
19137
19140
35032
20181
20470
20759
20818
21274
21365
21367
21376
21595
21717
21847
21872
22385
22401
50
22450
22455
22473
22496
35665
35677
22558
22559
22751
23180
30325
23850
35994
23977
24469
24690
24784
25515
25557
36502
36503
36505
26390
26887
27419
37285
