69
73
75
74
77
76
90
91
102
103
149
114
121
120
127
126
129
128
131
130
133
132
140
141
145
144
161
163
162
165
164
180
179
117
116
186
185
195
196
203
204
210
255
259
318
335
353
354
356
364
365
368
373
387
454
469
474
605
682
696
743
793
797
973
979
991
1045
1129
1130
1212
1288
1305
21
1352
1366
1375
1453
1507
1553
1652
1901
2059
2152
2202
2206
2207
2514
2517
2520
2526
30800
2568
30808
2614
2615
30814
30815
30816
30823
30824
30834
2802
2904
30941
3400
23
3447
3570
3578
3579
24
31076
3657
3658
3718
31133
31150
31151
3983
4133
4137
4236
4406
4416
4510
4543
27
4635
4929
4963
5038
30
5303
5311
5394
5503
5522
5527
31
5645
5652
5666
5667
5800
5808
31531
5905
31554
32
6071
365
368
373
387
454
469
474
605
682
696
743
793
797
973
979
991
1045
1129
1130
1212
1288
1305
21
1352
1366
1375
1453
1507
1553
1652
1901
2059
2152
2202
2206
2207
2514
2517
2520
2526
30800
2568
30808
2614
2615
30814
30815
30816
30823
30824
30834
2802
2904
30941
3400
23
3447
3570
3578
3579
24
31076
3657
3658
3718
31133
31150
31151
3983
4133
4137
4236
4406
4416
4510
4543
27
4635
4929
4963
5038
30
5303
5311
5394
5503
5522
5527
31
5645
5652
5666
5667
5800
5808
31531
5905
31554
32
6071
33
6135
6156
6171
31617
6212
6299
31667
31669
31670
31678
31679
31680
31681
31683
31684
31685
31686
31687
31690
31691
31695
31697
6491
6526
6543
6748
6756
6757
6766
6780
31826
6813
6950
7028
7076
7239
31945
7381
32000
31999
7662
32020
7663
7664
32025
7665
7666
32026
7668
7669
7671
7746
7808
7813
7830
8029
8054
8067
8104
32118
8212
32126
32127
32181
36
38
37
39
8850
8871
8872
8873
8899
8900
8901
8902
8903
8904
8910
8913
8965
8971
32290
32293
9032
9037
9038
9044
9046
32299
32300
32301
32302
32303
32304
9054
9055
9058
9059
9068
32311
9069
9070
9071
9072
9081
9185
9186
9187
9188
9189
9291
9330
9346
9362
9363
9364
9475
9493
9589
32437
9745
9746
9751
9752
9759
9774
9782
9987
9996
42
10193
32600
10623
10626
10655
10662
44
11112
11114
11116
11501
11566
11908
11968
12121
12130
12131
12150
12180
33051
12206
12207
12381
33104
12470
12474
12475
12479
46
12667
12685
47
12792
12899
12900
12923
13059
33273
13119
13122
13158
33293
13163
33294
33295
33296
33297
33298
13164
13171
13207
13232
13240
13284
33328
13592
13671
13679
33425
13709
13719
13730
13764
33445
13814
13922
33470
33489
14063
14141
14241
14266
14270
14349
14350
14352
14353
14354
14357
14358
14379
14439
14440
14441
14445
14446
14447
14449
14451
14458
14463
14470
14472
14473
14478
14479
14483
14484
14491
14496
14503
14504
14515
14516
14532
14582
14690
33642
14821
14846
14954
48
14996
15014
15020
15087
15107
15116
15163
49
33771
15384
15452
15463
15464
15475
15483
15497
15604
15796
15875
15876
15958
15974
15975
15978
15985
15990
16067
16090
16095
16105
16140
16142
16144
16157
16161
16186
16198
16258
16458
16481
16500
16640
16781
34150
16993
17495
17567
34326
17639
17674
17675
17768
34403
17878
17906
34454
