63536
63566
63601
43356
28134
63615
63632
63652
28150
28163
63739
63769
63792
28188
63830
43495
63878
63901
43515
63915
63917
63932
43524
63955
28233
43538
28248
43550
64012
43570
28261
28269
28284
28152
64132
28291
28301
43654
43646
28308
28321
43685
28344
28341
64308
64329
28377
64404
28396
28429
64450
64482
28450
28477
28472
64546
64579
28495
28505
28510
28512
28530
64608
28545
28560
28571
43895
64739
28624
64757
28701
28697
28735
28742
64843
28745
28774
28807
28808
64979
28823
28826
65081
65104
65123
28858
28870
28871
65118
65172
28893
44143
28888
65199
28884
28901
28922
28918
28940
44233
44238
28958
44234
65378
44258
65352
65463
64383
44301
44300
28987
65618
65536
29048
44360
29077
65630
65659
65663
65631
44419
65767
65694
65704
29071
44448
29091
29102
65778
29112
29122
29161
29139
29176
29157
44587
29171
65959
66065
65954
65967
65969
65991
29198
29223
44664
29252
29240
66077
29266
29279
29280
44719
44722
29272
29287
44740
66292
29315
29324
44795
66356
44849
18052
66495
29374
66389
29439
66548
66414
66447
44817
66415
66465
66612
44838
29417
29431
29445
66494
39948
29456
44923
44929
66564
29471
29518
44987
29509
66621
29521
66711
44932
29560
66732
45071
29575
29609
66780
45168
29682
66847
29590
29656
29662
29612
66879
66931
29649
45149
45105
45180
66935
66929
45153
29685
66966
29704
29707
29730
29750
45308
29781
45185
29778
29760
29763
29771
45273
45393
45276
45255
45229
67237
29790
45305
29802
29841
29848
29805
29848
29839
45361
29833
29856
29906
29910
67408
67452
67458
29962
67544
29995
29914
67515
29969
45559
29945
29971
29944
67598
67898
67589
67595
30046
30005
30002
30018
45535
30026
30023
30026
30001
30054
30020
30088
67715
30091
30047
67712
30057
30041
67687
30108
67739
30128
67773
30076
67775
68288
30143
45669
30166
30090
30122
67846
30132
30182
22471
30200
