68
499
520
529
1518
1606
1964
2843
2868
2869
2871
2902
22
3158
3320
3702
3703
3827
3847
3855
31132
3904
31159
4086
4124
4846
5421
31579
6072
35
33
34
6436
31822
31964
7828
8015
8118
32166
8564
32215
8876
9079
32318
9156
9184
32403
9695
41
10475
10899
10958
11139
12035
12157
33091
12642
12643
12775
13544
13559
13566
13567
33399
13759
33448
14031
14136
14652
14931
15076
15393
16218
34043
16762
34205
18137
34516
20110
21341
35348
35349
21681
35456
21891
22484
22524
35753
23026
23376
23398
35942
23967
36015
24076
61
25249
36424
36426
25560
25578
26100
26376
26410
36708
36719
10899
10958
11139
12035
12157
33091
12642
12643
12775
13544
13559
13566
13567
33399
13759
33448
14031
14136
14652
14931
15076
15393
16218
34043
16762
34205
18137
34516
20110
21341
35348
35349
21681
35456
21891
22484
22524
35753
23026
23376
23398
35942
23967
36015
24076
61
25249
36424
36426
25560
25578
26100
26376
26410
36708
36719
