88
89
104
105
137
136
206
247
437
452
30356
642
724
1397
1577
1838
2008
30729
2869
30995
3818
3827
3849
31509
6072
32002
7806
8258
8259
8276
8480
32215
8980
9120
9146
9147
9148
9149
9152
9168
9501
10067
10286
10729
10849
10850
32729
11944
12162
12363
33197
33301
33305
13759
14336
15606
15615
15638
16094
16099
16101
16199
34208
34207
34209
34436
34707
19994
20103
20759
21538
21679
21824
22320
35840
36010
23997
24015
36040
36039
36041
36044
24105
24638
24687
36245
24781
24853
25082
25590
36587
26150
26186
26187
26410
65
27481
