63743
63757
64232
64253
64270
28421
64910
64877
64971
65252
65446
65500
65598
65774
66151
44709
66112
66234
66531
66361
25874
66416
66572
67258
67534
67768
25849
67702
67700
67769
68052
68346
68190
46030
68593
68682
30747
46324
68829
68952
68953
46477
46682
69978
69372
69570
69572
69703
70585
70257
69977
47080
70422
32234
70583
70713
47666
48266
48618
71178
70973
72929
27986
71567
71565
71564
71827
71826
23829
71824
71825
25899
72930
72353
72933
72932
25851
73265
72890
73630
73266
73628
25999
73986
26196
73985
25876
73984
25897
21656
74397
70587
25861
74842
25862
74843
75262
74844
74846
25853
23825
75266
75260
25935
26013
25936
75772
36801
25995
25886
75769
76130
25863
25855
26012
76298
25810
76303
76304
76891
25895
25878
26194
76892
76900
25890
26204
76893
76894
25870
26003
81251
26202
25858
25872
25880
78366
25838
77614
78364
26190
77608
77610
25888
25892
78367
79146
78362
78365
26188
79159
26009
25902
79161
79149
79153
26198
79151
25997
26184
79154
79162
79163
25893
26200
80100
79160
26214
24547
80091
26212
26206
26210
26178
26182
84183
82602
26186
84180
26208
25860
26180
86051
88407
88398
91324
