28120
63528
22440
63529
63553
43339
43343
63580
43349
63619
63618
63625
63621
63626
43367
63640
63671
43397
43401
63683
43411
63699
63702
63703
63707
28153
43421
63724
63725
63727
63730
63738
63582
43442
28168
43450
63789
28183
43470
63812
63814
63826
28208
63839
28194
43486
63846
63843
63845
63864
63849
63863
28200
63890
43506
28216
43510
63911
63913
4730
43573
43526
63935
63962
43541
28247
43542
28243
63979
63985
28251
64008
64018
43566
43572
64030
28264
64027
64045
64051
64047
64054
64060
64068
64069
64071
64082
64093
43605
64106
43623
28152
64150
64132
43633
43629
64156
64168
64167
28305
63720
28318
64241
64234
43677
64245
64250
43708
64274
64309
43699
64322
64310
28362
64327
28370
28379
28389
43740
43736
43738
64384
64388
64423
64420
64438
64440
43781
64447
64463
28195
64506
64508
28479
64525
43815
64531
64532
28507
43824
28513
28524
43833
43840
64593
64622
28546
28538
28542
28547
28582
28581
43878
28572
43893
64724
64714
28604
64738
64752
64781
64784
64757
43927
28700
28714
28697
28704
43942
43944
28743
64839
64846
28729
64843
28745
44150
43954
64833
43966
64848
64864
64870
43991
745
43990
43994
44003
43999
64945
64990
64982
64966
64972
64983
28819
65022
64989
44034
65005
44025
65026
28817
44077
28839
65079
44076
65074
28842
44098
44092
44101
65112
65115
28868
65138
65121
65137
65118
28865
65171
65142
65172
28894
28965
65201
65226
65211
28923
65235
28926
44186
65246
44183
65334
28940
65288
65319
44222
65283
65305
65323
64291
65374
65308
65327
65395
44259
28971
65352
65330
65346
44256
65356
65380
28969
65398
64383
65401
28974
65410
65428
28992
65440
22451
29006
65445
65479
65470
44350
65554
65657
65571
44361
65577
65580
44363
29042
44389
29077
65645
44385
29081
44434
44424
44452
65734
65716
29109
65764
44506
65758
44451
65776
44472
65783
29132
44480
65796
65825
29122
29124
65847
65879
29146
29160
66136
44546
44540
44542
29171
65908
44579
65940
65905
29216
65955
65937
44585
44588
29215
65964
29195
29225
65997
29226
66009
66041
65993
44608
44608
66022
44642
44676
66044
66056
66131
44685
66085
29240
29248
66133
66150
66295
66149
44662
66175
29283
44722
44672
66159
66189
44702
29316
66198
66207
44761
44720
29313
66236
66228
66348
66261
66422
29311
66264
66269
29324
44750
44774
29340
29373
29334
29392
66369
44799
66362
66339
66405
44794
66389
66411
29370
29381
44816
66528
29372
66441
29407
66425
66432
22589
29418
66472
29484
44904
44885
44910
29458
66570
44906
66562
66568
29468
29471
66571
66611
29481
44953
29516
29479
44914
29496
44998
45009
44964
29524
45008
44967
66685
29543
66725
29552
29560
44996
29545
44968
29531
44990
66758
45006
45013
66735
66734
66750
67196
66778
29646
45050
45099
67261
66858
29656
66853
29626
29644
45079
29649
45108
66882
67010
66896
67457
66911
29668
66939
66881
66942
67238
66924
45156
66963
29684
45177
29705
45191
29711
66927
66938
29704
67021
29703
29730
45865
45187
67013
70096
66976
67052
29734
67152
45213
45225
45247
67093
29724
67550
67157
67286
45245
29768
67180
45297
67343
45240
67200
29804
67161
67234
29758
29826
67208
29813
67262
29847
45334
67367
68559
29814
45356
29854
45295
29840
29927
45400
67295
29842
67331
29849
67354
67297
45367
45357
67388
67405
67434
67349
67338
67506
67433
67497
67437
29872
45350
45437
29864
67460
45429
67530
45403
45424
67502
45438
45459
67557
45384
45482
29991
67466
67503
29940
67547
67544
29918
67552
67553
67548
29926
67599
29925
45467
29982
45511
67565
45494
67643
45509
45583
30019
30042
45585
30007
67650
45551
30056
45491
67624
30045
30267
45584
30079
30094
67678
30043
67692
30101
30100
67719
67723
67716
67718
67727
45707
30081
45622
67724
30175
67766
30136
68059
30097
68059
30193
30123
30092
45674
67735
67746
30107
67836
68224
45617
45715
45668
30189
45679
30153
45738
30214
30203
67916
30185
67968
30272
30209
67991
45703
45862
68103
30172
45759
45752
68063
45740
67962
30251
67993
68069
68072
68080
30236
68121
68104
68106
68081
68294
68147
68096
68128
30262
68095
30324
68289
30356
45790
45805
68139
15044
45850
30345
15044
45861
45807
68187
46065
68172
30333
30357
45873
68280
45908
45853
68282
68508
30368
45917
18478
45968
45846
46036
68306
68367
45890
68408
68371
45967
68558
30364
30469
68357
30375
45936
68422
46073
46019
46039
68405
30460
45959
30373
68803
68434
30400
68784
68423
68445
45984
46146
45997
46371
68505
30413
68433
30455
46042
46121
68532
46325
46069
68584
46086
46257
68624
46063
46134
68727
68709
46088
30687
30602
30623
46176
46181
68635
30579
46112
68852
68662
68695
68792
68710
68632
46111
68926
30557
68753
30599
30699
30633
46236
46236
30789
68723
68828
68750
69158
30690
68854
30573
30611
46441
30641
46201
30825
46186
30549
30627
46299
30740
46301
68951
46329
68925
46303
30610
46318
30877
30750
30660
46308
46269
68967
46286
68945
68950
46390
30959
46270
69035
46378
69486
46347
30732
46380
46355
30657
30900
46466
30776
71101
69300
30712
69602
69292
46445
46458
46473
46489
69055
30919
30919
69038
69156
31010
69164
46449
30896
30783
46426
69176
46509
30992
46582
31017
69178
47152
69180
31036
30907
46531
69268
30979
46505
46667
69184
46681
46481
31158
46485
46594
46552
69324
31018
69341
69399
69400
30862
31020
31028
31092
69427
46553
46666
69263
30994
30920
30988
31000
69476
69452
31323
69450
46740
16091
70056
69633
46642
69530
69677
31262
46654
31058
69609
47249
31082
31090
69567
31159
46765
69490
31047
69692
31049
31138
31149
69705
31072
69638
31205
46857
31130
46868
46953
69700
31268
46760
31285
70585
46796
47059
31403
31181
69661
69519
46796
47059
31256
46751
69720
46851
31133
46835
69763
46943
69673
46950
31427
46955
46837
46945
31217
46831
46921
46844
46788
69866
46942
46970
69835
46969
69860
46969
47066
46940
69795
70485
69819
17166
73275
31244
46891
31357
46926
70019
70034
70107
46951
31249
69890
69940
46987
16291
47630
31482
69921
31614
69994
70117
31400
31549
70050
70108
70162
31412
31415
70103
70180
47088
31317
47027
31438
70051
70153
31499
70097
46997
70336
47083
70126
70234
70090
70233
70253
47140
70172
70196
31433
31564
47084
70316
70320
47084
70316
31556
70373
47373
70310
31754
70317
31690
31494
31596
47387
31523
31674
70246
47178
71146
70674
47176
70575
47288
31658
47421
70478
31741
70482
31515
71050
31695
47812
70549
31729
32003
31787
31795
70623
31731
31825
70641
70582
31689
31771
70518
70596
70548
31586
47244
70640
47309
70657
32008
47392
70513
70615
31964
47366
70651
47334
70838
14797
31995
70578
70579
47334
70838
70694
47904
47370
47354
25388
32349
70855
47468
31798
70771
71247
70778
70786
31904
70854
32072
70768
31849
31999
47405
31913
47416
71053
70730
32235
31753
70796
32068
47447
31980
71828
31945
47652
70935
32099
32112
47738
32117
71008
71034
32274
47599
71038
32126
32160
47803
47530
32365
71257
32275
32070
32436
71208
32324
47529
47813
32353
47950
71151
47608
47769
71266
47800
70937
47923
47607
47953
32285
71078
32101
71250
32500
32137
32280
71200
47664
71114
71187
71258
71236
32764
47948
71252
48067
47692
47829
71365
47763
48053
48117
71147
47986
32596
32306
32264
71357
47912
71451
47757
47831
71394
48074
32435
71290
71629
32443
71296
71441
32261
71322
48223
72451
32393
48188
48467
32202
32494
48065
47886
47887
71422
48189
47908
71321
32476
71488
71437
48058
71576
48061
71497
71531
48193
71490
71601
71724
71557
48056
48232
22406
71639
32640
71669
48111
32640
71669
22793
71622
32713
48110
71648
15042
71589
71662
48257
48228
48289
71526
48229
48230
71836
32725
48224
71603
71688
32583
71923
32619
32620
48211
48340
71563
48059
48219
72280
71826
32672
48144
48382
71832
71928
32464
71820
71885
32572
72013
32697
71830
48384
71924
71781
71805
71843
48125
71808
71844
48126
71891
71915
48304
71773
48238
48249
71992
72149
72067
68424
72070
48128
48380
48381
48298
71977
32624
71985
48375
48606
72197
32662
72320
32835
72041
72712
72051
48250
48493
48415
48529
48600
72188
48457
72389
73758
72129
48466
48493
48386
72172
72260
72348
48412
48527
72180
48361
72086
32793
71995
72143
72171
32915
72350
32777
48307
72353
48607
48777
32797
48628
72017
72343
72480
72345
32874
72264
32874
72264
72306
48559
72225
48564
72241
72590
72710
72603
48837
72516
48594
48759
48762
48548
72317
48561
48627
49003
48568
72245
32717
33227
33280
48462
72463
33190
48629
33204
48509
48571
72614
33094
72529
48677
33314
72571
48715
48655
72527
72618
72660
72732
72736
72703
72586
48731
33401
72720
14954
72741
72709
72742
72751
49405
72822
72534
72680
73027
72751
49405
72822
48658
33121
72719
33617
48775
49905
17883
73030
48789
33173
72925
73033
33177
72935
48755
49268
33388
72991
72992
73067
33668
48687
73071
48808
72979
73293
48640
48758
72985
33205
73058
48857
73394
33460
33475
33355
48941
73092
33365
72767
72769
73052
73143
33978
72833
73157
72896
33688
48950
73435
48832
48912
73068
49246
33371
49488
33775
49062
73154
48912
73068
49246
49145
49201
48951
73046
22392
48954
73793
48851
49221
33408
48958
49072
48980
49080
49196
49227
73174
34020
49197
50770
33519
33727
49102
33871
49026
73177
73508
49200
73218
33871
49026
49250
73041
33910
49029
49204
73439
33947
49193
49194
73405
73418
73140
49172
73732
33574
73356
73797
33790
49226
73403
33732
49480
73141
73553
49046
49212
49307
33552
73791
33558
33569
49195
50754
49318
49239
33737
74111
73740
49435
73506
73618
73804
73623
34254
49294
49406
49519
49528
73592
49312
33989
49459
49346
73682
