68
69
74
75
76
77
87
86
88
89
104
105
129
128
130
131
137
136
161
185
186
194
206
210
256
334
350
357
365
374
437
529
645
688
773
860
920
935
955
1000
999
1001
1022
1133
1162
21
1363
1507
2103
2181
2259
2670
2702
2843
2868
2869
2871
3063
30974
22
3072
3314
3366
3379
3577
3596
3625
3706
3710
3827
3837
3861
31132
31133
26
3903
3906
3916
3917
4021
4067
31189
31218
4742
4846
4918
4974
31416
5433
5560
5863
5870
31541
5937
5938
5968
5998
31579
35
33
34
6075
6131
31723
6543
6544
6565
6579
6588
31822
31825
31833
31972
7510
7511
7512
7513
7514
7515
7615
7955
32104
8118
8154
8212
8219
8241
8258
8259
8276
8394
32215
8602
8603
8604
8605
8606
8607
8608
8838
8876
9079
9113
9114
32323
9154
9168
9184
9290
9318
