30365
860
30422
30423
1503
1599
30667
3154
3577
3903
4006
4067
4225
4368
4390
4400
4436
4453
4550
4628
4715
4786
4828
4855
4864
4872
4880
4898
4934
4961
4972
5024
5025
5049
5051
5062
5070
5092
5113
5122
5123
5133
5143
5150
5162
5163
5165
5172
5176
5180
5531
5862
5865
6364
7218
7220
7221
31939
7222
31940
31941
31942
7223
7224
8123
8246
8394
8744
8746
8747
8748
8749
8752
8753
8757
8759
8760
8762
8763
8764
8767
8772
8773
9160
9524
9662
10210
10304
10627
10628
32625
10630
32628
10700
10703
11055
11056
11406
11410
11445
11479
11744
32923
11745
11746
12524
33215
12899
12900
13333
13503
13538
13878
14582
14777
15104
15340
34283
17472
34477
34788
19625
19804
20878
22954
54
23934
23948
24668
24669
36435
25414
25415
25417
36437
36557
36558
36559
36568
36569
36570
25931
25941
26023
26299
26403
26765
26767
27092
27118
5531
5862
5865
6364
7218
7220
7221
31939
7222
31940
31941
31942
7223
7224
8123
8246
8394
8744
8746
8747
8748
8749
8752
8753
8757
8759
8760
8762
8763
8764
8767
8772
8773
9160
9524
9662
10210
10304
10627
10628
32625
10630
32628
10700
10703
11055
11056
11406
11410
11445
11479
11744
32923
11745
11746
12524
33215
12899
12900
13333
13503
13538
13878
14582
14777
15104
15340
34283
17472
34477
34788
19625
19804
20878
22954
54
23934
23948
24668
24669
36435
25414
25415
25417
36437
36557
36558
36559
36568
36569
36570
25931
25941
26023
26299
26403
26765
26767
27092
27118
27139
27379
