68
69
91
90
100
101
110
111
132
133
135
117
179
116
180
195
196
245
272
13103
314
335
355
421
425
463
30310
635
30399
790
910
1012
30430
30439
1077
1101
1120
1136
1140
1141
1162
1350
1675
30598
1856
2011
2111
30724
2139
2148
2184
2277
30759
30790
30800
2723
2808
2856
2857
2902
2905
2911
30924
30944
3017
3024
3067
3156
3292
3296
3298
31025
3307
3320
3511
24
3703
3732
3743
3744
3794
3855
3860
3892
31133
26
31155
4023
4024
4086
4118
4259
4545
27
4547
4645
4697
4918
5201
5230
31381
5307
5308
5406
31413
5433
5499
5589
31501
31503
5765
5788
5795
5797
5798
5803
5804
5810
5811
5822
5821
5823
5896
31548
5910
5911
5913
5915
5916
5922
5923
5924
5927
5928
5930
5932
6029
6092
31586
31613
6176
6179
6180
6217
6254
6303
31644
31648
6359
6408
