63527
63547
63556
63566
63597
43355
43368
63641
43375
63649
43378
43383
43386
63668
28143
43394
28147
43427
28163
43434
28173
63764
63774
63787
43466
63816
43478
63832
63878
43501
63890
28219
63941
43528
28242
43552
28261
64052
64053
64062
43592
28276
64111
64132
64142
43638
64160
43641
28308
43655
43661
43660
43674
43670
43688
64273
28359
43715
28375
28378
28387
43749
43766
64495
43793
64470
43799
64548
28515
43841
64642
43894
64687
64709
43895
28633
43907
43932
43952
64913
28790
65004
44002
43999
64919
64991
44048
44063
44050
65096
44071
65066
44106
65093
44114
44134
28878
28433
65154
28903
44156
44158
44176
44180
44179
65259
65271
44215
44223
65335
65337
44239
44248
44253
44280
65404
44294
65392
65410
44298
28995
65457
44305
65453
65501
65482
44319
44338
29031
44374
65579
65627
44399
65594
65617
29053
44413
65671
29086
44440
44462
29116
44464
65773
29121
44477
44537
44518
44523
65900
65907
44607
65966
29214
65990
44653
66074
44690
66185
66169
44705
44725
44727
44756
44745
66249
44779
66280
44778
66327
44813
29391
44832
44793
44831
29378
44867
44817
66415
44883
44913
66554
29448
66590
66596
66584
44951
66654
29509
66621
66672
44991
66655
44993
66870
45017
29672
45099
66812
45080
45085
29649
45105
45146
29679
45106
29685
66928
45110
66932
66992
66999
29665
67309
45194
67086
45219
45210
45217
67148
67202
67146
67234
45255
67274
29828
67304
45299
45372
45358
29923
45441
67423
67447
29910
45481
67437
67409
67480
67494
67464
67523
29995
67569
45505
45552
45546
67646
30065
67636
67688
30088
67687
67679
45683
67956
45672
45678
67911
45753
67916
67923
45689
68064
68033
68076
68024
45829
68227
68220
45818
45907
45810
68231
45861
45909
45957
46015
68321
68452
46081
68811
46019
30472
46024
46029
46117
46131
46179
46059
46120
68588
46142
46199
46147
46123
46238
46140
46237
46197
