65361
65561
66179
66178
66663
66943
67163
67642
68053
68349
20282
68684
68770
68959
69296
69430
69576
69706
69845
70128
70592
70975
70976
71181
71574
71572
71573
71832
72085
72086
72361
72626
72935
73638
73637
73636
73997
74411
74412
74855
74853
21538
75277
75278
27865
75778
75780
27883
27881
76309
76310
76311
76313
76908
76912
21543
77631
27886
78389
27882
27882
78384
78378
78385
78388
78383
27839
21541
27840
79179
27875
27873
79177
27885
27869
27871
80112
80115
80109
80111
27877
27879
81269
82636
82634
86069
86064
86066
88427
88441
91345
95005
