63553
63574
63673
63676
63691
63716
63749
63783
63832
63831
63997
64068
64095
64149
64160
64172
64220
64234
64233
64301
64322
64324
64372
64422
64453
64521
64602
64641
64669
64849
64972
65081
65113
65219
65271
65309
65481
65490
65595
65616
65645
65624
65751
65867
65894
65972
65964
65971
66028
64758
66159
66203
66310
66488
66532
66629
66662
66695
66780
66827
66828
66899
66942
67047
67162
67101
67264
67208
67265
67420
67591
67590
67977
68347
68348
68425
68517
68587
68588
68769
68955
68957
69294
69057
69181
69428
70423
69981
69982
70126
70260
70261
70259
70263
70590
70591
70589
70588
70786
70780
70785
70782
70784
71179
71363
71360
71362
71568
71569
71830
72083
72082
72355
72080
72084
72358
72354
72356
72357
72620
73274
73270
73272
73347
73268
73269
73271
73634
73635
73993
73994
74406
74410
74849
74848
50697
75273
75267
76307
77626
77621
77622
77620
78376
78373
81264
82622
82621
