28123
28127
28145
28187
28208
28257
28265
28294
28304
28313
28398
28479
28514
28542
28584
28657
28686
28700
28722
28714
28742
28766
28833
28842
28865
28918
28926
28957
28988
29015
29027
29062
29073
29087
29074
29086
29097
29130
29142
29144
29168
29191
29215
29238
29213
29214
29226
29252
29253
29280
23080
29316
29409
29356
29315
29357
29339
29358
29338
29355
29373
29385
29408
29429
29387
29372
29445
29481
29558
29518
29519
29495
29540
29496
29537
29623
29555
29557
29559
29556
29625
29664
29624
29626
29666
29685
29665
29703
29730
29728
29729
29745
29776
29747
29823
29822
29851
29854
29855
29853
29849
29852
29885
29887
29915
29881
29888
29980
29914
29983
29947
29945
29946
29977
29944
29982
29943
29981
29976
30015
30095
30018
30019
30058
30061
30020
30098
30057
30205
30136
30162
30097
30096
30164
30244
30163
30206
30246
30288
30322
30321
30395
30320
30359
30529
30435
30434
30472
30475
30473
30582
30687
30747
30633
30583
30634
30944
30946
30688
30947
30746
31031
30875
30807
15312
30874
30945
31105
30948
30950
30994
31033
31176
31104
31103
31102
31174
31178
31257
31177
31256
31175
31179
31547
31258
18062
31549
31352
31438
31439
31776
31442
31354
31437
31901
31441
31660
31663
31661
31546
31777
31658
31659
31773
31769
31662
31771
31775
31767
31770
31903
16279
31772
32011
31768
31904
31900
32320
32161
32163
32019
32017
32169
32323
32018
32172
32324
32014
32165
32319
32170
32327
32480
32321
32173
32325
32171
32326
32317
32494
32493
32322
32499
32824
32653
14697
32648
32497
32818
32830
32833
32498
32812
32644
32811
33687
32645
32654
32649
32832
32652
33223
17851
33024
33226
33007
33022
33468
33227
33027
33230
33017
33027
33019
33225
33469
33213
33463
33211
33460
33210
33681
33218
33467
33688
33464
33685
16953
33689
33944
33945
33942
33683
25408
33684
34501
34210
34211
16336
17973
