63528
63558
63573
63592
63617
63619
63621
63640
63651
63688
63707
63724
63775
63786
63810
63822
63825
63845
63864
63859
63938
63934
63963
64003
64018
64034
64052
64089
64123
64163
64157
64187
63720
64245
64251
64274
64276
64310
64327
64409
64421
64480
64516
64566
64561
64573
64619
64692
64811
64832
64833
64848
64864
64908
64934
65026
65091
65142
65211
65225
65224
65251
65283
64291
65308
65341
65358
65360
65397
64383
65412
65428
65445
65499
65522
65577
65615
65614
65683
65703
65728
65771
65770
65772
65787
65843
65866
65892
65937
66002
66003
66027
66079
66056
66080
66148
66150
66149
66147
66261
66260
66359
66388
66389
66428
66528
66461
66425
66530
66529
66570
66571
66627
66691
66776
66735
66734
66778
66777
66826
66997
67045
67046
67099
67160
67161
67259
67262
67260
67310
67363
67364
67483
67482
67418
67481
67419
67589
68185
67640
67766
67765
68186
67822
67821
67907
67906
67970
68051
67971
68051
67971
67973
67974
68049
68121
68050
68122
68189
68187
68200
68188
68263
68345
68341
68422
68514
68423
68584
68679
68765
68676
68764
68861
68866
68863
68864
68951
68867
68950
69290
69291
69056
69292
69055
69176
69175
69177
69178
69180
69563
69427
69561
69694
69699
69567
69692
69700
69693
69697
69698
69838
69841
67097
69839
69979
69974
70120
70253
70248
70255
70250
70252
70254
70249
70418
70415
70417
70419
70421
70582
70580
70576
70579
70770
70771
70778
70768
70774
70775
70767
71170
70968
70969
71171
71173
71357
71355
71356
71352
72342
71557
71559
71560
71563
71813
71818
71820
71823
71815
71817
71819
71811
71822
71812
72071
68424
72074
72070
72072
72073
72075
72348
72350
72343
72345
72347
72614
72618
72611
72918
72613
72916
72616
72617
72925
72920
72917
72923
73257
72922
73255
73261
73256
73625
73621
73616
73618
73620
73623
73612
73611
73624
73613
73614
73981
73983
74386
74394
74389
