43375
63717
63883
63922
43531
43549
28238
28256
28152
28302
43648
43689
43702
64469
28494
43826
43842
43860
43903
43940
28720
43941
28775
64947
65047
44103
28883
65150
65191
65269
28944
28964
44316
44322
29030
65586
65590
44384
65625
65659
29104
65771
29142
29151
66072
66151
44644
29278
29310
66238
66246
66260
29354
29408
29417
39948
44899
29543
29553
29549
29623
29615
29586
29662
29684
66977
45192
67073
45249
29796
29832
29848
67322
67387
45366
29858
45430
45446
29962
45475
29973
45558
45593
45641
45669
30264
45678
30256
30306
45745
30280
45803
45827
45961
46061
30372
45954
45975
30421
46028
30444
46032
46040
30541
30510
30726
30576
46116
68657
69253
68783
30543
30682
46155
68886
30810
30871
46463
68914
30857
30906
30923
46535
69342
46547
46671
46673
69409
46541
31196
46610
69461
69508
69615
69879
31114
46758
31434
31210
31234
31252
47241
69869
70110
31463
46952
69954
47053
47082
47127
47127
70289
47164
70250
70210
31885
31546
31735
31804
70353
31769
31662
32045
31886
47332
47371
31824
31844
32055
70864
31952
31982
70807
32320
47430
70894
47667
47669
32180
32114
47616
47752
47774
32143
32224
47614
47951
71129
32381
47841
32370
72593
71345
32621
48119
48290
48097
48486
32685
48235
32844
48092
48351
32849
72104
71749
71771
48475
72066
32675
72000
48601
71998
48483
48396
48846
33289
32768
33069
48646
48740
72243
72311
72250
33191
33053
33129
48779
73437
32898
33272
33062
33504
48642
72611
49405
48940
33260
50065
33242
50065
33183
33657
33702
33741
48995
73080
48977
49025
48861
48970
49218
33584
34481
49081
73763
73199
33567
48974
49264
49765
49163
50063
73203
49240
33872
49191
49207
73427
34250
73618
34134
73484
49472
49395
73565
49503
34084
49742
34911
49776
49648
51185
34000
49553
74663
73838
34417
73967
49736
34279
34151
49761
34187
34479
34052
73880
74303
52333
34702
