136
137
324
544
547
548
1074
1096
1097
1132
1210
1323
1559
30578
1560
1831
1832
1932
1933
1934
1935
2264
2343
2410
30837
30838
2702
30904
2828
2924
2925
3024
3155
3183
3184
31007
31006
31005
3186
3296
3298
3366
3486
31066
3540
3702
3703
3770
3872
3964
4015
4017
31159
4120
4224
4490
4696
5021
5146
5492
5519
5594
31508
5768
5824
5825
5999
6005
31577
6279
6297
6400
31666
31667
31669
31670
31673
31678
31679
31680
31681
31683
31684
31685
31686
31687
31691
31695
31697
6408
6558
6562
6563
6564
6565
6590
6592
31746
6666
6823
7282
7432
7496
7536
7537
7552
7739
7828
8060
8219
8358
32191
32192
8531
8570
8834
32323
9214
9423
9431
9435
9528
9529
9530
9531
9535
9537
9538
9539
9541
9598
9636
9684
9685
9686
9762
9786
10028
10138
10312
10328
32598
10410
10411
10412
10565
10583
10588
10906
10993
4015
4017
31159
4120
4224
4490
4696
5021
5146
5492
5519
5594
31508
5768
5824
5825
5999
6005
31577
6279
6297
6400
31666
31667
31669
31670
31673
31678
31679
31680
31681
31683
31684
31685
31686
31687
31691
31695
31697
6408
6558
6562
6563
6564
6565
6590
6592
31746
6666
6823
7282
7432
7496
7536
7537
7552
7739
7828
8060
8219
8358
32191
32192
8531
8570
8834
32323
9214
9423
9431
9435
9528
9529
9530
9531
9535
9537
9538
9539
9541
9598
9636
9684
9685
9686
9762
9786
10028
10138
10312
10328
32598
10410
10411
10412
10565
10583
10588
10906
10993
10994
11108
11168
11188
11212
11247
11288
11317
11318
11337
11363
11364
11440
11734
33031
12069
12070
12081
12091
12103
12109
12163
12621
33183
33329
33367
13588
13656
13663
33434
33435
33470
14055
33517
14198
33518
14199
14214
14335
14378
14397
15036
15042
15050
15081
15204
15214
15342
15349
15369
15372
15378
15377
15402
15448
15476
15477
15546
15576
15892
16000
16010
16079
16097
16183
16450
16461
34059
16640
16831
16985
34207
34208
34209
17490
17649
34426
18296
18309
18341
18391
18446
18615
19147
19332
19421
19680
19684
19685
19689
19691
19756
19893
19940
19984
35035
20458
20460
20468
20483
20500
20940
20941
20942
35240
21169
21172
21175
21180
21184
21230
21247
35333
35370
21572
22519
22786
23055
23523
23533
23567
23578
23580
35927
23597
23599
23637
23724
23792
23832
23921
24021
24075
24225
36247
36254
24827
24839
24840
24841
24953
25122
25123
30323
36352
25124
36353
25127
36424
36426
36427
25419
25445
25641
25939
26058
26059
26219
26283
26732
36711
26845
26862
26887
26935
27298
27380
28540
37320
29604
37564
37586
37693
37738
