244
811
1078
1275
1984
2094
2260
30779
2699
2779
2814
2883
30960
3073
3369
3370
3795
3818
31136
5556
5567
5642
31473
5760
5776
31523
5839
31554
6035
6049
31584
6482
6832
7303
7319
31999
8187
8316
32150
32164
8364
8395
8620
9085
9191
9236
9256
9381
32392
9417
9422
9455
9664
9941
9987
32536
32538
32541
10043
10299
32617
10594
10677
10721
32705
11285
11502
12129
12251
12316
12331
33147
33177
12867
12868
13314
13397
33359
33363
33408
33436
33464
14155
14246
33645
15094
15156
33762
15274
15360
15388
15649
15879
15925
15935
16020
16298
16319
16383
34043
34043
34045
16655
34094
34129
17081
17357
17475
17589
17722
34387
34452
18266
18348
34602
34615
34616
18612
18884
18907
34713
18935
19117
19191
19331
20040
35048
20264
20403
20404
20475
35185
35186
20911
20956
20957
21073
21109
21308
21309
21311
21312
21313
21314
21315
21316
21317
21318
21319
21320
9422
9455
9664
9941
9987
32536
32538
32541
10043
10299
32617
10594
10677
10721
32705
11285
11502
12129
12251
12316
12331
33147
33177
12867
12868
13314
13397
33359
33363
33408
33436
33464
14155
14246
33645
15094
15156
33762
15274
15360
15388
15649
15879
15925
15935
16020
16298
16319
16383
34043
34043
34045
16655
34094
34129
17081
17357
17475
17589
17722
34387
34452
18266
18348
34602
34615
34616
18612
18884
18907
34713
18935
19117
19191
19331
20040
35048
20264
20403
20404
20475
35185
35186
20911
20956
20957
21073
21109
21308
21309
21311
21312
21313
21314
21315
21316
21317
21318
21319
21320
21321
21322
21323
21324
21325
21326
21327
21328
21329
21330
21377
35366
22060
22086
23004
23343
23495
23509
23834
23848
23944
23969
36064
36066
24220
36164
24595
24647
24818
24866
25189
25265
25448
25481
25517
25520
25521
25576
26443
36681
26654
26721
26817
26932
26999
27313
36802
36809
27519
36812
27681
27682
37049
37087
37088
37168
28658
29150
29151
29271
29272
37502
29898
