28174
28152
28308
28368
28923
29189
29225
29237
29291
29354
29407
29554
29600
29646
29599
30014
29975
30055
30056
30094
30134
30160
30242
30356
30394
30358
30357
30433
30686
30685
30805
31029
31099
31100
31098
31171
30943
31253
31347
31252
31349
31348
31655
31543
31895
31766
31896
31656
32008
32477
32159
32160
32309
32478
32640
32808
32807
32809
33003
33004
33002
33206
33204
27021
25690
33451
33205
33676
33936
33933
35457
33677
33678
34207
34206
35845
34499
17123
34789
34790
34794
34500
34788
34791
34792
36695
35134
35132
35136
36280
35133
36262
35135
35455
22615
35846
36266
35842
35843
35458
36270
35459
35460
36278
36272
36275
36265
36276
25464
22621
36687
26171
22985
26712
37220
22154
37206
36691
23095
36692
23095
37217
26173
37218
37205
26822
17890
22316
37732
37209
37213
25073
37210
37728
37212
27901
38298
38300
23087
37724
37727
39668
37729
37725
37726
38935
38936
37733
39664
38941
39667
38306
38944
17723
38305
38943
38942
38933
39659
39672
38940
40498
40501
39662
41476
39658
39661
41472
39657
40512
41470
40509
40511
41483
41486
41480
41474
42403
42406
42398
43170
43161
43164
