29290
29516
29621
29553
29913
30393
30527
30681
30682
30580
30683
30684
30744
31028
31251
31434
31346
31432
31654
31653
31652
31764
31433
31763
31894
32156
32157
32007
32307
32305
32308
32475
32306
32476
32474
32806
33450
33675
33674
34201
34199
34200
34198
34782
34783
34785
26265
35129
35838
35839
26110
35128
36258
35454
36260
36259
28092
26708
36679
38286
36683
36677
37201
37196
36681
26240
37190
37194
37197
36678
26060
37198
37199
25644
26826
26086
26924
38926
37710
38289
37711
37713
37714
37715
38924
38284
37707
38292
38293
39656
38295
38287
40493
40490
26216
26762
39655
40489
39652
40494
39644
39654
39653
41466
41463
41464
41468
41453
41465
42390
42394
