43363
43375
43404
43413
43427
43437
43469
43502
43514
43527
43617
43626
43645
43652
43678
43676
43680
43740
43742
43803
43819
43832
43840
43877
43878
43919
43930
43942
43966
44044
44085
44084
65078
65156
44190
44188
44189
44216
44256
44261
44288
44344
44353
44399
44414
44497
44508
44525
44552
44553
44612
44579
44607
66017
66273
44654
44668
44728
44727
44766
66252
44745
44726
44765
44855
44854
44840
44874
44931
44915
29525
44998
45021
45043
45109
45084
45108
45155
45156
45157
45191
45154
67026
45224
45225
45338
45259
45280
45310
45337
67300
45279
45376
45339
45484
45375
45377
45568
45448
67513
67571
45447
45571
45642
45572
45643
45644
45598
45687
45757
45761
45686
45759
45760
45762
45790
45933
45879
45937
45938
45878
46135
45935
45936
45934
46038
45978
45979
45980
46091
46206
46090
46093
46089
46092
46147
46251
46249
46205
46148
46150
46149
46201
46204
46250
46202
46203
46326
9601
46266
46267
46269
46396
46270
46480
46394
46623
46478
46549
46624
46617
46481
46552
46479
46550
46553
46625
46703
46621
46618
46789
46706
46622
46791
46705
46704
46796
46890
46794
46790
46792
46793
46895
46891
46893
46894
46892
46990
47091
47090
46996
47088
46993
46991
49296
47086
47089
46992
47177
47173
47178
47181
47176
47179
47180
47288
47172
47291
47292
70529
70578
47289
47535
47983
47404
47405
47406
47521
47403
47407
47670
47667
47669
47830
47668
47984
47527
47671
47828
70966
47530
47528
47529
47522
47533
47534
47665
47822
47524
47526
47995
47996
47531
47523
47662
47664
47824
47825
47829
47986
47832
47998
47821
47999
71451
48116
47827
47663
47831
47819
47823
47826
47989
47990
47993
47994
48119
47988
48795
48115
48114
48130
48340
48295
48120
48301
48132
48296
48129
48125
48126
48299
48121
48123
48131
48124
48474
48127
48300
48475
48476
48128
48122
48472
71994
48485
48298
48647
48481
48483
