46394
46623
46478
46549
46624
46481
46617
46552
46479
46550
46553
46625
46703
46620
46621
46795
46789
46618
46706
46622
46791
46705
46796
46704
46890
46994
46794
46790
46792
46793
46895
46891
46893
46894
46990
47091
46892
47090
46996
46993
47088
46991
49296
47089
46992
47086
47173
47177
47181
47178
47179
47180
47288
47176
47172
47291
22646
47292
47289
47535
47404
47983
47521
47403
47405
47406
47407
47670
47666
47667
47669
47830
47668
47984
47530
47527
47671
47828
47522
47533
47534
47528
47529
47665
47822
47524
47526
47995
47531
47523
47996
47662
47664
47824
47825
47829
48117
47832
47986
47821
47998
47999
48116
47831
47663
47827
47823
47826
47819
47989
47990
47991
47993
47994
48119
47988
48115
48130
48114
48301
48301
48295
48129
48132
48296
48299
48121
48125
48126
48127
48300
48123
48131
48124
48474
48128
48122
48475
48476
48298
48472
48485
48481
48647
48478
48651
48846
48483
48477
48484
48477
48646
48648
48650
48645
48649
48860
48847
48869
48642
48853
48641
48643
48855
48639
48640
48857
48867
48849
48858
48850
48859
48862
48865
49059
49070
49062
49073
48848
49063
48852
48861
49057
49068
48856
48866
49072
48848
49063
49067
49074
49055
49060
27910
49058
49307
49566
49309
49830
49069
49308
49301
49310
49294
49312
49297
49306
49299
49305
49293
49311
49295
49298
49291
49304
24072
49303
49561
49550
49553
49564
49565
49302
49571
49826
49554
49556
49568
49567
49559
49563
49837
49569
49831
49838
49560
49835
49844
49834
49845
50169
49824
50171
49839
49841
50178
50179
49836
49828
50511
49829
50176
50167
49833
50175
50166
50170
50516
50521
50514
50161
50172
23974
50181
50880
50163
50173
50162
50500
50858
50517
50519
50165
50503
50512
50515
50878
50855
50499
50518
50910
50513
50864
50856
50501
50859
50507
24024
50509
50510
50857
50865
9577
50874
47992
50504
50505
50853
50872
50862
