95
139
138
173
174
331
200
199
207
208
258
307
333
387
399
30355
411
450
30357
30370
559
635
645
647
660
782
882
901
30418
946
950
967
1003
1037
1126
1150
1268
30524
1335
1544
30582
1646
1717
1716
1748
1762
1763
1770
1771
30619
1836
1838
1856
1871
1879
1923
2008
2044
2048
2089
30725
2148
2170
2229
2251
2259
30764
2415
2426
2492
2493
2497
2528
2713
2763
30876
30903
2841
2858
2908
2988
2996
30970
3054
3062
3063
3099
3117
3165
30997
3389
3405
31087
3703
3704
31101
3774
3839
3905
3964
31159
4021
4036
4066
4073
31186
31189
4094
4119
4146
4184
4199
4200
31246
4370
4727
31307
4912
5157
5267
5290
5433
5461
5462
31429
31431
5510
5524
5535
5591
5595
31456
31457
31474
5682
5683
5684
5685
5707
5715
5757
5959
6029
6152
6162
6168
31612
6170
6249
31633
