63537
28127
63592
63603
63625
43363
28138
28144
63685
28148
63709
43418
28161
63745
28180
63790
63798
28189
28206
63878
63876
28214
43511
28240
63984
63995
63997
64017
64015
28261
64034
28270
64057
43591
64090
64104
43618
43634
43625
43635
43643
28316
43664
28331
28338
64306
28351
64319
64351
64330
28395
64398
43766
64408
20459
63634
64481
43798
28457
28452
64570
28496
28523
64561
28508
28521
64573
28517
64584
64621
64641
43521
64650
64664
28568
28583
64677
43884
64696
28594
64692
28621
64727
28615
43914
43919
43909
43918
43928
43920
64803
28707
28722
43948
44150
64860
64842
64890
43963
64862
43983
43408
44018
28795
44042
65008
44043
44062
44072
44102
28859
44099
28862
65113
65120
28858
65186
64261
44151
44157
28886
28892
28900
65196
44167
44212
28945
44238
65294
44237
64383
44279
65428
44302
65465
65482
65524
29022
44346
44382
29045
65628
65659
44428
44426
44431
29101
44473
65782
44519
29112
65822
65815
65833
44859
44560
44579
44574
44591
29197
29204
65967
44607
66002
66049
66058
44646
66064
29240
66147
44684
43915
44760
45316
29356
66277
66245
44747
66300
44775
29365
66304
66346
66470
44847
66414
66447
44886
66487
29449
66420
66454
44913
29426
44870
29433
66490
44931
44946
44923
14906
66564
44902
66632
66711
44991
44994
29537
66738
29578
44995
66728
45019
66778
29603
29551
45061
45056
45072
66931
45174
22827
45204
66952
66982
29699
45207
29760
45250
45271
67187
45273
45232
45336
67221
29823
67257
29796
29909
45303
67259
67282
29818
29832
29964
67292
67323
29825
29870
45361
29905
29893
45376
67495
29858
67375
30029
29906
45435
67438
29915
45506
67404
45444
67498
45453
67468
29995
45518
67571
45786
67541
45515
30018
45483
67630
30033
30061
45592
30050
30098
30169
30067
67727
30073
67770
30077
45653
45674
30183
67802
45670
45737
45746
30264
45683
30138
30195
67861
30219
30196
30241
45862
45747
45820
30290
30280
68106
45763
30347
45827
30268
30269
45815
68188
45908
30384
30393
30391
45938
46023
68355
68329
30424
30430
68638
68415
68481
30447
68538
