28259
29006
29848
29878
29912
29940
30013
30157
30286
30392
30680
30525
30632
30742
30872
31539
31430
31760
31538
31891
31892
32002
32003
32005
31890
32004
31889
32303
32470
23076
32469
32471
32637
32998
33000
33443
25664
33444
33442
33440
35442
33198
33441
33923
33668
33920
33199
33669
33672
33921
33922
33671
24895
34193
34189
34195
34194
34190
34779
34492
34490
34487
34489
34491
18624
34778
35122
35120
35444
35121
35123
27014
35830
18304
35443
36247
35829
36244
35440
36249
35828
24965
36658
36659
26813
36656
36660
36664
36665
37181
25274
23045
37180
22565
38905
37694
38906
37689
38897
37695
38898
38904
38907
38271
38266
38270
26900
39632
40469
40464
40468
39630
41436
41429
41435
41437
41438
43145
42374
42375
42376
42372
43139
