63565
63823
63812
64094
64308
64358
64342
64451
64479
64515
64546
64587
64639
64690
64843
64842
65322
65636
65969
66356
66622
66771
66822
66989
67531
67479
67904
68417
68510
68673
68761
69422
69168
69166
69419
69421
69555
69420
70115
70568
70762
71160
71345
71548
72060
72059
72336
73246
72910
73605
73604
74376
74374
74375
74815
74814
75238
75239
75240
75241
75740
75741
76266
75738
75739
76267
76865
76862
76863
76861
77571
77570
77568
77572
78334
78326
78329
78331
79097
79093
80049
80047
80048
80044
81189
81188
82529
82532
82539
84108
82530
84121
84122
91242
84110
84114
84118
84119
84120
85970
85987
88328
88329
88325
91225
91224
94932
94934
94939
94942
94937
