43333
63563
43343
43348
63588
43351
63613
43370
43388
43415
43421
63729
63734
63738
43458
43461
63800
43483
63855
43509
63906
63939
63949
43539
43558
43580
64040
43585
43588
64104
64114
64129
28305
43641
64248
43687
43697
43701
43706
64345
43736
28396
43754
28415
43756
28432
64459
28439
43780
64446
64441
43791
43790
64471
43813
64523
43829
22507
28497
28508
64572
64582
64573
64569
64592
43834
28540
64612
64637
64686
28594
28627
28682
28680
28715
43934
43935
64865
43943
43969
64893
43994
44003
43995
28802
64958
28796
44036
64978
65006
28820
44068
44055
28826
65028
44061
65053
28846
65127
29009
44109
28862
65176
65163
44132
44145
44146
44172
65207
65212
65221
28991
44175
28938
65231
28931
44195
65249
65255
44196
65274
44210
44242
65361
44244
44255
44272
44292
44283
44296
65555
65483
65535
65467
44336
65563
29036
44380
16903
44388
44370
65686
44434
65665
65714
44415
44448
65732
44538
44496
44486
44498
65834
29137
65839
44565
29155
44554
44529
65883
65896
29178
44541
65957
22252
44596
65975
29227
29231
29221
44637
66023
66015
44689
66045
66108
44661
44644
66120
44658
44680
66118
44686
66171
29289
44684
29318
66214
44718
66206
66207
44721
44695
44701
44716
44717
44733
44812
44757
66330
29328
66299
66287
44752
66346
44776
44811
29411
29391
66349
66363
66374
66373
29414
66542
44843
66612
66492
66432
66509
29426
44876
44880
66578
66575
44903
29540
66587
44919
66741
66639
44939
44984
66648
44960
45007
66704
66739
66719
44973
44982
29588
45003
29664
66767
45041
45049
45052
45065
66835
66836
66871
45138
66844
66864
45068
45155
29641
45174
66880
66881
66911
45096
66915
66912
45095
45098
66926
66928
66952
67011
66958
45137
45112
45144
45169
45132
45164
45129
66970
66985
45161
67033
67019
67062
45239
45198
45172
45230
29778
67155
45237
45227
67200
67218
67174
67219
20211
45263
45262
45293
45294
67292
45289
29927
67331
45404
45367
67291
67365
67382
45351
67611
45459
67428
67432
45412
45460
67469
45423
45461
67498
45453
67787
67612
29952
45518
45469
67510
67597
67541
45501
23717
67560
30015
45495
45583
45497
30065
45493
45534
67648
67652
45530
45535
45529
45542
30061
45580
30088
45528
45607
30100
45527
67718
45573
45606
67732
45618
67733
45612
67731
67858
45599
45746
45697
45701
45683
45664
45730
45645
67866
45688
69429
45703
30187
67932
68065
45734
68069
45788
68053
30290
68096
68147
68132
68292
68105
45805
46728
45793
45925
68172
45799
68199
45833
45832
30344
45840
68234
68236
68360
45886
45898
45950
68361
45956
45946
68409
68638
45953
45989
46045
68385
46041
68387
45987
45997
68433
68522
68458
68459
68600
68457
30535
68599
30534
46104
68703
46152
68792
68697
68702
46108
46219
46242
68789
46164
46207
30699
46306
69150
68741
46158
68845
46151
46274
68816
68843
46229
46335
68718
68816
46280
30820
68883
30750
46285
68978
30814
46333
68974
68904
68905
68933
68977
30756
46346
46288
46289
46436
68990
46355
46357
46439
46391
46398
46339
30746
69080
69405
46397
46417
46419
69145
30974
69007
46403
46407
69010
69012
30885
30791
46400
69040
69148
69217
46415
30908
46509
69146
30960
69481
46501
46494
30897
69213
46505
46497
69540
69676
30842
69540
30922
46493
46498
69364
69430
69356
46648
46639
46656
69518
46743
31077
69601
69496
46960
23731
69495
46804
46807
31006
69740
46932
46803
70048
69732
46787
70231
69742
69743
46787
70231
46748
69639
31409
46831
69872
46788
46832
69873
31315
47212
47006
69819
31365
46908
46817
46930
46929
46897
69885
46898
46982
46901
70010
70179
46827
47021
31456
70029
31462
47630
47016
46912
47018
70011
70027
31518
47113
69915
69955
47122
70015
31406
31793
70104
31562
47115
47201
70286
70153
70154
47198
70187
47033
47202
70299
47093
31622
31794
47103
70188
70190
47173
70447
31736
71610
31605
47282
70470
70394
71050
70348
31909
71461
31698
70504
47307
70502
47225
22264
70509
31668
70503
70507
70635
47317
47297
47581
47334
70827
47297
47319
31920
47339
47536
31966
47587
32197
47298
70621
47585
70731
47462
47427
71247
32124
70677
31946
47423
47448
70819
70888
47463
47416
47726
71012
47447
47447
47560
47461
47562
70878
32118
70883
70884
32128
47668
32274
70875
71008
47539
47734
47543
47570
47684
71016
47546
48003
32155
47564
70874
47566
47568
71028
71007
71228
71201
71228
71201
71202
71214
47861
71081
71220
71227
71203
71074
70938
71198
32509
71200
48175
47711
71218
48042
47673
47881
48049
47758
47685
48020
47722
47724
47875
71446
47683
47838
47890
47721
71304
71398
48023
71629
47839
48188
71388
47842
32369
32542
48185
72309
48200
71407
48043
47884
47888
48259
48165
48341
48197
71399
71510
71464
71466
71463
71633
71470
71870
71470
48154
71880
48512
48159
48522
48302
71832
71876
32604
71758
71703
48149
71896
71773
48326
48139
71707
71881
48518
71882
71770
72136
32848
48151
48152
48494
71951
71985
48138
72125
48358
32956
32992
71952
48576
72196
48529
72432
48555
48353
72177
48703
72430
48497
48312
48671
48667
17851
72418
48558
72226
48843
32996
49855
72290
72311
48541
72440
72419
72311
72231
72315
72232
72324
48501
72234
33153
48545
72236
48506
72308
72421
72428
49154
33139
48502
74072
22769
23713
48701
72677
72685
72502
48509
72703
33158
18168
48697
33158
72703
72510
72722
48642
48659
48728
33481
73000
72583
72674
72501
48896
33300
48662
49757
72671
49169
33478
33495
73009
33390
34093
48687
72984
49085
73001
72767
72774
34060
72778
73365
33299
74915
48878
72801
48912
23877
33383
49092
48931
49093
49110
72779
49399
23772
48919
33519
48925
49145
33408
49077
50770
14764
48877
49080
49113
49089
49137
73337
73340
73099
49097
73104
73423
49177
73218
49082
49125
33506
33893
73732
18445
33616
73356
33731
33409
49079
73424
73932
49322
73326
73100
33747
49173
49123
73720
73463
49328
49456
49456
73466
23708
73713
73328
73567
73792
73693
16072
49326
73726
49329
73503
73530
73733
73837
33845
34243
73731
49464
73835
49375
74064
33819
49380
49383
33877
73935
16137
73829
73935
33877
73829
16137
49599
74060
73819
73985
49730
76615
49348
74066
25572
73825
74222
74084
74062
74087
34408
50848
73822
49578
73824
73933
49588
49677
16336
33983
74086
49614
49577
49676
33983
74086
49995
49547
34074
49580
25586
74355
25680
49593
49927
49546
49602
49575
49615
74216
49625
74079
74081
74327
34275
34044
34130
34885
49917
74751
25041
49854
34817
34314
74489
49854
34851
23868
49857
50190
49899
49908
27957
22625
34466
74203
49893
53550
74748
74963
34372
34833
50266
74615
74918
50270
74626
74861
74946
74904
75006
23880
50660
74756
74909
23880
34827
50267
50154
74932
74207
74627
74938
36126
74902
50733
23796
50607
74810
74853
50339
23751
74728
74889
50239
55077
22797
50567
50191
75330
16305
50237
75330
16305
35366
50237
50299
34836
50303
50305
50186
75190
50571
75543
21538
50288
75383
35426
75337
75080
75393
23420
34720
75238
75372
35001
50277
50522
50585
19740
50542
75385
75238
75372
35257
75377
50915
75073
50606
75343
75392
50608
75180
34717
75365
50541
50651
75334
50563
20495
50635
35579
50556
75360
75364
50565
50630
75531
50636
26106
35904
75552
50591
50561
35464
23873
35255
22372
35894
50914
35046
50919
35096
51070
75731
35505
75534
51690
35042
75630
75649
75870
35173
35438
51778
18136
19122
50897
75793
51015
75686
50844
35193
36306
50958
35511
51015
50942
51338
35186
75778
50996
51002
75857
75864
26509
50932
75888
50957
51785
75899
51223
75906
76215
51673
76438
35527
75848
51013
18353
35429
52612
51740
51020
76384
36157
36171
76413
51235
51370
76232
51991
76386
36074
36159
76199
28082
76203
16250
51377
76048
35535
36153
36154
19799
51399
36089
35751
51925
76414
36334
25580
77780
36154
19799
51468
51867
22610
51353
51490
51607
51450
76047
51265
51293
51383
51459
76050
76310
51312
51388
52607
76054
51398
76070
51425
51869
23484
35746
51363
51427
53206
23883
35737
51325
51461
76060
76070
23484
35746
51425
51869
51363
51427
53206
35755
52270
76978
51822
52062
16169
14866
23749
76407
36150
36360
37085
77033
76607
36676
36050
36462
36050
36462
25106
51811
51885
36576
77030
25212
36617
52296
77041
81056
25505
76993
36791
52096
52383
76617
35739
52386
36566
76624
77006
22631
52342
16102
51818
52224
26491
36673
51841
52045
18458
76623
25153
52401
23711
52273
76632
36443
51734
78993
52230
77284
76734
25521
77004
23887
52324
77065
76835
77066
36605
51814
76912
25576
16120
76635
76688
52315
52321
52619
52821
76794
77005
36119
52337
76631
77010
77067
16120
76635
76688
77051
52315
77961
17154
36941
52245
77352
52387
52228
52885
77801
52313
52240
52382
25553
26383
26781
77653
77959
25553
26383
26781
52246
77735
77738
83916
37077
53268
77257
77461
52524
37086
77730
78389
52173
25130
52215
24445
37065
52216
52932
52361
52862
52363
77258
22795
26268
77764
52521
77515
78051
78529
52889
52241
52907
77734
22305
18846
52843
77402
52848
78037
52953
78043
78738
52888
52989
77294
26399
52825
78017
78542
81989
78733
22055
52979
78491
16142
36459
78188
53467
52717
78010
78459
78539
36968
53486
78467
20646
26834
52797
78019
78477
22333
78479
78483
79642
84095
52803
53338
52804
53466
79652
37278
26722
37292
38382
37292
38382
26722
53021
26082
53209
25209
52798
78557
52801
16347
26339
53367
53638
61172
78535
23747
52794
53691
78823
25416
37246
38315
53574
53342
53598
79327
53016
52908
53440
83931
53326
53560
79304
38368
78782
53473
78786
79343
53440
78789
37436
79619
78797
53456
78798
53459
79013
78777
79329
53437
79267
78822
79277
26415
53513
53761
78796
80666
26422
