68
69
343
357
365
374
394
415
416
1820
1895
1897
1904
2708
3036
3059
3613
31147
3981
3990
31187
4081
4163
31214
4724
4725
4726
5792
5866
5872
5906
6963
31900
31906
7244
31978
7811
7812
8048
8123
8196
32158
8676
8854
8859
8861
8867
9007
9352
9477
9479
9507
41
9843
10006
10117
10329
10373
10736
11115
11466
32767
11543
32820
11627
11704
11726
11838
32980
32981
32992
32993
11892
11897
11977
11979
11980
11985
11986
11989
11990
11992
11993
11994
11996
12078
12087
12488
12496
12722
33260
13661
13669
13683
13732
13759
13911
14272
14351
14403
14482
14758
33688
15895
16006
34008
16415
16454
16576
16577
34078
16709
16783
16787
17403
34298
17552
17574
34333
17585
18262
18423
34717
19162
34825
19424
19425
19500
19944
20308
20796
20801
20889
20890
20906
20928
20947
35263
35264
35289
21310
21432
21474
22358
35691
22569
51
35785
23717
35952
