30389
30402
30422
30423
30474
30515
30540
30541
30579
30656
1895
30659
30660
30661
30667
30749
30782
30783
30784
30785
30786
30787
30788
30879
30880
30881
30882
30883
30885
30884
30886
30887
30888
30889
30892
30891
30893
30895
31037
31038
31041
31112
31114
31147
31148
31149
31150
31165
31187
31206
31226
31230
31239
31279
31349
31404
31428
31486
31606
31607
31608
31651
31754
31755
31757
31758
31759
31767
31878
31879
31880
31897
31898
7070
7079
7081
31900
31901
31904
31905
31906
31907
31928
31929
31935
31938
31939
31940
31941
31943
31946
31956
31967
31980
31981
31982
31984
7662
32020
32022
32023
7663
7664
32025
7665
32026
32027
32028
32029
7668
7669
7671
32050
32051
32055
32067
32299
32300
32301
32302
32304
32404
32405
32425
32426
32474
32625
32628
32638
32639
32759
32760
32767
32770
32772
32774
32775
32776
32778
32779
32781
32783
32784
32785
32786
32787
32788
32789
32790
32791
