357
374
1078
1820
1838
2200
30785
30786
30787
2961
3059
4163
4604
4724
4725
4726
5416
31608
6761
6958
7070
7079
7081
31900
31906
8048
32108
8854
8861
9057
9056
9843
32771
32954
32960
11979
11993
11994
33087
12488
12496
12621
12628
12839
12838
12840
12841
13028
33260
13683
13759
14452
14451
14465
14466
14481
14483
14484
14503
14666
14882
33688
34032
16467
16676
16787
17510
34344
17654
18647
18684
18785
34770
19306
20426
35258
35691
51
23717
24989
25034
25097
36345
36368
36370
36369
25454
25600
36468
25624
36469
25625
26056
26376
26990
