30389
668
1678
1753
1761
2485
30797
2486
2491
3182
3736
3737
4051
31174
4216
4217
4704
4895
7941
8130
8131
8132
8133
8134
8135
8136
8137
8138
8139
8140
8141
8142
8143
8144
8145
8146
8147
8148
8149
10501
11487
11488
11747
32964
32971
12203
12957
12958
15067
33925
16084
16291
17368
34295
17950
18218
18483
18958
19258
21086
21087
21088
21089
35283
35284
35285
22318
22343
23003
25233
36382
36383
36384
36385
36386
36387
25248
25862
25864
26252
26911
27198
27197
16084
16291
17368
34295
17950
18218
18483
18958
19258
21086
21087
21088
21089
35283
35284
35285
22318
22343
23003
25233
36382
36383
36384
36385
36386
36387
25248
25862
25864
26252
26911
27198
27197
