281
637
651
668
30389
30424
1200
1250
30519
1846
2025
2130
2312
2485
2486
2490
2491
2505
2720
3018
3195
3367
3474
3481
3633
3936
4012
4696
4919
31379
31430
6013
6099
6549
6613
6614
6696
6698
7120
31934
31935
7649
8211
32125
8387
8447
8585
9092
9131
9654
32443
9987
10312
10506
11144
11238
11264
32748
11503
11512
32814
32833
11624
11629
11640
32997
33006
11964
33041
12191
12201
12488
12496
12517
12915
13224
33379
13603
13653
33453
13876
15144
33824
15599
16000
16044
33941
16380
16399
16405
16449
16456
16460
16663
16715
16722
16723
16724
16725
16726
16727
16728
16729
16730
16731
16732
16733
16734
16735
16736
16737
16738
16739
16740
16741
16742
16754
16965
17038
17041
34201
34202
17056
17066
17372
17401
17402
17437
17475
17476
17483
17485
17557
17558
17561
17562
17567
17571
17585
34345
17618
17625
17667
17669
34398
17772
17800
17875
18022
18029
