63537
63577
28132
63625
28189
63878
63997
64000
43560
43572
43618
28289
43625
43678
64243
64264
63762
64306
28352
64330
28387
28477
28469
64557
43835
64684
43894
43919
43928
43955
64871
44085
65093
28862
65120
44162
28922
65202
28932
44212
65262
65302
44238
44226
44237
44248
28953
44294
44302
44316
65482
44347
44376
65628
29116
44464
44579
65938
66058
44663
66045
66122
44734
66246
44778
66346
66344
44831
66597
66590
44991
44983
66728
66800
29640
66962
45157
45179
45250
45325
67211
45355
45428
45324
67386
67397
29961
45505
45515
45483
30050
45644
67822
45746
45820
68076
45852
68136
68106
45814
45828
45856
45908
68355
68415
68668
68538
46115
46072
68588
68690
46311
68819
23273
68925
46454
68807
46457
46447
69053
22563
30898
31116
46599
46838
31157
69554
69683
46791
69800
69799
69942
69986
69919
70113
70243
70333
47275
70492
70803
47229
47347
32004
32048
47510
70906
47669
32433
47609
47611
32279
47776
71382
49216
71342
71341
48104
48424
48068
71476
48227
71721
71712
48247
72000
48621
48397
72594
25291
48711
72632
33494
48833
72766
49218
49187
73200
50062
73679
23763
49748
49728
49794
49704
49710
50052
50025
50054
50016
74961
50340
75068
50517
50837
50506
51064
26797
75828
51973
51057
51042
51514
51974
51594
51562
52034
23466
51993
52552
52658
52552
52658
54831
24564
77566
77816
52516
25727
24291
52782
25293
53188
53135
53177
25353
53690
37440
27745
24723
53760
37575
24891
22732
21934
54069
80561
37470
37858
39869
22283
40876
87410
87865
40854
41797
91256
91195
94485
43237
95292
