152
153
176
309
359
439
746
940
1234
1235
1290
1837
30764
2631
2680
2692
2883
3384
3385
3562
5526
31692
6763
6794
31799
7026
7316
7946
8398
9017
32444
9716
11323
12122
12272
12563
12564
12566
12568
12569
33131
33132
33133
33134
33136
12577
12579
12581
12580
12587
46
12590
33412
13728
13927
15021
15054
15062
15085
15993
34064
17351
17897
18229
18845
18878
34819
20227
20228
20800
20801
20802
21109
35395
35396
21583
35440
21812
22171
22536
22966
23371
23423
24052
24110
24198
24505
26683
46
12590
33412
13728
13927
15021
15054
15062
15085
15993
34064
17351
17897
18229
18845
18878
34819
20227
20228
20800
20801
20802
21109
35395
35396
21583
35440
21812
22171
22536
22966
23371
23423
24052
24110
24198
24505
26683
