28270
28583
28911
29005
29071
17952
29336
29370
29494
29620
29702
29819
30011
17148
30010
30156
30285
30391
30470
30523
30524
30679
30631
30629
30630
30741
31026
31095
31096
31169
31345
31429
31758
32000
31756
32001
18622
32152
32153
32300
32467
37685
32468
32466
32635
32801
32636
32634
32996
22065
33434
33435
19746
33433
33194
33665
33916
33919
34481
34187
34479
34483
34482
34774
25256
34480
22254
34775
25161
22350
35117
35438
35820
35824
36238
25260
35825
19926
36653
22365
18866
36654
18183
26849
25668
22376
37170
18844
38253
37686
37165
37169
25062
37163
38892
26801
16301
26865
22256
37687
37682
38895
38885
38261
38894
38893
38263
38887
38259
38252
23083
38891
38257
38260
38251
40450
28048
16331
41419
39619
23052
40463
41422
41423
42366
42368
42359
