92
93
139
138
150
151
197
198
207
208
308
417
30310
464
30357
530
1005
30467
30568
1815
1838
30723
30724
2170
2172
2230
2570
2679
3016
3288
3296
3744
31113
4070
4071
4073
31186
4534
4637
4647
4670
4672
5250
31368
5354
5404
5532
5586
5618
5625
5653
5911
5943
6170
6175
6202
6359
31701
6501
6531
31723
6801
6803
31794
31798
31815
31816
31818
31819
31820
31821
31822
31823
31824
31825
31826
31828
31829
31830
31831
31832
31833
31835
31836
31837
31838
31839
31841
6988
7279
7355
7388
7539
7540
7541
7759
8195
8439
8556
8700
8855
32340
32349
32348
32347
9190
9276
9464
9644
9820
9844
9868
10016
10081
10176
10737
10738
10745
10746
10747
10763
11497
11918
45
12535
33124
12536
12540
12541
33127
12547
12548
12550
12552
12635
12636
33205
12834
30317
13029
13030
13082
13258
13691
13710
13724
13760
13912
14254
14328
