1130
30520
30541
1387
1505
1809
1810
1811
1812
1901
2008
2305
2601
2622
3189
3260
31041
3400
31109
4060
4929
5021
5672
5725
6454
6682
31934
31935
7321
32016
7741
8104
8210
32176
9023
10235
11477
32814
32842
32997
33006
11974
12094
12095
12181
12242
12373
13202
13203
33380
14261
14610
14734
33639
33728
33988
33989
16945
17432
34345
17618
17822
17952
18025
18085
34513
34553
34562
34575
34589
34588
18689
18755
19055
19460
19635
34984
20137
20255
35068
20413
20543
20544
20545
20596
21105
35294
35309
35317
35321
35322
35375
22552
22903
35819
23141
23146
23277
35892
23705
35955
23893
24086
36117
36118
24597
36261
24884
24895
25161
25293
36631
14261
14610
14734
33639
33728
33988
33989
16945
17432
34345
17618
17822
17952
18025
18085
34513
34553
34562
34575
34589
34588
18689
18755
19055
19460
19635
34984
20137
20255
35068
20413
20543
20544
20545
20596
21105
35294
35309
35317
35321
35322
35375
22552
22903
35819
23141
23146
23277
35892
23705
35955
23893
24086
36117
36118
24597
36261
24884
24895
25161
25293
36631
