1773
1777
1783
1786
1797
1801
1803
2857
2877
3035
4158
4159
5906
7037
7380
10666
10897
16138
16412
16677
16678
17072
17076
17077
17078
17079
17080
17695
17696
17697
17700
17701
17702
17703
17704
17705
17706
17778
17780
17783
18501
18502
21609
22430
24792
27347
27348
27350
27352
27353
27360
27362
27363
27365
27366
37125
37126
37129
37130
37132
37135
37136
37166
37167
37169
37171
37173
37176
37178
37180
37199
37200
37201
37244
37260
37263
37265
37266
37270
37274
37317
37355
37356
37357
37358
37360
37361
37362
37366
37399
37400
37402
37451
37452
37453
37454
37455
29548
37570
37573
37578
37611
37613
37614
37615
37627
37633
37634
37635
37646
37648
37733
37735
37736
37738
37757
37761
37763
27360
27362
27363
27365
27366
37125
37126
37129
37130
37132
37135
37136
37166
37167
37169
37171
37173
37176
37178
37180
37199
37200
37201
37244
37260
37263
37265
37266
37270
37274
37317
37355
37356
37357
37358
37360
37361
37362
37366
37399
37400
37402
37451
37452
37453
37454
37455
29548
37570
37573
37578
37611
37613
37614
37615
37627
37633
37634
37635
37646
37648
37733
37735
37736
37738
37757
37761
37763
