1015
1046
1119
1127
1679
2041
2063
2225
2420
2729
2770
2773
2845
2846
2860
3387
3702
3722
3723
3768
4501
5300
5498
5575
5576
5580
6027
6235
6256
6394
6524
6726
6783
6802
7057
7441
7613
7809
8053
8526
8905
8908
9032
9037
9038
9107
9142
10163
10558
10615
11468
11593
12220
12306
12525
12559
12560
12734
12744
12871
13091
13092
13096
13155
13571
13715
14017
33500
14146
14190
14356
14425
14427
33556
14803
14970
15075
15136
15139
15141
15150
15151
15188
15415
15463
15515
15566
15612
15616
15644
16688
18011
34508
18345
19072
19073
19571
22523
23051
23171
23172
23173
23174
23296
23356
23357
23714
23732
23863
23866
23867
23868
23967
23968
24195
24388
24975
25442
25555
27161
27372
27394
27538
27539
27545
27547
27559
27585
27599
27601
27603
27614
27630
27683
27691
27692
27707
27713
27720
27738
27752
27759
27767
27769
27781
27783
27784
27785
27786
27787
