63794
24099
22452
22451
22405
22443
66525
66563
66688
22538
68258
23921
22540
22407
22519
22514
22448
22408
22406
73594
22517
22439
22392
22387
22453
24118
23920
23938
22530
22536
24102
22531
23939
24108
22447
22528
22533
22522
24103
23833
24115
22441
22386
23923
24104
22532
22450
23830
23834
23919
24107
24092
24129
24130
22520
22526
24117
24128
24122
24098
22534
24094
24111
22438
22529
24131
22436
23823
24120
22412
23934
23929
80018
23648
23933
23824
24127
24119
23936
24134
23832
23918
24091
24121
