22440
22391
63789
22444
22445
22452
22451
22443
22405
23821
66525
66563
66688
22538
23940
23927
68258
22524
68574
23921
23925
22540
22407
22442
22519
24124
22514
22448
22408
22406
23829
73594
22517
23930
22439
22449
22392
22453
22387
24118
23920
23938
23941
22530
24132
22536
23825
24102
22531
23926
22528
23939
22447
22522
22533
24115
24103
22386
23833
22441
24096
23923
24133
22539
24104
22527
24097
22450
22532
23830
23834
23835
23919
24092
24107
24130
24106
24129
23942
22520
22526
24117
24128
23937
24110
24098
24122
23924
24094
22438
22529
24111
22534
22436
24131
22412
24120
23823
23934
23929
80018
23922
23648
23933
24126
23824
24127
24119
24100
82507
23931
23936
23928
24134
23832
24113
23918
23935
24091
24121
84068
88260
91151
94894
94895
