28417
28472
28493
28937
28980
29180
17845
29619
29743
29771
29818
29910
30009
30283
30241
30354
30319
30389
30628
30740
30940
30800
30869
31093
31427
31249
31536
32148
31996
31886
31997
31998
31995
31887
31753
32147
32297
32296
32465
32991
32992
32797
32799
32796
33190
30870
33423
33189
33424
33421
33660
16961
34182
34470
34183
34468
34466
34472
14995
34471
34770
34469
19124
31535
35808
35102
35101
35104
35107
35816
35432
35433
18045
35818
36232
36234
22290
25156
35429
35815
35430
36233
35811
36228
36231
25652
36230
36631
36636
17729
16186
36633
26783
24863
26136
24905
18041
37157
37159
19126
37153
37154
37158
26092
37156
26737
38876
24909
26329
39613
37677
16917
25098
28041
37676
37678
38879
38234
39614
38235
38237
38239
25254
40444
38878
40441
40436
40437
40439
41411
41412
40440
41408
42346
41407
42350
42344
42349
42351
42352
42345
43126
43127
43128
43129
43131
43132
43133
