44685
44645
44656
44657
44698
44644
44700
44699
44715
44671
44672
44773
44808
44701
44809
44697
44716
44717
44812
44751
44774
44752
44811
44788
44789
44823
44861
44810
44860
44827
44860
44824
44843
44825
44828
44826
44899
44898
44917
44900
44919
44918
44937
44942
44940
44939
44941
44962
44961
44982
45002
44980
45030
44981
45003
45004
45031
45032
45001
45028
45048
45168
45050
45049
45072
45070
45068
45069
45096
45091
45094
45093
45092
45095
45116
45114
45167
45169
45142
45199
45141
45140
45173
45198
45172
45238
45200
45237
45236
45235
45393
45234
45268
45288
45267
45284
45286
45290
45291
45285
45287
45289
45319
45321
45396
45456
45347
45397
45394
45459
45395
45398
45460
45392
45421
45423
45419
45458
45457
45502
45455
45501
45576
45579
45543
45542
45581
45541
45616
45577
45580
45545
45544
45614
45612
45613
45701
45699
45663
45700
45702
45730
45662
45731
45732
45729
45734
45733
45770
45773
45843
45774
45804
45772
45805
45803
45801
45806
45807
45844
45900
45901
45902
45897
45898
45952
45956
45954
45953
46053
46054
46008
46001
46051
46003
46004
46007
46005
46006
46224
46112
46111
46169
46170
46171
46229
46227
46228
46231
46348
46283
46285
46286
46290
46350
46289
46347
46353
46288
46436
46287
26426
46433
46428
46575
46421
46430
46429
46432
46425
46426
46434
46422
46424
46583
46427
46435
46431
46582
46499
46501
46576
46577
46579
46584
46502
46497
46573
46585
46498
46503
46572
46735
46732
46734
46648
46649
46646
46647
46650
46651
46739
46736
46923
46932
46738
46824
46825
46823
46820
47212
47216
46822
47209
46926
46817
46930
47017
47012
46929
46934
47021
47020
47211
47016
47120
47018
47122
46935
47015
47013
47022
47119
47023
47024
47121
47217
47323
47455
47449
47330
47321
47331
47334
47322
47339
47332
47335
47328
47336
47337
47338
47577
47454
47578
47453
47441
47579
47445
47447
