274
668
30389
1905
30667
2034
2256
30749
2363
2364
2365
2366
2380
2799
30882
2812
2959
3037
3308
31148
31149
31323
4925
5247
5728
6187
6613
6614
6617
7414
32055
32277
9130
9454
9477
9598
32474
10005
32770
32778
32803
32804
32923
11744
11747
11759
11892
12190
12330
33098
12482
12527
33337
33345
33489
14215
14690
14769
14937
33654
33742
33743
16113
16235
16434
17437
34406
17783
34422
34423
18099
34487
18100
34488
18101
34489
18102
34490
18103
34491
34492
18484
18728
19158
19538
35208
35210
21821
35493
22358
22539
22548
22970
35836
23697
23934
36369
36370
25151
25319
36435
25414
25416
25417
25862
25864
27170
27184
27185
27191
27192
27201
27217
27236
27245
27251
36791
36792
27475
