330
167
219
220
360
387
434
472
498
555
766
15
875
1150
1166
30484
30510
1257
2048
2198
2251
2522
2705
30842
2934
30955
30956
30965
30966
3304
31027
3319
3401
3413
3548
3696
3803
3833
3994
4793
4830
31409
5664
5665
5720
5847
6232
31666
31667
31669
31670
31673
31674
31676
31678
31679
31680
31681
31682
31683
31684
31685
31686
31687
31688
31691
31693
31694
31695
31697
6471
6805
6806
31989
31990
7435
7569
7570
7806
8084
8167
8309
32170
32193
8570
8609
8610
8611
8612
8613
8614
8615
8684
8685
8716
8796
9294
9436
9659
10404
32595
10637
11611
32823
11734
12023
12034
12036
12061
12068
12098
12104
12527
12593
13064
13133
13135
13136
33286
13138
13139
13140
13141
13145
13147
13149
13247
13264
13312
13486
13582
13609
14136
14263
14489
14824
14845
14847
33690
15045
15111
15166
15365
15366
15434
15547
15548
15697
15707
15811
