30337
273
274
275
30338
276
277
30340
279
30341
30342
280
281
282
284
285
286
287
288
290
291
292
30343
293
294
295
647
668
721
723
799
30406
30410
831
1187
1278
30540
30541
1414
1761
30625
1895
1896
1905
30662
1919
30667
2212
2256
30782
30783
2352
30784
2359
2360
2361
2362
2363
2364
2365
2366
30785
30786
2367
2368
2370
2371
2372
2373
2375
2376
2377
2378
2379
2380
2381
2382
2383
2703
2799
2812
2821
2959
2961
2993
3032
3037
3308
31038
3360
3367
3735
3981
31147
31149
3982
31150
31151
3983
4035
4136
31205
31206
4160
31207
31208
31209
31210
4161
31211
31212
4162
31213
4261
31239
4614
4738
5247
5482
31508
5768
6134
31608
6276
6326
6613
6614
6616
6618
6619
6620
6621
6622
6623
31759
6624
6625
6629
6710
6961
6962
6964
7070
7071
7072
7073
7074
7075
7076
7077
30783
2352
30784
2359
2360
2361
2362
2363
2364
2365
2366
30785
30786
2367
2368
2370
2371
2372
2373
2375
2376
2377
2378
2379
2380
2381
2382
2383
2703
2799
2812
2821
2959
2961
2993
3032
3037
3308
31038
3360
3367
3735
3981
31147
31149
3982
31150
31151
3983
4035
4136
31205
31206
4160
31207
31208
31209
31210
4161
31211
31212
4162
31213
4261
31239
4614
4738
5247
5482
31508
5768
6134
31608
6276
6326
6613
6614
6616
6618
6619
6620
6621
6622
6623
31759
6624
6625
6629
6710
6961
6962
6964
7070
7071
7072
7073
7074
7075
7076
7077
7078
7079
7080
7081
7083
31900
7084
7086
7087
7088
7089
7090
7092
7093
7094
7095
7098
7099
7100
7101
7102
7103
7104
7105
7106
7107
7108
7109
7110
7111
7112
7113
7115
7116
7117
7118
7119
7123
7124
7127
7128
7129
31906
7130
7131
7132
31907
7133
7210
31934
7218
7220
7221
31939
7222
31942
7223
7224
7231
7232
7234
7235
7245
7335
7370
31983
31985
7414
7643
7662
7663
7664
32025
7665
7666
32027
32028
7667
7668
7669
7670
7671
32049
32050
7761
7816
7941
8079
8128
8129
8305
8560
8561
32248
32300
32301
32302
32303
32304
9454
9478
9574
32425
32464
32465
32466
32467
32468
10005
10371
10537
10627
10628
32625
10630
10653
11521
32768
32773
11526
11527
11528
32776
32777
11529
11530
11531
11532
11533
32780
11534
11535
32781
32782
11536
11537
11538
11539
11540
11541
11544
11545
11546
11548
11569
11571
11572
11573
11574
11575
11576
11580
11586
11588
32814
11597
11598
11603
32819
11604
11606
11607
11608
11610
32829
11616
11617
11618
11620
11621
11622
11623
11624
32833
11625
11626
11629
11630
32838
11637
11638
11642
11643
11644
11645
11646
11647
11648
32849
11649
11650
11651
11652
11653
11654
11655
11656
32854
11657
11658
11659
11661
11662
11663
11668
11669
11670
32858
11671
32862
11682
32866
32868
32869
11683
32870
32873
11685
11687
11689
11690
32882
11691
11692
11693
11694
11695
11697
11708
11709
11710
32888
11711
11712
11714
11715
11716
11717
32892
11718
32895
11720
11721
32896
11722
32897
32898
32899
11723
11724
32900
32901
11725
32902
32903
32905
11726
32906
32907
32908
32910
32912
11727
11728
32913
11729
32914
32915
11730
11731
11732
11735
11736
32918
11739
11740
11744
11745
11746
11747
11748
32926
32927
32928
32929
32930
11761
11762
11763
11764
32935
32936
32937
11765
32942
32943
32945
11766
11767
11768
11770
11771
11772
11774
11775
11776
11777
32962
11787
11807
32968
11808
32969
11810
32972
11812
11820
11821
11822
11823
11824
32974
11829
11830
11831
11832
32980
32981
11839
11843
11844
11846
11847
11848
32988
32989
32990
11850
11856
32991
32994
11858
11863
11864
32998
32999
11870
33001
11881
33005
11883
11892
33008
11893
33009
11895
33023
11993
11994
12190
12195
12204
33067
12330
33101
12376
12377
12378
12483
33110
12484
12485
12486
12488
12489
12490
12491
12492
12494
33115
12495
12496
12498
12499
12500
33117
12501
12502
12503
12504
12505
12506
12508
12509
12510
12511
33119
33120
12513
33121
12514
12515
12517
12518
12519
12520
12521
12527
12568
12569
33131
12570
12571
33134
12628
33191
12740
12741
12789
33215
33222
12841
12858
12859
12860
12861
12862
12863
12864
12884
12885
12886
12887
12888
12890
12891
12892
12893
12894
13205
33307
13206
13210
13211
13212
13213
13214
13215
13350
13351
33336
13352
13356
13359
13360
13361
13363
13371
13651
33412
14769
14778
14944
14950
14951
14952
33655
33656
14953
33688
15098
33718
15099
15149
15207
33773
15348
33798
15438
15439
15574
15667
15691
15924
16008
16113
16215
33988
33989
33992
16331
16397
16398
16434
16787
16817
34151
17006
17062
17063
34214
34218
34219
17064
17377
17437
34298
34300
17618
34377
34378
34406
17784
17785
17787
17789
17947
18023
18024
18092
18099
34487
18100
34488
34489
18101
18102
34490
34492
18103
34494
34499
34500
18127
34501
34502
34503
34506
34529
18220
18324
18397
18422
18425
34585
34586
18567
18785
34696
34706
19145
34785
19155
19156
19157
19179
34825
19538
19989
19990
34982
34983
35113
20763
20816
20905
20915
20923
20931
20932
35221
35223
20951
20952
35225
20976
35259
21081
35294
21198
35361
21853
21977
21978
35533
22377
22539
22540
22541
35691
22543
22545
22546
35695
35696
22547
22548
22710
22970
22971
23134
35819
23141
23330
23427
23428
35915
23513
23662
23697
23716
23717
23718
23927
23936
23938
35998
23940
23941
23942
23943
23948
24006
36054
24186
36055
24187
24188
24189
36057
36058
24190
36061
24217
36073
24357
24410
24971
36352
36353
36381
36395
25274
25319
25359
25360
25361
25362
25363
25394
25414
25415
25416
25417
36437
25420
25488
25592
25593
36468
25624
25625
25626
25627
25629
25630
25631
36472
36473
25632
25633
25641
25658
25734
25735
25736
25737
25738
25739
25778
36528
36537
25834
25835
25836
25863
25867
26700
27169
36745
36746
27194
27195
27198
27199
27306
27305
27307
27308
27461
36791
27475
27508
36803
