63531
63568
28129
63604
63614
28137
28139
63658
43396
43496
43538
43548
28249
64025
64064
64102
43608
43623
43621
64136
64157
64172
43648
43646
64217
64207
28329
43690
28357
43722
64372
28400
28456
43812
28489
43822
28522
64589
43838
64630
43851
28558
43860
43884
28630
43922
43924
28696
43956
44010
64917
44078
65047
44057
65016
65092
44097
28837
28843
44126
64291
44271
28964
44251
65349
65365
64383
44275
28977
65503
28997
29010
44395
44396
44450
29134
29128
65843
44534
65929
44552
44557
66005
66018
44586
29220
44623
65994
44624
66037
66141
44634
29290
29288
44783
44723
66322
29349
44845
44872
29412
66486
29456
44899
29500
44911
66574
44884
44898
44925
44948
44937
44950
66656
29562
45002
29614
66757
45074
45036
66829
67066
45123
67012
45125
45158
67128
29743
45214
45212
67224
29835
67250
45306
45302
29819
45332
29858
45359
29877
45451
30014
45444
67660
45427
67575
30009
30013
67652
67886
45588
30082
30083
67806
30131
67810
67802
30134
30248
30255
30239
30242
30254
30229
30313
68144
30286
45827
30370
45918
30340
30341
45860
30321
30350
45910
30433
68790
68328
45939
68547
45966
46022
46018
68474
46121
68531
46090
30582
30510
30495
30726
46128
46130
46143
30681
46208
46185
46310
46296
30638
68931
30805
68929
30734
46455
68915
30866
46456
30890
69205
46523
31044
46537
30996
30910
46524
69462
46672
69457
46595
46984
46591
46863
46661
69597
31151
69506
31243
69705
69682
31287
31162
46914
31325
31283
31311
47055
31366
31512
46948
70110
31463
70183
47379
31241
47110
31487
47267
47164
47034
70391
70432
31628
47247
47252
31662
70668
70622
70592
47348
47368
70682
47628
31715
70904
31900
47474
32120
31832
47430
32286
32064
71120
71027
32205
47947
47615
47905
47614
47768
71103
32522
32328
47917
48004
47760
32409
71449
32352
71383
72593
47854
71287
73208
32621
71457
32508
71926
48840
