8594
9700
9701
9705
9706
9707
9708
9709
9710
9711
9712
9713
13471
13635
33411
13636
13637
13638
13639
13640
13641
13642
13643
13644
13645
13646
13647
13648
15981
15982
15983
15984
15985
15986
15987
15988
15989
15990
15992
15993
16090
16091
16093
16094
16095
16096
16097
16098
16099
16100
16101
16102
16105
16766
20659
20660
22162
22163
22164
22165
22166
22167
22168
22169
22170
22171
22172
22173
22174
22175
22176
22177
22178
22181
22182
22919
24051
24052
25065
25680
25685
25688
25694
25695
25696
25697
25698
25699
25700
25701
36502
36503
36504
36505
36506
36507
36508
36509
27261
