28210
29127
29179
29199
29223
29251
29335
29367
29513
29514
29552
29551
29617
29816
29769
29792
29815
29876
29938
4715
29973
30008
30050
30154
30153
30279
30277
30317
30318
30388
30352
30425
30467
30521
30576
30797
30867
31017
31086
31089
31088
31243
18396
31643
31645
32135
31644
31748
31883
31988
31987
32286
32287
32454
32288
32289
32455
32453
32787
32624
32623
32625
32786
32982
33410
32981
32979
33176
33178
33177
33898
33411
33406
33407
33649
33408
33646
33893
33899
33409
33900
33902
34441
34168
34169
34170
34440
34171
34752
35079
34750
35080
34751
35795
26122
35797
35406
35405
35407
35408
26259
35794
28088
20045
23054
25327
36204
36201
36198
26321
36200
18363
24079
36605
36606
37126
36602
37128
37125
16074
26916
37123
25444
26042
14760
26949
38842
37645
26998
37636
38848
37644
38849
37633
37639
25626
19704
37640
22960
39561
41370
39554
38201
39565
38202
38847
40389
40385
40392
40377
39567
40374
40384
40387
40390
40383
41363
41369
17064
42299
42305
43103
42310
