29768
29814
29971
30007
30091
30200
30466
30624
31015
31085
31165
31338
31425
31642
31747
31746
18359
32285
32621
32619
32620
33174
18133
33405
19694
34165
34166
34437
34163
25068
34438
34746
34748
35074
35073
35788
35787
26660
35785
35789
35402
37117
25092
37115
17146
37118
36196
36195
36194
17885
36601
22224
22363
26859
28060
26855
28065
38828
38834
38832
37625
23047
24903
38187
38188
37626
38830
38823
38189
38190
38185
26333
41351
40373
25429
22978
41352
40361
22292
40366
38833
40368
41346
22303
42295
40370
40372
39551
41345
41343
41342
41357
42296
42293
42289
42290
42288
42294
43093
