30337
30338
279
30343
668
30389
30402
30540
30656
30659
1919
30675
30785
30786
30787
2367
2368
31037
31038
3360
3367
31147
31150
3983
31151
4035
31165
4614
4738
4925
31404
6135
6613
6614
31878
31879
7070
7076
7078
7079
7081
31900
7083
7084
7108
7109
7111
7116
7115
7119
7123
7124
7129
31928
7231
7232
7234
7235
7662
32020
32022
32023
7663
7664
32025
7665
7668
7669
7671
32051
32759
32760
32770
32806
11588
11597
32819
11604
11606
11607
11608
11610
11629
32836
32859
32860
32861
32862
32863
32864
32865
32866
11682
32867
32868
32869
11683
32870
32871
32872
32873
32874
32875
32877
32878
32962
32976
11832
32980
32981
32983
11844
33067
33097
33098
33099
33100
33101
12376
12377
12378
33110
12488
33115
12495
12496
12517
12628
33191
12741
12841
33228
33307
13205
33308
13210
13211
33309
13212
13213
13214
13215
13463
14778
33681
33684
33688
15148
15667
16331
7123
7124
7129
31928
7231
7232
7234
7235
7662
32020
32022
32023
7663
7664
32025
7665
7668
7669
7671
32051
32759
32760
32770
32806
11588
11597
32819
11604
11606
11607
11608
11610
11629
32836
32859
32860
32861
32862
32863
32864
32865
32866
11682
32867
32868
32869
11683
32870
32871
32872
32873
32874
32875
32877
32878
32962
32976
11832
32980
32981
32983
11844
33067
33097
33098
33099
33100
33101
12376
12377
12378
33110
12488
33115
12495
12496
12517
12628
33191
12741
12841
33228
33307
13205
33308
13210
13211
33309
13212
13213
13214
13215
13463
14778
33681
33684
33688
15148
15667
16331
33998
16787
17437
34323
34324
17573
17574
34345
17618
17750
34518
34575
18729
34706
19061
34825
20258
20377
20536
20880
20944
20945
35294
21232
35309
35361
35463
21853
22330
22377
35638
22710
23134
23427
23428
36056
36062
24357
36116
24971
24979
36395
36470
36511
36541
26700
27197
27198
36774
