30337
275
30338
277
279
280
30343
30389
668
1895
1896
30725
30783
2352
30784
30785
30786
30787
2703
30885
3032
31038
31147
31148
31149
31150
31151
3983
31205
4160
31207
31208
31209
31210
4161
31211
31212
4162
31213
31608
6613
6614
6964
7070
7076
7078
7079
7081
7083
31900
7084
7085
7091
7096
7097
7108
7109
7115
7116
7119
7120
7122
7123
7124
7129
31906
7130
7131
7370
31980
31983
31985
7662
32020
7663
7664
32025
7665
7666
32026
32027
32028
7667
32029
7668
7669
7671
7816
8576
32248
32300
32301
32302
32303
32304
10371
11521
32768
32776
11548
32798
32799
11570
11597
32819
11604
11606
11607
11608
11610
11616
11623
11624
32833
11626
32834
32843
11653
11692
11693
11697
11716
32895
11732
11735
32918
32962
32968
32974
32976
11832
11843
32994
11993
11994
33067
12488
33115
12495
12496
33117
12501
33119
33120
33121
12517
33131
33132
33148
12628
