30337
275
30338
277
279
280
281
30343
357
668
30389
1895
1896
1897
2352
30783
30784
2703
30885
3032
31147
31148
31149
31150
31151
3983
31165
31205
4160
31207
31208
31209
31210
4161
31211
31212
4162
31213
31239
31608
6613
6614
7070
7076
7078
7079
7081
7083
31900
7084
7085
7091
7096
7097
7103
7108
7109
7115
7116
7119
7120
7122
7123
7124
7129
31906
7130
7131
31977
7370
31980
31983
31985
7662
32020
7663
7664
32025
7665
7666
32026
32027
32028
7667
32029
7668
7669
7671
32049
32050
7761
7811
7812
7816
32300
32301
32302
32303
32304
9056
9057
9058
10006
10371
11521
32768
11548
32798
11597
32819
11604
32820
11606
11607
11608
11610
11616
11623
11624
32833
11626
32834
11629
32843
11653
11692
11693
11697
11708
11715
11716
32895
11732
11734
11735
32918
32957
32962
32974
32976
11832
11843
32994
33067
33087
12354
12483
12486
12488
12489
