30402
30660
30662
3032
31114
31147
31165
31205
31206
31208
31207
31209
31211
31213
31239
31404
31486
5728
6625
6629
31767
7370
31980
31981
31982
31983
31984
31985
8079
10371
32768
32769
32770
32773
11526
32774
11527
11528
32776
32777
11529
32778
11530
11531
32779
11532
11533
32780
11534
11535
32781
32782
11536
11537
32783
11538
32784
32785
11539
32786
11540
32787
11541
32788
11544
11545
11546
32789
32790
32791
32792
32793
32794
32796
32798
11569
11570
32799
32804
32813
32814
11603
11607
11608
32829
32830
11616
11621
32831
11622
11624
32833
11625
11626
32834
32837
32838
32840
11637
32841
32842
32843
11642
32844
32845
11643
11644
32846
11646
32847
11647
32848
32849
11648
11649
32850
11650
32851
11651
32852
11652
11653
11654
32853
11655
11656
32854
32855
11657
32856
11659
11661
32857
11662
11663
11668
11669
11670
32858
32862
32866
32868
32869
11683
32870
32871
32873
32876
32877
32878
