70
71
30337
273
275
30338
30339
276
277
30340
279
30341
30342
280
281
282
283
285
286
287
288
290
291
292
30343
293
294
295
647
668
30389
721
723
30402
30406
799
831
30410
1027
30422
30423
1175
1187
30474
30515
30540
30541
1414
30579
30625
1896
30659
30661
1919
30667
1929
2084
2105
2108
30725
2212
30763
30782
30783
2352
30784
2359
2360
2361
2362
30785
30786
30787
2367
2368
2370
2371
2372
2373
2375
2376
2378
2379
2381
2383
30797
2703
30879
30880
30881
30883
30884
30885
30886
30887
30888
30889
30890
30891
30892
30893
30894
30895
2821
30910
2866
2988
2993
3032
3142
31037
31038
3360
3367
31041
31114
31147
31148
31149
31150
31151
3983
4035
31165
4136
4154
31205
31206
4160
31207
31208
31209
31210
4161
31211
31212
4162
31213
31230
31239
4614
31279
4738
31323
31342
5186
31404
5447
5493
31447
1896
30659
30661
1919
30667
1929
2084
2105
2108
30725
2212
30763
30782
30783
2352
30784
2359
2360
2361
2362
30785
30786
30787
2367
2368
2370
2371
2372
2373
2375
2376
2378
2379
2381
2383
30797
2703
30879
30880
30881
30883
30884
30885
30886
30887
30888
30889
30890
30891
30892
30893
30894
30895
2821
30910
2866
2988
2993
3032
3142
31037
31038
3360
3367
31041
31114
31147
31148
31149
31150
31151
3983
4035
31165
4136
4154
31205
31206
4160
31207
31208
31209
31210
4161
31211
31212
4162
31213
31230
31239
4614
31279
4738
31323
31342
5186
31404
5447
5493
31447
31454
5593
31466
5639
31508
5768
5951
31606
31607
6134
6135
31608
6201
31752
6613
6614
31759
6624
31767
6693
6909
6958
31878
31879
6961
6964
6968
7065
31898
31899
7070
7071
7073
7074
7075
7076
7078
7079
7080
7081
7082
7083
31900
7084
7085
7086
7087
7088
7090
7091
7092
7093
7094
7095
7096
7097
31902
7098
7099
7100
7101
7102
7103
7104
7105
7106
7107
7108
7109
7111
7112
7113
7115
7116
31903
7117
7118
7119
7120
7122
7123
7124
7129
7130
7131
31907
31928
31934
31935
7231
7232
7233
7234
7235
7244
7245
31946
31967
7335
7370
31980
31981
31982
31983
31984
31985
7414
7643
7649
7662
32020
32022
32023
7663
7664
32025
7665
7666
32026
32027
32028
7667
32029
7668
7669
7671
32033
32034
7714
7741
32049
32050
7761
32051
7812
32055
7816
32067
7949
7974
8196
8305
32167
8575
32248
8724
8726
32277
32299
32300
32301
32302
32303
32304
32331
32341
9454
9574
32425
32426
32474
10005
10006
10371
32624
10627
10628
32625
10630
32628
10653
32759
32760
32767
11521
32768
32769
32770
32778
32779
32780
32783
32784
32787
11547
11548
32789
32790
32791
32792
32793
32794
32796
32798
11569
11570
32799
32803
32804
32810
11586
32811
11588
32812
32813
11597
32816
32817
32818
32819
11604
11606
11607
11608
11610
11616
11623
11624
32833
11626
32834
11628
32835
11629
32836
32837
11633
32839
32842
32843
32845
32846
32847
32850
32851
11653
32853
32857
11669
11670
32859
32860
32861
32862
32863
32864
32865
32866
11682
32867
32868
32869
11683
32870
32871
32872
32873
32874
32875
32880
11689
32881
32883
11692
11693
11694
11695
32884
11697
32887
11708
32889
11712
11715
11716
32894
32895
32897
32898
32899
32900
32901
32902
32903
32904
32905
11726
32906
32907
32908
32910
32911
32912
11727
32913
11729
32914
32915
11732
11734
