30515
30540
30625
30656
30879
31161
31162
31165
6276
31651
6617
31754
31755
31756
31757
31758
6618
31900
7131
31946
31956
31981
32023
32051
32331
32404
9477
32405
32638
32639
32770
32816
32818
32817
11620
32846
11735
32933
11785
32963
32964
32971
32980
32981
11844
32994
11864
33006
33324
33529
33530
33754
16215
34017
34151
34221
34442
34488
34490
34491
34492
34493
34494
34495
34496
34497
34498
34499
34502
34504
34505
34506
34538
34575
34786
34787
35294
35715
24219
36352
36414
36415
36416
36417
36418
36435
36511
36512
36528
36529
36537
36541
36557
36558
36559
36560
36563
36565
36566
36567
36568
36569
36570
36571
36572
27197
27198
27508
36803
33530
33754
16215
34017
34151
34221
34442
34488
34490
34491
34492
34493
34494
34495
34496
34497
34498
34499
34502
34504
34505
34506
34538
34575
34786
34787
35294
35715
24219
36352
36414
36415
36416
36417
36418
36435
36511
36512
36528
36529
36537
36541
36557
36558
36559
36560
36563
36565
36566
36567
36568
36569
36570
36571
36572
27197
27198
27508
36803
