30337
273
275
30338
277
279
280
30343
1895
30880
30881
30885
30893
6135
31608
31899
7076
7078
31900
7084
7085
7088
7091
7096
7097
31902
7103
7108
7109
7111
7115
7116
31903
7120
7122
7123
7124
7129
31906
7130
7131
32049
7761
32050
32820
32986
33011
12354
33087
12483
33110
12486
33111
12488
12489
12494
33115
12495
12496
12498
33117
12501
33118
12503
12504
12505
12506
12509
12511
33119
33120
33121
33122
12517
12838
12839
33220
33221
12840
12841
15574
16787
17787
23134
36054
24186
36055
24187
24188
24189
36057
36058
24190
25274
25359
25360
25361
25362
25363
27169
27307
