70
71
30337
275
30338
30339
276
277
279
280
281
287
30343
647
668
30389
30392
721
723
30402
30406
799
831
30410
872
1024
1027
30422
30423
30438
30441
1082
1083
1091
1122
1125
30461
30463
1175
1187
30474
1212
1248
30515
1352
30540
30541
1414
1517
1562
30579
1591
1617
1627
30593
1706
1762
30657
1901
30659
30661
1918
1919
30667
30668
30676
30677
1993
2006
30698
2078
2090
2105
2108
2127
2128
2145
2212
30738
2219
30740
2228
2346
2352
30783
30784
30785
30786
30787
2367
2368
2419
2475
2476
2481
2482
2503
2631
2633
30836
2703
2766
2796
2798
30880
30881
30883
30884
30885
30886
30891
30892
30893
30894
30897
2821
30908
2829
30909
2830
2831
2832
2833
2834
30910
2839
2863
2878
2923
2944
2988
2993
3032
3073
3142
3146
30991
3155
3183
3188
3196
3198
3201
3202
31010
31011
3214
3215
3216
3218
30579
1591
1617
1627
30593
1706
1762
30657
1901
30659
30661
1918
1919
30667
30668
30676
30677
1993
2006
30698
2078
2090
2105
2108
2127
2128
2145
2212
30738
2219
30740
2228
2346
2352
30783
30784
30785
30786
30787
2367
2368
2419
2475
2476
2481
2482
2503
2631
2633
30836
2703
2766
2796
2798
30880
30881
30883
30884
30885
30886
30891
30892
30893
30894
30897
2821
30908
2829
30909
2830
2831
2832
2833
2834
30910
2839
2863
2878
2923
2944
2988
2993
3032
3073
3142
3146
30991
3155
3183
3188
3196
3198
3201
3202
31010
31011
3214
3215
3216
3218
3223
3226
31013
3227
3228
3231
3235
3243
3244
31015
31016
3245
31021
31022
31037
31038
3360
3367
3430
3478
3521
3522
3523
3524
3525
3532
31074
3655
3656
3657
3658
3659
3660
3675
3676
31090
3762
31102
3766
3770
3791
3801
3928
31148
31150
31151
3983
3990
4012
4029
4035
4038
31165
31167
31192
4116
4136
4147
4154
31204
31205
31206
4160
31207
31208
31209
31210
4161
31211
4162
31212
31213
31224
4212
4215
4221
4224
31230
4241
4285
4312
4336
31260
4423
4503
4524
4614
31279
4685
4693
4696
4698
4738
4760
4776
31321
31323
5193
5194
31384
5294
5353
5356
5358
5362
5364
5373
5374
5375
5376
5385
31405
5439
5474
5476
5477
5491
5493
5494
5538
31439
5593
31466
5642
5643
5644
5645
5646
5689
31482
5726
31487
5757
5766
31508
5767
5768
5776
5786
5827
5829
31530
31533
5879
5892
31557
31562
6032
6036
6037
6050
31571
6071
6093
6132
31604
6133
6135
31608
31610
6174
6207
31627
31637
31638
6294
6389
31666
31676
31688
6476
6494
6530
6535
31723
6613
6614
31759
6624
31767
6638
6677
6678
31787
6824
31852
6944
31878
31879
6964
6969
6993
7038
7065
7066
7067
31898
7070
7071
7072
7073
7074
7075
7076
7077
7078
7079
7080
7081
7082
7083
31900
7084
7085
7087
7092
7093
7095
7096
7098
7099
7100
7101
7102
7103
7104
7106
7107
7108
7109
7112
7115
7116
31903
7118
7119
7120
7122
7123
7124
7129
7130
7131
31907
31911
31912
7200
31928
31934
31935
7217
7231
7232
7233
7235
7244
7245
31946
31956
7285
31967
31978
7369
7370
31980
31982
31983
31984
31985
7380
7386
7395
7402
7414
7618
7620
7632
7633
32013
7660
7666
32026
32027
32028
7667
32029
7702
7705
7714
7738
32041
7745
7746
7750
7753
32049
32050
7761
7770
7808
7811
7812
7816
7914
7916
32067
7947
32085
7968
7974
7985
8014
8040
8053
8114
8115
8191
8192
8195
8196
32120
8217
8233
8251
8305
32144
8327
32150
8383
36
32200
8548
8586
8621
8633
32248
8702
8724
8725
8726
8761
8813
8821
8822
8823
8824
8825
8826
8827
8828
8829
8830
8831
8832
8892
32277
8916
8976
9050
9051
9052
9053
32299
32300
32301
32302
32303
32304
9065
9094
32338
9160
9165
32341
9201
9375
9377
9378
9392
9421
9454
9456
9457
9480
9481
9482
9483
9484
9485
9486
9487
9488
9489
9500
9502
9508
9550
9574
32425
32426
9575
9618
9619
9626
32449
9696
9697
32452
9776
32473
32474
9817
9827
32517
9987
9996
10006
10044
32559
32568
10176
10251
10314
10396
10399
32600
10445
10446
32606
32617
32622
32624
10624
10627
10628
32625
10630
32628
10635
10665
10831
10853
11021
11022
11084
11214
11315
32756
11451
32759
32760
11497
11521
11523
32768
32769
32770
32772
11525
32778
32779
32783
32784
32787
11548
11550
11551
11552
11553
11554
11555
11556
32789
32790
32791
32792
32793
32794
11557
32798
11570
32799
32803
32804
11585
11586
11588
32812
32813
11597
11602
32816
11607
11608
11610
11611
11612
11613
32825
11615
11616
11624
32833
32835
11629
32836
32842
32843
32847
32851
32857
11669
11670
11672
11674
11675
11676
11677
11678
11679
11680
11681
32859
32860
32861
32862
32863
32864
32865
32866
11682
32867
32868
32869
11683
32870
32871
32872
11684
32873
32874
32875
32880
11688
11692
11693
11694
11695
32884
11696
11697
32885
32886
11706
32887
32894
11734
11735
32917
32918
11740
11744
32923
11745
11746
11748
11753
11754
11755
11756
11757
11760
32931
32933
32938
32939
32941
32942
32961
11778
11779
32962
11784
11785
32964
32970
11809
11824
32974
32975
11832
32977
32979
32980
32981
32982
32983
11841
11845
32994
11869
33007
11913
12155
12180
33059
12240
12259
12260
12261
12272
12317
12330
12337
12338
12339
12340
12341
12342
12354
33097
33098
33099
33100
33101
12376
12377
12378
33106
12477
12481
12482
12483
12486
33111
12488
33113
12489
33114
12494
33115
12495
33116
12496
12498
12499
33117
12501
33118
12503
12504
12505
12506
12509
12510
12511
33119
33120
33121
33122
12515
12517
12519
12520
12541
12556
12568
12569
33131
12570
33132
12571
33133
33134
33140
33142
12622
33150
33155
12697
12698
12705
33191
12740
12741
12763
12769
12770
33196
33206
33215
12818
12839
12840
12841
33223
12861
12862
33228
12884
12885
12886
12887
12888
12889
12890
12891
12892
12893
12894
33229
12896
13084
13126
13205
33307
33308
13210
13211
33309
13212
13213
13214
13215
33313
33319
33320
13271
13272
33324
33339
13371
13396
33353
13464
13481
13546
13552
33380
13579
33387
13603
13606
13651
33412
13693
13705
13706
13707
13838
13839
14027
14029
14052
33489
14066
33492
33498
33499
33502
14183
33512
14259
14264
14316
14328
14345
14363
14473
14527
14528
14530
14531
14535
14536
14558
14559
14561
14562
14564
14565
14568
14569
14599
14603
33592
14613
14621
14656
14742
33618
33622
33637
14778
14802
14807
14810
14938
14940
14944
33681
33684
15070
15114
15144
15147
33741
15148
33742
15149
33743
15152
15171
15201
15206
15207
15223
33758
15251
15264
15346
33793
15442
33803
15467
15516
15556
15572
15650
15651
15663
33854
15667
15687
15775
15808
15826
15922
15988
33922
16007
16014
16015
33931
16025
16032
16049
33947
16112
16113
16139
16155
16171
16173
16186
16209
16211
16212
16215
16220
33975
16274
33992
16324
16328
16331
33998
16342
16440
16445
16446
16454
16476
16481
16512
34051
16515
16517
34052
16520
16532
16537
34054
16542
34055
34056
34057
16557
34059
16566
16567
16574
16578
34064
16586
16588
34071
34072
16592
16600
34079
34080
16610
34081
34083
16616
16617
34084
16621
16623
16628
16629
16630
34087
16632
34088
16633
16634
16636
16639
16640
16682
34117
16787
16801
16805
16809
16977
17032
17035
17043
17056
17062
34214
34215
34216
34220
34221
17364
17368
17373
17377
17429
17432
34294
17433
17437
17444
17470
34307
17511
17549
17565
17604
34345
17618
17619
17623
17666
17673
34372
17750
17753
17766
34398
17777
17787
17820
17841
17861
17867
17947
17948
17974
34451
18004
18005
18062
34476
18073
18076
18099
34487
18100
34488
34489
18101
18102
34490
34491
34492
18103
18105
18106
18107
18108
18109
18110
18111
18112
18113
18114
18115
18116
18117
18118
18119
18120
18121
18122
18123
18124
18125
18126
18128
34503
18129
18130
18131
18132
18133
18137
34507
18139
18188
34529
18220
18221
18236
34533
18243
18280
34546
18313
34552
18339
18356
18422
18436
18459
18487
34604
34606
34607
34610
34629
18568
34640
34649
18630
18631
18633
18695
18724
18752
18761
18770
18773
18781
18785
18788
18815
18829
18832
18841
18863
18864
18880
34706
18908
18930
18962
19062
19092
19111
19145
19154
34785
34786
34787
19202
19204
19210
19227
19246
19260
34825
19283
19296
19325
19326
19327
34843
34844
19349
34847
19357
19434
19440
19450
19453
19490
19500
34888
19552
19554
19562
19568
34895
34902
19596
19615
19617
19629
19631
19632
34915
34916
19715
19720
19722
19742
19751
19785
19798
19803
19812
19813
19861
19867
19910
19929
19935
19941
19942
19944
19967
19980
34981
19990
34982
34983
20032
20034
20036
35018
20137
35026
20163
20170
20208
20210
20226
20248
20251
20252
20323
20324
20327
20342
20364
20367
20372
20377
20405
20413
20440
20455
20474
20478
20481
20494
20498
20527
20532
20542
20548
35116
20560
20596
20638
20661
20662
35149
20688
20689
35164
20754
35166
20764
20781
20795
20796
20812
20817
20845
35184
20882
20889
20890
20894
20896
20897
20900
35202
20911
20913
20916
20938
20944
35226
20963
20964
20965
20966
20967
20969
35232
35238
35239
35247
35251
21052
21061
21086
21087
21088
21089
35276
21152
21157
35286
21171
35294
35295
21228
21230
35309
21239
21250
35330
35331
35361
21454
21473
35368
21507
35375
21557
21590
35423
21685
21684
35463
21796
21815
21819
35499
21853
21860
21871
21878
21884
35511
21892
21904
35529
35533
22007
22042
22044
22089
22133
22135
22147
22300
22321
22326
22337
22338
35636
22377
35638
35679
22539
35689
22540
22541
35691
22543
35694
35693
22545
22546
35695
35696
22547
22548
22552
22583
22607
22698
22707
22709
22710
35728
35729
35730
35733
35734
35735
35738
35739
35740
22795
22798
22821
22921
35769
22955
22961
35779
22970
35781
35785
23016
23038
23040
23041
23134
35819
23141
23175
23183
23197
23230
35836
23290
23330
23333
23337
35843
23341
35846
23348
23351
23443
35916
35917
35937
