7065
31897
31898
31899
7070
7071
7072
7073
7074
7075
7077
7078
7080
7079
7081
7082
7083
31900
7084
31901
7086
7087
7088
7089
7090
7091
7092
7093
7095
7096
31902
7098
7099
7100
7101
7102
7103
7104
7105
7106
7107
7108
7109
7110
7112
7113
7114
7115
7116
31903
31904
31905
7118
7119
7121
7122
7123
7124
7127
7128
7129
31906
7130
7131
7132
31907
7133
7662
32020
32022
32023
32024
7663
7664
32025
7665
7666
32026
32027
7667
32028
32029
7668
7669
7670
7671
11708
11709
11710
32888
11711
32889
11712
11714
11715
11716
11717
32893
11718
32894
32895
11720
11721
11722
32899
11723
11724
32900
32901
11725
32902
32903
32904
32905
11726
32906
32907
32908
32910
32911
32912
11727
11728
32913
11729
32914
32915
11730
11731
11732
13693
23948
36002
25274
