30337
273
274
275
30338
276
277
30340
279
30341
30342
280
281
282
284
285
286
287
288
290
291
292
30343
293
294
295
647
668
721
723
799
30406
30410
831
1187
1278
30540
30541
1414
30625
1895
1896
1905
30662
1919
30667
2212
2256
30749
30782
30783
2352
30784
2359
2360
2361
2362
2363
2364
2365
2366
30785
30786
2367
2368
2370
2371
2372
2373
2375
2376
2377
2378
2379
2380
2381
2382
2383
2703
2799
2812
2821
2959
2961
2993
3032
3037
3308
31038
3367
3735
3981
31147
31149
3982
31150
31151
3983
4035
4136
31205
31206
4160
31208
31207
31209
31210
4161
31211
31212
4162
31213
4261
31239
4614
4738
5247
5482
31508
5768
6134
31608
6276
6326
6613
6614
6616
6618
6619
6620
6621
6622
6623
31759
6624
6625
6629
6710
6961
6962
6964
7070
7071
7072
7073
7074
7075
7076
7077
7078
