30337
273
274
275
30338
30339
276
277
30340
279
30341
30342
280
281
282
284
285
286
287
288
290
291
292
30343
293
294
295
668
30389
721
723
799
30406
831
1187
30474
30540
1414
30659
1919
2105
2108
2352
30783
30785
30786
30787
2367
2368
2380
30879
30880
30881
30882
30883
30884
30885
30886
30887
30888
30889
30890
30891
30892
30893
30894
30895
2821
2993
3360
4136
31204
4614
31508
5768
31607
6134
6135
31608
6613
6614
6624
31807
6962
7065
31897
31898
31899
7070
7071
7072
7073
7074
7075
7076
7077
7078
7079
7080
7081
7082
7083
31900
7084
7085
7086
7087
7088
7090
7091
7092
7093
7094
7095
7096
7097
31902
7098
7099
7100
7101
7102
7103
7104
7105
7106
7107
7108
7109
7111
7112
7113
7115
7116
31903
31904
31905
7117
7118
7119
7120
7122
7123
7124
7129
31906
7130
7131
31907
7133
30879
30880
30881
30882
30883
30884
30885
30886
30887
30888
30889
30890
30891
30892
30893
30894
30895
2821
2993
3360
4136
31204
4614
31508
5768
31607
6134
6135
31608
6613
6614
6624
31807
6962
7065
31897
31898
31899
7070
7071
7072
7073
7074
7075
7076
7077
7078
7079
7080
7081
7082
7083
31900
7084
7085
7086
7087
7088
7090
7091
7092
7093
7094
7095
7096
7097
31902
7098
7099
7100
7101
7102
7103
7104
7105
7106
7107
7108
7109
7111
7112
7113
7115
7116
31903
31904
31905
7117
7118
7119
7120
7122
7123
7124
7129
31906
7130
7131
31907
7133
31928
31929
7218
7220
7221
31939
7222
31941
31942
7223
7224
7662
32020
32023
7663
7664
32025
7665
7666
32026
7668
7669
7671
32042
32049
32050
7761
7816
32083
8305
32299
32300
32301
32302
32303
32304
9454
32501
10627
10628
32625
10630
32628
10653
11521
11548
11597
11739
11748
11832
32982
32986
33108
12482
33109
12483
33110
12484
12486
33111
33112
12488
33113
12489
33114
12491
12492
12494
33115
12495
33116
12496
12498
12499
12500
33117
12501
12502
33118
12503
12504
12505
12506
12508
12509
12511
33119
33120
12513
33121
33122
12514
12515
12516
12517
12519
12520
12521
12568
12569
33131
33132
33136
12740
12841
12858
12859
12860
12861
12863
12864
33228
12884
12885
12886
12887
12888
12890
12891
12892
12893
12894
33229
13651
13693
33470
33489
14778
15098
33718
15099
15147
33741
15148
33742
33798
15438
15439
33803
15574
15667
15691
16113
33983
34214
34215
34221
17377
17437
17750
34406
17784
17785
17787
17789
34462
19179
34825
21263
35452
35533
22377
35638
22539
35689
22540
22541
35690
35692
22543
35694
35693
22545
22546
35695
35696
22547
22548
23134
35917
23513
35937
23716
23718
35997
35998
23948
36054
24186
36055
24187
24188
36056
36057
24189
36058
24190
36062
24217
36115
24357
36116
25274
25359
36414
25360
36415
25361
36416
25362
36417
25363
36418
36419
25416
25488
36468
25624
25625
25627
36520
25868
26700
27169
27307
