668
30389
721
30402
30422
30423
30540
1516
30625
30656
30659
30667
2352
30783
30784
30785
30786
30787
2367
2368
31037
31038
3360
3367
31150
3983
31151
31165
31233
31239
31342
31349
31404
6201
6613
6614
31878
31879
6964
31928
7662
32020
32022
32023
7663
7664
32025
7665
7666
32026
32027
7667
32028
32029
7668
7669
7671
32051
7816
32167
32425
32426
10005
11075
32770
11548
32811
11588
32813
11597
32816
32818
32817
11623
32835
32859
32860
32861
32862
32863
32864
32865
32866
11682
32867
32868
32869
11683
32870
32871
32872
32873
32874
32875
32962
32964
32971
32976
11832
32983
32985
12195
12199
33067
33099
12568
12569
33131
12570
33132
12571
33134
33191
12741
33215
33222
33228
13209
33324
13606
33412
33530
14944
33655
33656
14953
14978
15147
33741
33753
15207
15667
15691
16331
16787
34221
17437
34345
17618
17750
18099
34487
18100
18101
34489
34490
18102
18103
34492
34491
