30337
273
274
275
30338
277
279
280
281
30343
30389
668
721
30402
30474
30656
1895
1896
30659
2212
2352
30783
30784
30785
30786
30787
2367
2368
2703
30880
30881
30883
30884
30885
30886
30890
30893
3032
31037
31038
3360
3367
31114
31147
31148
31149
31150
31151
3983
31165
4046
31187
31205
31206
4160
31208
31207
31209
31210
4161
31211
31212
4162
31213
31239
31279
4738
31404
31466
31486
31606
31607
6135
31608
6613
6614
6629
31767
31878
31879
6964
31880
31897
31898
31899
7070
7076
7078
7079
7081
7083
31900
7084
7085
7088
7091
7096
7097
31902
7103
7108
7109
7111
7115
7116
31903
31905
7119
7120
7122
7123
7124
7129
31906
7130
7131
31928
7231
7235
7335
7370
31980
31981
31982
31983
31984
31985
7661
7662
32020
32022
32023
7663
7664
32025
7665
7666
32026
32027
32028
7667
32029
7668
7669
7671
32049
32050
7761
32051
7816
4046
31187
31205
31206
4160
31208
31207
31209
31210
4161
31211
31212
4162
31213
31239
31279
4738
31404
31466
31486
31606
31607
6135
31608
6613
6614
6629
31767
31878
31879
6964
31880
31897
31898
31899
7070
7076
7078
7079
7081
7083
31900
7084
7085
7088
7091
7096
7097
31902
7103
7108
7109
7111
7115
7116
31903
31905
7119
7120
7122
7123
7124
7129
31906
7130
7131
31928
7231
7235
7335
7370
31980
31981
31982
31983
31984
31985
7661
7662
32020
32022
32023
7663
7664
32025
7665
7666
32026
32027
32028
7667
32029
7668
7669
7671
32049
32050
7761
32051
7816
8305
32167
32299
32300
32301
32302
32303
32304
32425
32426
10005
10371
32760
11521
32768
32769
32770
32772
32776
32777
32778
32779
32780
32781
32783
32784
32785
32786
32787
32788
11548
32789
32790
32791
32792
32793
32794
32796
32798
11569
11570
32799
11581
32812
32813
11597
32816
32817
32818
32819
11604
11606
11607
11608
11610
11616
11623
11624
32833
11626
32834
32835
11629
32837
32840
32841
32842
32843
32844
32845
32846
32847
32850
32851
11653
32853
32855
32857
32859
32860
32861
32862
32863
32864
32865
32866
11682
32867
32868
32869
11683
32870
32871
32872
32873
32874
32875
32876
32877
32878
32879
32880
11689
32881
32883
11692
11693
11694
11695
32884
11697
32887
11708
32889
11715
11716
32893
32894
32895
32897
32898
32899
32900
32901
32902
32903
32904
32905
11726
32906
32907
32908
32910
32911
32912
32913
32914
32915
11732
11735
32917
32918
11739
11748
32931
32932
32933
32934
32935
32936
32938
32939
32941
32942
32943
32944
32962
32965
32966
32968
32970
11809
11810
32971
32974
32976
11832
32977
32979
32982
32983
11843
32985
32986
32988
32990
32994
33007
12195
33067
12330
12354
33097
33098
33099
33100
33101
12376
12377
12378
33109
12483
33110
12486
33111
12488
33113
12489
33114
12494
33115
12495
33116
12496
12498
33117
12501
33118
12503
12504
12505
12506
12508
12509
12511
33119
33120
33121
33122
12517
12568
12569
33131
12570
33132
12571
33133
33134
33148
12628
33191
12741
33220
33221
12841
33228
33260
33307
13205
33308
33317
13606
33412
33530
14944
33655
33656
14953
33681
33684
33688
33753
15207
33773
15348
15667
15691
15924
16215
33975
33993
33998
34028
16787
34145
34215
34218
34221
17437
34345
17618
17750
17787
34461
34487
18099
18100
18101
34489
34490
18102
18103
34491
34492
34518
34529
18220
34552
18422
34575
34585
34586
34637
18785
18864
34696
34706
34785
34786
34787
