30326
260
265
315
474
563
600
667
739
760
30401
807
815
829
834
837
846
30411
848
854
855
859
1014
1024
1032
30432
30433
1061
1063
1062
1070
30435
1088
1089
30443
30451
1109
30452
1115
1125
30463
1142
1144
1146
1147
1154
1160
1161
1163
1165
1172
30469
30470
30472
1190
1198
1251
1255
1268
1277
1278
1290
1337
30529
1470
1472
1514
1546
1574
1588
1617
1620
1626
1633
1666
1673
30593
1706
1732
1733
1734
1735
1736
1737
1738
1739
30608
30609
30610
30611
30612
30613
30614
1761
30617
1764
1765
1772
1773
1775
1776
1777
1778
1779
1780
1781
1782
1783
1784
1785
1786
1787
1788
1789
1790
1791
1792
1793
1794
1795
1796
1797
1798
1799
1800
1801
1802
1803
1804
1805
1806
1807
1808
1809
1810
1811
1812
1814
30621
30622
30623
30624
1818
1822
30626
30627
30628
1825
30629
1826
