4028
7240
12614
13769
16513
16514
34051
16515
16516
16517
34052
16518
16519
16520
16521
16522
16523
16524
16527
16528
16529
16530
16531
16532
16533
16534
16535
16536
16537
34053
16538
16539
16540
34054
16541
16542
34055
16543
16544
16545
16546
34056
34057
16547
16548
16549
16550
16551
16552
16553
16554
16555
16556
16557
16558
16559
34058
16560
16561
16562
16563
34059
16564
16565
16566
16567
16568
16569
34060
16570
34061
34062
16571
16572
16573
16574
16575
16576
16577
16578
34063
34064
34065
34066
16579
16580
16581
16582
34067
16583
16584
16585
34068
34069
16586
16587
16588
34070
16589
16590
34071
34072
16591
16592
16593
34073
34074
16594
16595
34075
16596
16597
16598
16599
16600
16601
16602
34076
16603
16604
16605
16606
16607
34078
16608
34079
34080
16609
16610
16611
16612
16613
34081
16614
16615
34082
34083
16616
16617
34084
16618
16619
16620
16621
16622
16623
16624
16625
16626
16627
