4067
909
671
3
63533
690
63535
63536
63540
63542
63544
43336
63550
63552
63553
43340
63572
63575
43345
1205
63580
43347
43352
63587
63590
63594
63600
63599
847
63609
684
43361
63624
63626
63628
63629
63631
63633
43369
21365
43371
63656
63648
63647
63653
43384
63661
43390
63663
63671
43391
63674
63677
63676
63678
63685
28149
63686
63688
744
63700
63698
63701
63704
63705
63708
43415
63713
63716
43424
63719
63722
28160
679
63733
43435
63746
63582
63747
63749
63750
63752
28171
63756
43447
28174
43463
63783
63784
63794
43461
43460
63795
63803
63798
63802
63823
63815
63817
43475
63822
43479
63825
63824
63834
43483
63838
63847
43488
63856
63858
63896
28204
675
63879
63900
63882
28215
28210
63886
63889
63887
63899
63894
63907
63920
63911
63916
63918
43573
63926
63937
63933
63934
63994
43523
63946
63947
63952
43385
63963
63958
63978
63970
51
63968
119
63982
43544
43546
63981
43545
63986
63987
63989
63992
63993
63998
43554
64003
43556
43560
28252
20594
64006
21300
43569
64015
64010
64020
64042
64036
64037
64038
64045
64043
43577
64054
43582
64055
64066
64070
64078
64067
43603
64084
64094
14
64099
64098
64116
64105
64100
64109
64110
43613
64119
28286
64130
64122
64133
64135
43626
64141
64146
64144
64148
64154
64149
28294
64168
43642
64202
64164
64179
43645
64177
64185
64187
43649
64193
24418
64212
64198
28320
64216
64201
43659
64219
64238
64225
64227
64221
28327
64235
64223
64233
64236
28333
64268
64259
28334
64285
64276
64284
64332
43698
43700
64311
43701
64293
28343
43699
28345
64305
43712
64315
28362
43719
64328
28368
64358
64353
64335
43720
64345
43724
64349
64359
64355
64357
64362
28390
64365
64668
43734
64366
64392
64373
64377
43745
64374
43748
64399
64388
64391
4696
64389
43750
28402
64410
43758
43754
28416
43763
64435
64415
28419
64417
64421
28424
20612
43770
43776
64436
64450
43785
64451
64454
64446
64453
43788
64441
64462
28449
43787
43791
64457
28448
64464
64468
28451
64475
43790
64480
64477
43794
64486
28465
43797
64497
64508
64520
64510
64517
64534
43806
64523
64524
64546
64535
64532
25244
28478
64556
64559
64560
64599
28521
64580
64688
64585
14702
64604
64576
64591
64749
43839
64653
64613
64618
64603
64606
28540
44039
43846
64639
64646
64645
64636
28226
64638
64640
64651
43853
43856
15032
64649
64683
43858
64663
43869
43872
28584
28579
64672
64680
64682
64690
64695
43891
64707
43892
64703
64743
64701
28631
64754
64718
64719
43898
64755
64741
64735
43901
28637
64746
64760
64770
28694
28673
64782
64783
43910
64764
64767
64780
43920
43931
43921
64785
64810
43926
43946
28724
64815
64865
64817
64825
64836
64832
43947
64849
64840
43951
64859
43960
43971
64863
28768
65080
64871
43968
43979
64866
64870
65076
43975
43976
43985
64875
64878
64880
28773
64971
64933
64888
28785
44006
64886
64900
64945
64906
64916
64934
64912
44007
64990
64957
64928
3983
64958
64935
44020
64932
64956
64986
28805
44036
44028
44025
64993
65031
64208
65014
65049
44055
28816
65027
23845
65013
14794
65132
44064
44067
4726
28833
44077
65067
44066
65300
65071
44071
65089
28840
65070
44090
44087
44098
44104
65140
65078
65084
65094
44094
65192
65103
65117
65102
44105
64161
44108
65138
65131
44117
65116
65178
65541
44116
65143
65146
65232
70413
44139
28876
65142
65165
44124
65180
65158
28867
65162
28894
65161
65228
44138
44142
65188
65174
65236
65184
65206
28911
65187
28900
44203
65270
15357
111
44207
28937
44170
65235
65242
44195
65251
65260
65264
65265
65249
65250
44191
65254
44196
44200
28940
65266
65267
65280
65273
44211
65274
65281
65339
28947
65298
24592
28948
65323
65318
65296
65304
65316
44208
28951
65315
65322
44230
44259
65390
65341
65346
25394
44244
44260
44257
65388
14971
44287
44270
64383
65382
65401
44262
65409
44272
65432
28975
65413
44273
65414
65425
44307
65436
65509
65461
28988
65447
65936
65451
44295
65443
44309
65448
65516
65487
65458
65468
29001
44312
65455
65636
44322
65483
44314
44332
65490
22443
65467
29015
65499
29002
65529
65520
44321
65526
65527
65495
29020
44327
65528
65556
65545
65561
65544
65554
65547
65564
29038
65573
65593
65598
29028
65574
44365
65903
65576
65612
65592
44411
29045
44367
65591
29060
44379
65622
65609
65611
65749
65607
65607
44405
65651
65624
65632
44387
44400
65669
65675
65766
65715
65665
65672
29089
65701
65691
44438
44524
65754
44415
65714
65720
65735
65774
65897
65719
65742
65797
44447
65753
44432
29099
29085
65746
65751
44497
44508
65792
65761
65763
65770
44476
44479
29121
44467
65780
65791
65790
15288
65808
65796
29119
65798
711
29115
44511
65825
29150
65841
65804
44513
44501
65849
65857
29136
65835
44517
65834
65829
44500
65844
65949
44527
65861
29158
65874
65848
29160
65866
44530
65869
44528
29156
65912
29345
65890
65884
29199
65896
65999
29186
44577
65999
65916
65920
65918
66019
44555
44571
65932
65928
29204
65935
65942
66038
65923
65930
29277
44605
29257
66011
44584
29200
44592
66078
29205
44601
66053
66006
65976
65987
65977
44620
24414
44617
66004
66009
65993
66025
66028
66008
66039
44630
29249
44609
66027
44636
44640
66015
66034
66106
66044
66063
66090
66141
66075
44614
66051
44611
29261
66051
66087
44631
29259
44645
66067
66273
66073
66137
44713
66077
66089
66139
26727
66120
66128
66133
66191
44659
66153
29301
66124
17845
66134
66295
66173
16184
66147
29271
66155
44671
66158
66190
66182
44687
66178
44670
66188
66526
66181
66213
66164
66200
29300
66225
66288
29305
66193
66203
66187
66302
44683
64779
14939
44773
66192
120
66237
66209
66229
66229
29319
45316
44694
66232
66383
66241
29299
66265
66321
66215
66228
66290
44733
66291
66256
44748
44765
66361
44741
66330
44780
66356
29365
29373
66332
66457
29352
29376
66351
66354
44788
66363
66389
29362
66395
66397
66453
66390
66399
44836
44804
66412
29450
44871
66510
44844
44854
66535
44827
66407
66409
44843
66434
66437
66478
44874
44857
44870
24138
66466
29433
66452
66472
66490
66448
66503
66484
66501
66500
66569
66580
66489
697
66541
66524
44971
66559
66520
66601
44893
66579
44922
66582
44896
66599
44900
44901
29495
44943
14756
44919
29502
44944
66652
66615
44933
66626
66637
66643
66817
14699
66629
66774
44940
44939
66650
45264
29565
44941
66662
66749
66686
29543
66669
66860
66710
66699
29531
29548
66815
22538
66745
44975
44976
66722
45073
44982
44980
44981
45030
66724
29597
45003
66762
45015
29636
66778
45042
67196
45054
45004
44999
45047
45001
29624
45028
66764
66837
45060
66804
66816
66847
67261
45067
45051
66813
45082
66894
45065
29628
66862
66885
29638
45072
66931
45064
66861
66868
66883
66855
29657
66889
66895
66918
45068
45118
66891
66887
66933
66887
66933
45091
45094
45096
66888
29668
15836
67285
66893
45135
45156
66937
45095
67009
45191
66958
66964
66983
45137
66980
66925
45117
45116
45167
45114
67015
45131
45132
45176
67075
45164
67319
67013
67022
45181
66976
67023
67231
67068
45161
45162
67048
67102
67027
67019
67045
67046
67067
67268
67115
45198
67092
45225
29779
67099
67137
67081
67120
29767
67087
67232
67121
67101
67155
45406
67118
45254
67122
29718
67181
29754
45256
45297
45338
29748
29751
45227
67254
45226
67218
22654
67273
67174
45242
67242
45234
67197
67237
67258
67191
29777
67226
67188
67227
29762
67192
29785
29815
67228
45261
45263
29784
67225
67336
67281
29799
67307
67260
29837
45294
23840
45292
29845
45286
29964
45289
29917
135
67325
67325
45330
15384
67291
67366
67372
67373
29893
67364
67369
45319
67377
67870
45365
67347
45340
67371
67349
67506
45353
67376
67406
45401
29908
67497
45342
71343
29898
67407
67446
71343
67442
67418
67420
67456
67465
67438
29963
67441
67768
45385
29915
67454
67672
45379
29895
25030
45459
29998
67421
29920
67427
29922
67428
67466
45384
67492
67608
45460
67628
67608
45460
67628
67580
45423
67477
3979
67803
45461
67455
67689
45458
45568
29980
45419
67538
45519
67576
67573
67602
4715
67599
29970
67519
67516
67582
67597
45455
45507
29957
29957
45522
67584
45548
45628
45536
67661
45514
1176
21811
67559
67574
45488
45494
67754
67701
45579
67647
67665
67637
30033
67640
67786
67648
30058
45542
30034
67697
67666
45541
67666
23888
67691
45564
45580
67750
45602
30038
30098
67674
67869
67675
67720
67788
30105
67709
67777
67804
67682
67760
67742
67714
45603
67789
67773
67743
67740
45608
45681
68056
45681
30137
67785
4690
67737
67741
45614
45692
67753
25946
30150
67735
30273
67776
45640
30154
67827
67792
30125
67823
67838
45612
68186
30142
53
30156
67855
30177
45599
67814
67855
30177
68034
67844
67793
45701
67875
45712
67888
45679
67915
67885
30159
67906
30167
68826
45748
45706
67893
45738
67910
30163
68155
30203
30221
45645
45725
67925
68183
68005
67986
68066
67945
67995
67957
45686
45722
67970
68021
67934
30227
68103
30228
30334
67949
67954
45729
68051
67981
68073
14791
68049
68065
67993
67994
68060
45775
45787
68110
30285
45830
30327
30290
68015
68019
68029
68038
68134
68010
30292
45774
45843
68113
68122
45831
301
45824
45930
68132
68109
45765
68131
45796
30356
45863
68126
30317
68206
68133
30454
68207
30330
68137
45913
68196
68156
46728
45801
68140
68159
68171
68210
30343
45848
45806
45854
68187
45867
68255
68176
68215
68205
45833
68259
45877
45844
68277
45864
68280
21518
68276
68243
45922
68280
21518
45870
68212
22778
68297
68274
68300
68503
30383
68238
68253
30438
68501
68353
68265
68412
68354
68309
68270
45901
45971
68341
68383
45883
46030
66061
