28522
28632
28811
28832
28974
28979
29045
29079
29084
29085
29155
29154
29178
29212
29198
29221
29427
29727
30089
30316
30351
30517
30386
30518
30462
30623
31164
31423
31641
32133
31742
32132
32448
32447
32615
32780
32781
32616
32971
32969
32970
33171
33631
33884
33632
34153
33883
34152
34155
34427
24607
34151
34154
34428
35060
35061
35386
35769
35770
36585
37095
36180
36582
36584
37094
25163
22583
37605
27894
38800
38794
37602
38799
22331
39520
38158
37604
38156
24962
38157
25122
41317
39521
40326
38793
40329
39522
39517
40331
41318
41311
41308
42247
42246
