30433
1183
30476
1494
1615
30605
30656
1905
30690
30694
30697
2799
30969
3168
3174
3736
31158
31161
31162
4052
31173
31174
4053
4152
31226
4219
4249
31247
31248
4367
4438
31277
4682
4756
4757
4758
4849
31317
4948
4983
5118
5144
31379
5330
5544
6039
6038
6068
31578
6276
31651
31659
6617
31754
31755
31756
31757
31758
31777
7831
32061
7906
8160
32133
32134
8238
8307
8308
32199
8868
8894
9252
32404
9477
9478
32405
9490
9491
9562
32450
10062
10118
10315
10382
10434
10459
10476
32638
32639
10673
10824
10914
10919
11009
11156
11169
11344
11380
11401
11443
32762
12149
12921
12922
13496
14051
14132
14133
14134
14332
33529
14424
33542
33617
14750
14753
14766
14955
15618
16145
33963
16197
16215
16817
34151
16972
34302
34487
34488
34489
34491
34492
34493
34494
34495
34496
34497
34498
34499
34502
34503
34504
34505
34506
18477
19068
19112
34839
19930
20121
