47515
47979
47971
47813
47967
47977
47517
47980
47815
47975
47816
47808
47809
47814
47657
47655
47656
48467
47970
48107
48111
47969
48290
48840
48289
48110
48108
48286
48287
48285
27249
48288
48465
48836
48466
48457
48628
48461
48464
48838
48458
48837
48839
48627
48842
48460
48462
48629
27173
48634
49040
48631
48638
48834
48635
48636
48831
48832
48833
49043
49541
49048
49041
49036
49038
49046
49047
49283
49284
49286
49287
49534
49282
49285
49538
49540
49536
50144
49542
49539
49535
49532
49537
49815
49805
49807
49814
49809
49803
49812
49808
49799
49803
49812
49806
49802
50148
50142
50145
50146
50131
50143
49811
50133
50129
50481
50150
50151
50134
50136
51248
50135
50147
50137
50130
50138
50132
50483
50841
50149
50149
50473
50486
50480
50469
50478
27270
50479
50484
50485
50471
50476
50477
50470
50487
27213
50482
50474
50468
50832
50472
50836
50825
50826
50837
27201
51255
50828
50831
50830
50822
50833
50824
50839
50840
51251
50842
50843
51246
51257
51706
51261
51250
51260
51256
51247
51249
51259
51720
52700
51252
51722
51724
51258
27278
52138
27274
51725
52687
51705
51726
51705
51721
51714
52139
52161
51723
27272
52163
52147
52158
51700
51701
52140
51716
52141
51703
51718
51719
52136
52159
51699
51708
52160
27189
27255
51715
27177
51702
52152
52150
52162
51717
52153
52164
27168
52144
52155
52710
52137
52148
52149
52713
52151
52143
27260
52712
27232
52704
27163
27170
52689
52711
52705
27225
52694
52706
53356
52691
27238
27244
27199
52696
52708
52688
52697
27171
27205
52692
52695
52707
52702
52693
52714
27181
27230
27217
27203
53342
53967
27228
27262
53337
53344
27209
53346
53353
53332
27175
27179
27242
53329
53331
53355
27221
27236
27207
27195
27211
53340
27253
53988
27258
53989
27167
27227
56682
27183
53982
53969
53973
54000
27197
53976
53974
53981
27266
53966
53983
27191
27264
27251
53983
27191
27246
27257
27276
27268
27223
53977
27169
27193
27240
27219
27234
27215
62185
27187
