28159
28235
17070
29277
29383
29479
29843
29842
30004
30460
31328
31329
31414
31415
26114
31875
32127
31977
32126
32443
32441
32609
32965
32964
22992
33162
33161
33163
33393
34133
33872
34136
34134
34135
33873
33874
34418
34417
34419
24295
25041
17821
34722
35048
28100
26676
36163
36166
22627
18316
35755
37074
22631
36570
36569
37080
37073
37075
37077
26914
26217
37079
22230
23024
37076
37584
37587
37583
37586
38758
38759
38125
38131
38126
38128
39484
39487
40285
40281
40282
39488
42196
40287
41259
40283
42195
43021
