17589
4067
16956
1205
28132
28134
28135
28138
28140
4068
28144
28153
18814
28165
28166
28167
28180
28181
14693
28206
28220
28233
28244
28261
28269
28276
28277
28319
28332
28342
28344
28352
28409
28415
28429
28461
28713
14702
24875
28517
28560
28571
28600
28631
28610
28721
28750
28792
28801
28818
28825
28841
28846
28870
28861
28935
14758
28892
28945
28970
28969
28978
29023
29021
29022
29031
29055
16903
29077
29103
29164
29197
18170
29187
29210
29235
29261
29262
16184
29289
29313
16100
29324
29365
29334
29352
25702
29382
15297
29460
29442
29574
29478
29461
29477
29491
14699
29511
29615
29614
29573
29659
29640
29725
29641
29643
29681
29680
29698
29699
29767
26102
29724
29741
29790
29812
29841
29839
29840
29905
29873
25240
29968
29932
30002
30001
30126
30003
30273
25946
30195
30196
30151
30274
30235
30234
30346
30313
30314
30347
30345
30312
18478
14911
30422
30421
30385
30511
30566
30513
30567
30459
25142
30568
30729
30620
30789
30565
30571
30573
30572
30672
30731
30673
30671
30923
30919
31008
31010
30787
30791
30921
31009
30922
30920
17072
8984
31323
31076
31007
31077
31157
31235
31156
31006
31153
31325
31234
31413
31324
31409
31517
31408
31411
31233
31320
31231
31232
33384
31154
31321
31322
25383
31326
31327
31518
31631
31406
31412
31632
31634
31635
31633
31407
31737
31733
31736
31735
31515
31734
31873
31973
31872
31870
31871
32123
31976
31869
32277
31975
32120
32124
32278
32271
31868
32121
32433
32274
32275
15300
26815
32436
14769
32432
32276
28071
32273
32270
32435
32438
28036
32437
32606
33387
32604
32608
32607
14879
32605
32956
33627
32773
32776
32774
32777
32768
32957
32772
32975
22343
32769
33152
33153
33155
25379
32962
32963
33158
32959
18168
33151
33382
32961
32960
33617
33388
33159
22984
33618
33619
33390
33624
33392
33615
33156
33157
33621
33383
33870
33625
