28430
28462
28521
28498
28796
28880
29104
29176
29492
29493
29682
29844
29906
29969
29934
30046
30005
30088
30047
30128
30198
30197
30152
30732
30792
30793
28103
31158
31079
31237
31416
31519
31978
32129
32128
32279
32445
32444
32610
25386
32966
33628
33164
33167
33166
34139
34141
34140
33879
33880
33877
33878
34424
34423
34422
34726
27957
34724
35052
35380
35379
35377
19721
35378
36171
36571
35761
35763
18347
35762
22369
35760
35756
36577
36576
36578
16333
25348
37085
28114
37082
37087
37086
27904
24609
28062
37084
26327
43025
24865
25209
18455
38142
27954
37588
37590
38769
37592
37593
38776
38764
37594
38133
38779
38781
39493
38134
38140
38141
38770
38763
38137
38766
38773
38143
38774
38144
38135
42225
39490
38135
38138
40304
38780
40299
39500
41282
40290
40293
41272
41262
41270
40297
41280
41283
28045
41273
41278
41285
41290
41287
41295
41267
43054
41276
41269
41265
42200
42216
43045
42205
42227
43057
42230
42217
42226
42211
42229
42215
42202
42203
42223
43028
42206
43065
42197
42199
42214
43064
42208
43039
43068
43044
43062
43051
43034
43066
43055
43040
43026
43040
43033
43043
43059
43061
