1278
30515
1685
30625
30656
1905
2799
31161
31162
31177
31176
6276
6326
31753
6616
6617
31754
31755
31756
31757
31758
6618
6619
6620
31777
6907
7131
31934
31935
31956
7629
7643
32404
9477
9478
32405
32808
11589
32814
32818
32817
11620
32846
11735
11744
32923
11745
11746
32933
32963
32964
11793
11864
33006
12622
33325
13693
33529
14767
16215
33988
33989
16331
16817
34151
17064
34345
17618
34442
34490
34493
34494
34495
34496
34497
34498
34499
34500
18127
34501
34502
34504
34505
34506
18422
34786
34787
19179
34839
34949
34970
35071
35072
35294
35632
35709
23656
35936
24219
24575
36435
25414
25415
25417
36437
25778
36528
36529
36537
36557
36558
36559
36560
36563
36564
36565
36566
36567
36568
36569
36570
36572
25868
36746
27194
27195
27197
27198
27508
36803
