64120
64600
65556
67196
68333
68937
69677
70233
70234
70404
70746
70747
72048
71784
72320
72318
72319
72590
72884
72885
73576
73577
27311
27341
74331
74767
74768
27382
75688
27353
76804
27376
76805
27293
77498
77496
27380
77501
77499
77500
82427
27301
27343
78271
27357
27281
27351
27374
79025
27333
27321
27384
79024
27285
27327
79022
27297
27283
27363
79021
27337
83990
79968
27287
27291
27355
79975
27329
27378
27317
27335
79969
79973
79974
27325
27365
27397
27289
81114
27369
27313
27393
27303
81115
27387
81117
27359
81112
81113
27319
81116
27309
27299
27315
27305
81118
27295
27339
27391
27331
82428
27389
81111
82430
27307
82426
27345
27361
27373
83995
27349
27367
83988
27323
27371
83992
83993
83994
27347
27395
85862
85865
27399
85869
85864
88146
91034
91036
91038
91035
91044
94758
