30625
30656
1905
2799
31161
31162
6276
6326
6616
6617
31754
31755
31756
31757
31758
6618
6619
6620
31777
31956
32404
9477
9478
32405
11620
11735
11744
32923
11745
11746
32963
11864
12608
33325
13693
33529
16215
16285
34151
16817
17064
34490
34493
34494
34495
34496
34497
34498
34499
34500
18127
34501
34502
34504
34505
34506
20536
23656
35936
36435
25414
25415
25417
36437
25778
36528
36529
36537
36557
36558
36559
36560
36563
36564
36565
36566
36567
36569
36568
36570
36572
25868
36746
27194
27195
27197
27198
36803
27508
18127
34501
34502
34504
34505
34506
20536
23656
35936
36435
25414
25415
25417
36437
25778
36528
36529
36537
36557
36558
36559
36560
36563
36564
36565
36566
36567
36569
36568
36570
36572
25868
36746
27194
27195
27197
27198
36803
27508
