30401
834
1032
1174
30476
1278
30515
1721
30625
30656
1905
30665
30666
2084
30750
30751
30752
30763
2513
2754
2799
2836
30910
30913
2854
30967
3674
3890
31161
31162
4054
4132
4219
4290
4300
4345
4925
5328
5447
5486
5543
31454
5593
5621
5901
5951
6276
31651
6326
6612
6616
6617
31754
31755
31756
31757
31758
6618
6619
6620
6621
6622
6623
31777
6941
6957
6983
7131
31956
7366
7643
32034
7736
7741
7812
32064
8196
8227
8724
8725
8726
8917
32331
9130
9260
9275
32404
9477
9478
32405
9992
9995
10374
11547
11549
11584
32810
11620
11735
11744
32923
11745
11746
32963
32964
11840
11864
11869
11880
11882
11911
12604
12608
12622
13171
33325
13692
13693
14215
14279
33529
14606
33623
14767
33765
16026
16215
16317
16331
34022
16411
16417
34028
16440
16454
16659
16682
34104
34114
34151
16817
34197
34211
17064
17368
34289
34303
34316
34320
17600
6616
6617
31754
31755
31756
31757
31758
6618
6619
6620
6621
6622
6623
31777
6941
6957
6983
7131
31956
7366
7643
32034
7736
7741
7812
32064
8196
8227
8724
8725
8726
8917
32331
9130
9260
9275
32404
9477
9478
32405
9992
9995
10374
11547
11549
11584
32810
11620
11735
11744
32923
11745
11746
32963
32964
11840
11864
11869
11880
11882
11911
12604
12608
12622
13171
33325
13692
13693
14215
14279
33529
14606
33623
14767
33765
16026
16215
16317
16331
34022
16411
16417
34028
16440
16454
16659
16682
34104
34114
34151
16817
34197
34211
17064
17368
34289
34303
34316
34320
17600
17604
17615
17619
17666
17753
17757
17867
34442
17960
17982
18018
18073
18085
34483
34490
34493
34494
34495
34496
34497
34498
34499
34500
18127
34501
34502
34504
34505
34506
18188
18236
34538
18335
18336
18422
34583
34592
34598
18474
18579
18724
34685
18841
18863
18888
18909
34720
18952
34728
18962
18995
19146
34784
34786
34787
19227
19259
19277
34824
19300
19325
19326
19327
34839
19453
19500
19571
19593
19601
34920
19812
19929
19944
20009
20014
20114
20251
20252
35050
20311
20323
20330
35063
35071
35072
35073
20405
20440
20542
20548
20662
20667
20688
20689
20889
20890
20894
20896
20897
20922
20923
20978
35244
20998
21061
21183
21405
35364
21731
21787
21788
22321
35618
35619
35620
35622
35623
22329
22330
22331
22333
22335
22339
35632
22595
22916
22955
35792
23656
35936
24200
24212
24219
25200
25204
25243
25244
36390
25328
36435
25414
25415
25417
36437
25422
25476
25778
36528
36529
36537
36557
36558
25863
36559
36560
36563
36564
36565
36566
36567
25867
36568
36569
36570
36572
25868
26899
27170
36746
27194
27195
27197
27198
27218
36753
27508
36803
