1268
30524
1337
4201
31417
8707
8708
8863
8864
9210
9211
9212
9636
10089
10106
10114
10148
10149
10151
10203
10204
10215
10221
10237
10256
10275
10282
10285
10289
10294
10295
10300
10308
10312
10319
10321
10322
32590
10333
10339
10347
10348
10360
10386
10387
10390
10393
10397
10398
10409
10454
10470
10499
10663
10691
10717
10792
10813
10859
10860
10869
10874
10892
10978
10993
10996
10997
11014
11015
32704
11017
11042
11054
11072
11074
11078
11088
11108
11128
11144
11145
11177
11179
11182
11191
11193
11196
11199
11222
11241
11251
11252
11256
11260
11265
11268
11275
11276
11277
11278
11283
11298
11306
11310
11326
11332
11333
32744
11345
11349
11353
11363
11366
11367
11388
11397
11412
11429
11430
11457
11490
13488
13941
14423
15652
15653
15654
22100
23332
36577
25877
25878
25879
25889
25890
25892
25958
25959
25960
25978
25982
25983
25993
26000
26004
26018
26019
26020
26024
26039
10454
10470
10499
10663
10691
10717
10792
10813
10859
10860
10869
10874
10892
10978
10993
10996
10997
11014
11015
32704
11017
11042
11054
11072
11074
11078
11088
11108
11128
11144
11145
11177
11179
11182
11191
11193
11196
11199
11222
11241
11251
11252
11256
11260
11265
11268
11275
11276
11277
11278
11283
11298
11306
11310
11326
11332
11333
32744
11345
11349
11353
11363
11366
11367
11388
11397
11412
11429
11430
11457
11490
13488
13941
14423
15652
15653
15654
22100
23332
36577
25877
25878
25879
25889
25890
25892
25958
25959
25960
25978
25982
25983
25993
26000
26004
26018
26019
26020
26024
26039
26040
26043
26044
26049
26068
26078
26089
26090
26091
26097
26156
26209
36634
26222
26228
26230
26232
26234
26237
26239
26246
26257
26258
26276
26280
26282
26288
26289
26290
26291
26292
26293
26294
26296
26336
26369
26391
26392
26411
26428
26437
26444
26464
26465
26466
26467
26468
26490
26491
26502
26503
26509
26533
26536
26537
26538
26539
26543
26546
26556
26557
26558
26569
26574
26591
26599
26600
26601
26613
26617
26621
26624
26625
26626
26628
26633
26650
26651
26696
26697
26706
26718
26719
26737
26738
26803
26806
26838
26842
26843
26853
26855
26863
26864
26867
26872
26881
26892
26901
26904
26936
26945
26951
26970
26986
26987
26996
27001
27002
27005
27007
27008
27014
27015
27026
27027
27028
30324
27029
27030
27031
27032
27034
27039
27055
27099
27109
27110
27111
27123
27127
27130
27132
