29160
29363
29364
29439
29534
19765
30043
30124
30419
30507
30561
30506
30726
30615
30666
30996
31145
31308
31396
32106
32252
32424
32596
32423
32593
32594
32748
32747
32940
32941
33134
33362
33361
33593
33829
25400
33830
16981
34101
34371
34370
34372
34985
35330
36093
25347
36521
22561
26120
25986
36520
22367
37008
25438
26322
37005
37007
37516
37006
25984
38673
38677
24288
20041
38051
37512
38050
37513
38048
37509
37510
22457
38678
37514
40183
39399
25992
19772
39395
39398
40182
25146
40173
42073
19969
40178
40179
39396
28069
28056
41127
40181
42062
42071
42933
42070
42074
42063
