43339
28127
28128
28132
63586
63588
63589
63606
28135
63609
43367
43376
28140
43387
43397
63691
43410
28161
28167
63754
43454
28183
63812
63814
28189
63831
28208
43510
63910
43532
43535
28247
63974
43548
28243
64030
64027
64052
64058
28279
43598
64093
64091
43608
43611
43617
28303
43623
43621
43626
28292
28299
64174
43671
64241
43675
64256
28337
64277
28347
28348
43707
28360
28367
28379
28381
28388
43764
64427
43769
28430
43768
43782
43781
64463
28461
64496
28476
28487
28713
43818
28501
64555
64577
28529
28524
43837
43840
64597
43860
43860
64652
43866
43870
64665
43887
64681
43884
64693
43893
64738
64731
43914
64742
43905
64774
43912
28658
28684
28668
43927
43924
64794
64846
44150
43958
28764
43991
43997
28789
43990
64917
44018
64930
28795
44030
64983
44024
44033
28819
65003
64993
28818
44056
44062
65017
65101
28852
44089
28868
44118
44125
44120
65156
65137
65122
28871
44152
44164
44165
44204
44177
65242
28921
44212
65319
28966
65305
28950
44220
64291
28970
28967
28980
28984
28976
65397
64383
44267
28978
65488
28979
44282
29005
65493
65531
44342
44344
65568
44351
65571
65553
44394
44361
65768
44389
65639
44385
44404
29081
65683
65668
29087
44433
65736
65718
44456
44465
29106
65776
44495
29134
44490
65809
29130
44533
44504
44526
65845
29158
29158
65873
65885
44576
44635
44591
65924
65932
29196
44621
29203
44585
44588
65965
66039
66041
44652
44667
44627
66023
44642
66022
66096
44685
44700
66115
44691
66295
66244
44714
44714
66227
44738
66236
66333
66531
29356
66367
29333
66346
66369
66401
66362
29385
66513
66349
66389
44868
44847
44816
29432
29420
29401
44886
29406
29418
66483
44848
67704
29427
44949
29460
44986
67249
66503
29436
29456
66481
66729
29459
29478
44898
29452
29493
29480
66594
66600
66796
66632
44937
29513
29542
29503
44985
44992
29543
44994
29581
29560
44996
29563
66841
29578
45010
45011
29569
29600
45013
66920
29646
29631
45039
45075
66858
66848
66875
45107
45103
66955
66899
45120
45124
29666
45104
66913
66945
45122
45182
45154
66950
66959
45222
67021
45158
45131
29691
29696
29715
67231
45189
45221
29736
45184
45203
67504
45278
45273
67273
67204
45259
67264
29812
45268
67190
67275
45275
45337
45327
29855
45298
45298
45333
29905
67396
45357
67378
67397
67416
67349
29869
45349
45390
67407
67488
45424
25240
67557
67470
45482
67660
29983
67548
67573
45480
67513
45510
45507
29971
45467
45447
45504
67620
30055
67671
30042
45582
45524
45635
67650
45584
45592
45567
30053
30101
30126
45627
30078
30086
30117
30073
45595
45633
30115
23927
30193
30093
45629
45631
45674
30211
30211
30165
67822
67921
67821
67825
45670
67903
68027
30151
30293
45761
67977
30209
68042
45866
45739
45743
45781
68033
68075
68083
68090
68220
68114
68289
68194
45927
68179
30269
68299
68229
68255
45914
30337
68282
68240
45924
30542
68348
68454
30469
68558
30379
46013
46039
45974
30481
46053
30436
46027
46041
45980
68436
30419
30556
46007
68529
46121
46064
46206
68533
46325
30513
46059
68472
46068
46062
30578
46176
30579
68662
46112
30632
30459
30490
30503
30631
46123
30629
30678
30626
46236
68896
46165
46172
30690
68804
30713
30643
46462
30689
46233
30748
68892
46309
30728
69384
30877
68980
46375
20320
68953
68908
68927
30720
30732
30768
69029
46448
30866
46603
30900
46389
46473
30966
69232
30852
46516
69025
69201
69226
30859
46886
69223
30935
69258
46531
30905
31166
30979
69378
30929
31034
46667
46683
69411
46479
69341
30972
46538
69382
31092
69830
69262
46735
30988
46557
46608
31161
46614
31161
69453
46778
30943
46644
31237
46620
46629
31355
69518
46649
31007
69492
46763
46654
46780
47249
46711
46795
46701
46782
31205
46849
69671
31269
69764
31246
31208
46773
31268
31377
46760
46841
31331
31284
69737
31253
31223
46851
31324
46882
70077
31229
69903
31328
46883
46794
31265
47153
31230
69900
46895
47066
70052
31399
69795
47050
46894
46987
46894
69936
31432
70004
46938
69991
31641
69955
70117
70181
47036
31591
47261
70050
31549
17364
47072
25279
31381
70104
47159
27441
46993
31352
70078
31652
31536
47140
46992
47377
47162
31508
70242
70315
70326
70371
70374
70211
70272
70208
70381
70328
47487
31647
47367
47380
70753
70478
47278
70484
31888
48284
31943
70480
32003
70613
31864
31908
31731
31750
31689
47635
31724
47291
32026
71049
31716
70825
70576
70711
70879
31728
47281
32144
47355
32154
47420
47904
47289
31713
31999
47624
47483
71055
32299
47406
31946
32127
32235
47448
47784
47456
47793
32363
47482
32147
31993
70950
31822
32262
47631
47929
47666
71056
32112
70924
47830
32377
47575
32082
47949
71065
32207
32365
32375
47937
47971
47605
71031
71219
32324
47956
71031
71219
32152
32291
32295
47607
47953
47608
47919
47923
47799
47928
47967
32040
47996
32102
47765
32249
47614
71215
32288
71103
32137
48430
71117
47943
32331
48067
71099
71104
71443
71446
47675
26149
32513
32411
48271
71436
48074
71279
32418
71326
32435
47961
47826
48101
72451
47899
71360
71366
32261
48065
47889
48058
71681
48061
48232
32538
71471
48158
71657
71658
32441
32610
47969
48282
48228
48108
71922
48224
48059
71694
71763
48276
48455
72062
48382
32668
48384
71809
27917
22281
71894
71908
32927
48380
48381
48422
71908
71977
32742
72014
72072
32716
48309
48407
72712
32744
48620
48389
32784
72188
48802
48390
48466
48412
71996
32776
48484
48799
32983
72022
48308
48405
72131
72238
32968
48597
33075
33284
48628
72025
72375
48461
33162
72238
32769
32706
72484
32920
74038
73025
17366
48842
72324
33096
72433
4704
32912
48837
32751
48460
33380
33206
48828
33190
48563
48794
33442
49483
48766
48768
18133
72776
16052
33523
33213
33663
73875
49243
33655
33303
33318
48716
48825
33750
48966
72750
14900
33478
33497
48696
20433
33173
72994
19746
49008
73077
48815
48824
49487
33351
48858
48867
33133
33882
72917
73241
49491
73056
72785
72801
72809
73431
49202
48832
49155
33621
48977
49043
17758
33726
72811
73213
19690
33345
48955
15339
49488
49220
49196
49054
49197
49265
73174
34139
48953
48958
33751
73399
33953
49223
14902
48944
49760
49199
73439
34141
49090
33910
49208
33774
49166
73418
73126
73424
33669
33689
49159
49219
49166
73418
73126
73424
33669
33689
33869
50419
73407
33792
49069
33552
73791
34165
33569
49195
50404
73506
73623
73872
34464
49435
73785
73712
49519
49438
49528
73972
73972
34259
49418
25028
73717
49463
73770
25999
49286
74032
49287
49403
73837
25408
74161
49285
49783
74172
73472
34586
33816
34037
34346
34290
49505
74105
34098
74169
49784
18470
49535
49539
19928
34606
33864
73917
34547
34408
25068
49926
51143
49532
73940
34661
50104
49567
34870
49633
74086
74125
76238
34355
34422
34036
34882
50772
49746
34699
74216
50115
49656
34483
49678
49978
49996
34699
74216
49803
34303
17973
34660
34799
50005
74295
15362
34592
50050
34344
51651
34804
34580
50017
50148
75052
25624
34342
34750
50002
34391
50004
49811
50047
34490
50094
14943
34492
50095
50364
51642
50113
34850
36129
75053
50267
50389
50535
26026
35260
75262
35112
35207
50375
34794
34514
50434
50331
50137
75027
35901
50172
50697
34634
50282
35788
35300
50345
14896
35134
75122
34981
75177
34845
50301
50726
34719
50442
75441
34721
51637
23693
35061
75429
35100
50457
50858
75474
50471
34939
35238
51649
50284
50664
50738
50855
52092
35253
50760
50507
26265
34958
36514
50716
36047
50691
22280
35569
50781
23072
50783
17987
50641
50688
35466
50779
50698
50629
50711
51089
35097
35279
24231
51069
36037
50646
19721
51087
75972
24176
15310
51687
51122
35890
25939
51152
76012
51095
36232
51124
51127
35954
75961
16297
22290
50824
51675
76390
51352
76016
27913
51096
22290
51157
26676
50842
51179
22386
51181
76438
15620
25855
35396
36083
51006
51242
75612
76130
51038
75891
28068
28094
35748
36226
36323
51221
14850
76509
36120
35478
36831
16901
36831
16901
23384
35824
51464
76107
76496
18507
76144
51292
76553
76577
35738
36806
51566
76416
16221
51575
51795
51551
51589
51301
51590
36521
21680
22974
23923
51598
36623
51581
36521
51301
51590
51325
51560
51593
52044
27278
51596
51461
51568
51627
52598
23029
26232
51470
36730
51543
51585
51858
36017
36211
51552
24227
36341
52414
76882
36177
52029
76313
16315
23749
24227
36048
36653
36704
52641
24370
36510
52028
52668
53202
23039
37085
52030
36539
76703
77194
52050
76708
77236
76720
77238
23012
24804
52059
28011
51965
52163
51997
51716
76857
35997
52105
52676
26341
76636
77146
36612
51969
52045
51997
52485
22450
52054
52020
52407
37087
27255
84126
25847
51702
52232
52552
36916
51708
36986
77353
77359
54718
81541
77604
25797
52164
77877
26171
26712
77966
52004
52487
77983
24470
21543
52149
52457
23567
37431
36856
52478
52784
36890
52249
16248
17979
36788
52515
77584
52540
37312
52503
52455
77392
52477
52538
16215
78636
15789
26828
52509
77384
78253
18846
53136
78364
24609
18057
52998
53194
27405
52500
37350
53253
27457
26327
52744
53187
24222
14809
53160
37267
23602
37267
53198
53176
53308
23546
53156
20646
78740
78890
78067
25977
52702
53138
78490
37218
26173
26766
53093
53168
53107
36989
53178
53183
85012
18369
22316
27181
37766
53193
22316
27181
17924
18468
53163
53703
16295
17540
53110
26270
53731
53810
83931
53389
53772
53913
23392
53933
27427
24157
25104
53329
53743
79326
23290
53361
53761
17889
53842
27523
53361
53761
17889
53842
27523
53629
53797
53802
78934
25682
27476
37373
23792
37133
53837
37159
79839
14848
53775
53694
21334
37587
54036
18366
21354
23691
24131
27721
19689
25713
17942
38918
80682
17051
25893
26434
78894
23451
37345
38373
18462
37781
37439
38792
79852
16238
17049
38314
53792
25655
38581
17177
80604
37975
79989
26801
80013
80053
18368
23511
16062
17109
26366
37433
17207
38364
42409
22926
39596
80529
80563
80591
26397
27968
38924
37711
38926
81203
25674
27741
37715
58721
79713
26687
27501
39306
22218
37514
19769
80158
22701
38935
81204
18442
24655
38150
22980
23443
16041
26453
38031
25187
27492
39092
21801
21232
18306
80883
28053
38119
17828
38664
38218
24403
38529
27811
22318
23578
39184
39667
37995
37996
39421
38529
27811
22318
39184
39667
23578
82557
23931
26411
28042
39473
38944
17101
26495
16327
23376
83312
23662
18656
39814
82559
83407
40526
83419
21361
101335
58899
38743
39814
82559
22481
27625
40326
25112
40558
18059
16949
27307
24020
41086
84740
17093
17801
40034
39353
39396
20043
83696
39604
27569
40529
16076
84134
40902
17062
26445
85226
40587
24798
22570
84891
18124
84129
85529
40136
41332
17965
84136
22976
86533
40687
87197
41486
85516
88803
88920
42006
86470
41205
41529
40842
88952
87708
89769
87926
90523
20903
87707
42881
87868
41509
88384
90244
88354
42017
98281
92130
93803
42661
93664
96575
97494
43329
96405
42960
43278
63516
94333
94218
94344
94400
94455
94506
