70
71
72
73
78
79
80
81
82
83
84
85
86
87
95
108
109
149
114
122
123
126
127
140
141
156
157
162
163
165
164
168
169
170
187
189
190
191
192
194
200
199
211
212
213
214
223
224
225
30330
257
296
299
310
314
336
338
339
341
354
368
369
14
385
465
522
527
30368
531
534
537
538
539
540
607
685
30392
30395
769
30403
830
841
845
873
881
913
954
963
1027
30422
30423
30431
1072
1104
1110
1123
30461
1143
30473
1191
30482
1204
20
1208
1247
30531
21
1459
1516
1547
1601
1621
1727
1741
30625
1837
1851
30639
1917
30667
2147
2149
2152
2177
2179
2297
2425
2438
2532
2552
2566
2574
30807
2575
2617
2618
2630
2632
2633
2636
2652
2671
30828
2693
2724
2756
30928
2959
2993
3091
