30659
2212
2256
30749
2363
2364
2365
2366
2380
30882
2812
2959
2961
31187
4614
4738
5247
6201
6614
31880
7218
31938
7335
7414
32067
32248
32277
32341
9454
32474
10653
32803
32804
32812
11629
11829
11850
12190
12330
33098
33111
12527
33337
33345
13651
33489
33498
33740
15148
33742
33743
15691
15922
16008
16113
16183
33992
16787
17377
18092
34697
19145
34821
20944
20976
21730
22971
35836
23330
23474
23697
23940
36002
36073
25383
25416
25641
36534
25992
26270
27461
33743
15691
15922
16008
16113
16183
33992
16787
17377
18092
34697
19145
34821
20944
20976
21730
22971
35836
23330
23474
23697
23940
36002
36073
25383
25416
25641
36534
25992
26270
27461
