28191
28260
28791
17997
29348
29381
29636
29593
29657
29696
29697
30042
30267
30041
30082
30083
30233
30342
30343
30309
30456
30457
30455
30505
30559
30560
30664
30614
14965
30725
30915
30723
30724
30917
30781
30782
30780
30995
31071
31069
31070
31225
31394
31395
31500
31501
31622
31857
31724
31856
32590
31858
31859
32105
32103
32104
32742
32591
32592
32744
32745
32746
32741
32743
32936
32938
33356
18176
33357
33592
33133
33590
33591
18293
33826
34676
33827
18088
34671
34672
34367
34673
34674
34366
34675
34670
34984
36514
34983
35327
35325
35326
35328
28078
18069
22270
36089
35698
28064
36090
26920
36512
36087
36088
26625
36513
36515
22248
18312
37501
36997
37500
16936
25446
36998
22361
38043
38045
20458
25138
37502
38040
38669
38041
38042
19733
39393
40166
28035
39392
42060
38668
40162
40168
39386
28050
41114
41115
40165
41122
41119
41117
42057
42061
42929
42924
42926
42925
42927
42922
