43354
63616
43382
63687
43433
63743
43445
43448
43449
43472
43499
63851
43494
43502
63908
43514
43520
43519
43522
63936
63943
63950
63967
63976
43547
63990
64002
43568
43562
43574
64035
43583
43584
43589
43599
43597
64089
64115
43612
64124
43619
64123
64137
64139
64147
43632
64165
64169
64195
43673
64240
43683
64262
64266
64275
43695
43694
64286
43711
64313
64344
64336
43726
64356
64354
43744
64396
43759
64439
43808
64502
64550
64527
64634
64583
64617
43850
43854
43876
64658
64702
64717
64723
64786
43933
64827
43978
43981
64896
43996
64948
64995
44065
65065
65059
44095
65095
65111
28935
44184
44178
44198
44192
65277
28955
44232
28961
44261
65400
44274
65424
28990
65441
44289
44293
44284
44313
65569
65452
65508
65508
44317
65514
44329
29014
44337
44323
44366
44355
44375
29064
44391
65738
65633
44443
65710
44435
65698
65713
65733
65757
44478
65801
65871
65919
65823
44525
29144
44563
65852
65899
65853
29185
65939
65927
65926
65945
44589
65978
29207
29212
44597
29230
66079
29247
66121
44654
44666
66138
66148
66165
44688
66212
44682
29308
44753
44732
29348
66323
29369
66338
66461
66512
29400
44819
44821
44846
66507
44889
44873
29447
44877
66532
66499
66567
66603
66586
66591
66651
66638
29507
66691
44959
66776
45081
29584
45023
66768
66787
66794
66852
29616
45148
45101
66908
45119
66981
45178
45136
45134
67103
67038
45244
29806
67212
29792
67287
29844
45284
45291
67310
45285
67389
67345
45387
45402
67483
45431
29988
67450
67521
29951
45464
29954
67943
29977
29956
29975
67654
67662
67698
30031
45616
30051
45642
45643
67676
67736
45636
30162
30104
45665
67813
67784
67831
30118
45637
30096
67794
67808
67794
67808
45705
45717
67865
45757
30252
67990
68052
67942
30295
45758
45798
68239
45819
68192
68195
68509
30331
68356
45858
30477
68290
45839
68345
30311
68419
45965
68444
68514
