69148
69952
69146
69271
69409
69531
69406
69407
69530
69532
69818
69820
70231
69821
69822
69819
70399
69954
69955
69956
69957
70097
70098
70095
71133
70398
70397
70553
70741
70739
70941
70972
71131
70937
71130
70938
71135
71129
71134
71136
72043
71320
71322
71318
71321
72309
71524
72862
71518
74746
71775
71522
71526
71523
71776
71769
71770
71771
71772
71773
71772
72041
72044
73198
72310
72311
72306
72308
72307
72579
72580
72577
72582
72583
74320
73928
75678
72868
73196
72867
73563
73197
72863
73929
73199
73205
73195
73203
74321
73932
73200
73565
73930
73935
73925
73924
74318
73927
73933
75677
74319
74322
76774
74325
74751
76213
75664
74748
74753
74754
76790
76207
74750
77468
74741
76204
75670
75185
75189
75180
76211
75665
76206
76778
75679
81043
76780
75680
79940
76197
75671
75673
76202
78989
75675
76210
76199
76203
77476
82379
79930
78237
81056
77467
81054
79938
77457
78993
76783
76785
76783
76785
76788
77471
77461
83916
77465
77472
77474
77475
78245
77463
78253
81078
78983
77469
83948
78249
78251
78230
82378
78247
78982
79946
79003
82391
78236
81055
78997
78987
78988
81055
78981
78976
78978
78980
85750
79002
78974
81047
82396
78979
78991
88010
81059
79941
78998
79936
79924
79945
79935
83943
79939
79928
79933
79937
79925
81050
94587
79927
88058
82395
81065
82369
82356
81057
82362
82387
81063
81074
85816
81069
82375
82397
85795
82357
83937
85775
82363
85794
82364
90924
94638
90943
85798
90876
85819
88084
82382
90884
83896
85764
94647
83949
83924
85792
90965
94665
83897
85807
85815
94662
85779
85791
85821
85765
94657
85823
88015
85757
85822
85803
85761
90888
85778
94549
85755
85785
88046
88094
88088
88094
90886
88068
88102
88038
88075
88007
88052
88086
88056
88026
88095
90946
88020
90885
88027
88059
88101
90869
90949
90903
94554
88036
90892
90954
90891
90953
90958
90971
90971
90880
94550
90882
90937
94578
90944
90921
90955
94586
94600
94666
94591
94624
94669
94635
94604
94570
