28124
28162
28237
28283
28303
28341
28477
28513
22772
28589
28834
28885
28886
28932
28943
24592
28977
29026
29060
4700
29150
29151
29186
29196
29220
29205
29250
29259
29321
29333
29380
29402
29426
29456
29457
29490
29509
29533
29532
29592
29610
29656
29634
29679
29738
29655
29721
29760
29809
29835
29964
29833
29998
30081
30123
30122
30190
22762
30232
30454
30341
30383
30418
30558
30503
30613
30661
30660
30855
29635
30992
20993
31144
30991
31224
31223
31392
31620
31721
31720
31722
31719
31955
31956
32100
32099
32249
32101
32102
32248
32420
25089
32740
32935
32739
32738
32931
32737
32932
20434
32933
33131
32934
33129
33130
22774
33588
20433
33351
34093
33355
33354
19690
18815
33824
33585
33586
33589
17953
14762
33823
34098
33825
34096
33821
14812
22602
34097
34095
34978
34365
34364
34359
34360
34361
24423
34981
35317
26809
35315
35688
34979
18129
34977
35690
36078
35691
35318
34980
26893
36083
36076
35692
35693
18472
36080
35695
35697
25026
36079
20435
36510
35694
35696
26772
36506
36507
36508
36081
37492
26169
36505
36082
36975
36986
36084
36981
37491
37487
36982
37486
36982
14871
18437
36985
20436
28061
28116
37485
36984
37493
17085
36509
25150
18564
37477
36978
18125
37490
26697
36989
36983
37479
36987
36992
26912
20438
36991
38645
37478
37483
17948
28039
38650
16231
25051
39385
25975
38036
39371
38663
38033
38647
38035
39365
38640
38662
39378
38644
38034
38657
38031
38664
39380
18913
39358
39384
38656
38023
20437
38025
38643
38032
40153
38019
38027
19913
40154
40150
17081
40169
41064
40159
41074
41086
40156
40139
40170
101455
39364
41066
39375
40160
25008
39382
39362
40155
24867
40145
41068
40136
41108
14904
41109
101729
41092
41111
41080
41071
41101
41083
40134
41094
41098
41099
41113
41105
41063
41088
42881
42022
42017
42020
42051
42030
42898
42029
42033
42049
42038
