28118
63525
63526
63529
63530
63534
63533
63535
63536
43333
63537
63538
63540
63542
63543
43336
63549
63550
63552
63555
63556
63558
63562
63564
63569
63570
63572
63573
43343
63574
63576
43346
63580
63581
63584
63586
63585
43348
63588
43349
63590
63589
28133
63592
63593
63594
63596
63597
63600
63599
63601
63602
63610
43358
63606
63607
63608
63613
63615
63617
63619
63618
63620
63625
43362
63621
63622
63624
43365
43364
63626
63628
63630
43369
63632
63635
63637
43370
43373
43376
63656
63646
63648
63647
43378
43380
63652
43379
63653
63655
63654
28140
63657
63659
43387
63663
63670
63671
43391
43393
63674
43397
63677
63676
63678
63680
43400
63683
63684
28149
43404
28148
43406
63692
43407
63694
63695
63697
63700
63698
63699
63701
63702
63703
63704
63705
63707
43415
63710
63711
63713
63716
43421
63717
63718
63719
63721
43427
63722
63724
63725
63727
43430
63731
43432
63733
63735
63737
28167
63742
43439
43437
63741
63744
63582
43438
63747
28168
63754
63753
63755
28173
63758
63756
43450
63764
63761
63766
28174
43453
63763
63775
63770
43463
63768
63773
28179
63780
63789
28181
63779
43456
63782
63785
63787
43459
63784
63804
63790
63791
678
43464
63800
63803
63801
63799
63798
43469
28184
63806
43470
63823
63809
43471
63815
63820
43475
63824
63830
63831
63831
63834
43482
28208
63835
63833
43483
63839
63837
43485
43484
28198
63846
63841
63843
63845
63847
63852
63856
43490
63855
28199
63867
63863
63861
63860
43493
43561
43492
63869
28206
63872
63874
63875
43497
63882
63883
63885
28210
63884
28211
63887
63890
43506
63893
63899
63895
63901
63897
63898
63902
63906
63907
63909
63911
63913
63910
43513
63915
63918
63921
63924
43573
63922
43516
63930
63926
28223
63937
43517
63933
63932
43526
63935
28227
43523
63949
63948
63955
63947
63954
63957
43529
63952
43385
63953
43532
63963
63958
63978
28236
63962
63970
43536
63966
63969
63968
43538
63972
43549
63975
43539
43542
63979
43544
63988
63981
63986
63987
63992
43557
63993
28251
43559
64001
43563
64012
64018
64021
64010
28288
64020
64023
64019
43575
64026
43576
64034
64092
43581
64044
64040
64046
64039
64045
43577
64051
28269
28267
64054
64053
43586
64057
64060
64055
28272
43588
64063
64068
64065
28274
64066
64078
64070
64071
64076
64073
64095
43593
64096
64084
64093
64098
64091
64116
43605
64105
64100
64107
64110
64112
43613
64119
64130
64121
43621
28152
64150
64133
64141
64132
43627
64146
64144
64148
43631
43630
64153
64156
64154
64149
64155
64160
64163
64162
64168
43636
43639
64202
43644
28301
64183
64173
64189
64179
43654
43645
64170
43647
43652
28308
64185
43649
63720
28313
64186
64194
64190
64203
28314
64197
43658
43664
64210
64216
64201
64294
43674
43659
43662
64229
64213
64214
64219
43667
64218
64237
64238
64221
64225
64241
64223
43669
64234
64228
64256
64247
43677
64236
64242
64245
64252
43680
64250
28333
64251
64258
64259
43708
28330
64267
64269
64274
43687
43691
64278
28336
28342
64281
64279
63762
64311
64283
43702
43707
64309
43699
64296
64305
64302
64322
64304
64310
64308
64351
14981
28359
28360
64317
64329
64316
28362
43717
64325
43719
64324
43721
64323
64347
64327
64353
64335
64331
28370
64334
43720
64337
28373
64352
64381
64345
28380
64359
43746
64355
64357
64362
43740
28389
64366
64392
64369
64377
43741
64374
28396
43748
64379
64399
64394
64388
28404
64391
43747
64389
64410
28409
28410
43758
43755
43753
43754
43756
43764
64403
64427
64407
64406
64419
64435
28432
64409
64433
64415
64423
64420
64431
64428
43771
64438
43771
64438
64459
64437
43776
28439
64434
64482
64447
43780
64454
64442
64441
64443
43786
64462
43792
28445
28195
64469
64483
64487
28461
64471
28459
64509
43794
64537
64486
64500
43803
64488
64505
64491
64492
64496
43802
64498
64504
64508
28479
64501
64520
64539
64507
64510
64517
64534
64544
43811
64525
43807
43813
28482
64549
28207
43815
64531
64535
64532
43817
64568
43821
64536
64556
28488
43820
22507
64579
28497
28495
64555
64559
43826
64561
64563
64558
64575
64560
43824
64565
64572
64573
64574
64605
43832
64688
43835
43833
28517
64576
43837
64611
43840
64749
64592
64593
43842
64615
28527
64613
64653
64608
28534
64622
64607
64612
43846
28546
64627
64637
28542
64631
43848
64619
64625
64645
43855
64646
64638
43847
64647
64642
43860
28547
64650
43856
43868
64649
64652
43866
43874
43858
43862
64665
28569
64670
28581
43878
64669
64666
43880
28574
43887
64672
64681
28572
64671
64678
64680
64680
64686
28593
64696
64682
43893
28594
64692
64694
64695
64737
64708
64714
64703
64743
64722
64726
64761
64754
64719
64711
28613
64721
64734
28607
64739
64732
64741
43902
43903
64752
43908
64751
64747
64736
64748
64742
43389
43901
64756
43906
28632
28637
28624
64774
28643
64770
28680
64762
28694
64788
64784
64757
64782
64783
43910
28669
28677
64767
64907
64780
28686
64778
43917
43921
28700
64787
64810
64794
43926
28707
43932
28720
64847
43946
43935
64804
64811
64814
28724
43944
43941
28743
64816
64865
64823
64839
43937
43943
64846
64817
64843
43953
64845
43952
64825
28745
64836
43954
64837
64833
64834
43947
64826
64840
64890
28757
43970
43951
43969
64861
64848
64856
64869
64859
28750
43971
43959
64852
64864
64871
64864
43973
43974
64913
43972
64866
64870
65076
43975
64893
43991
64874
28799
64878
64894
28774
43997
64933
64889
43994
64914
28783
64886
44003
44010
43995
64908
64947
64945
64911
43998
44000
64919
64946
64906
64934
64916
44005
64926
64909
64930
64912
64990
64944
44001
64937
64958
64982
64962
64935
28796
64973
44013
64932
44008
64966
64956
64972
64981
65001
64965
64997
65022
64998
44034
65005
28806
64975
65009
44042
44028
44025
64984
64993
64994
44044
44058
65000
44037
44038
65023
64208
65011
44068
65049
65026
65014
65020
65029
65042
65027
65044
65013
65017
65010
44064
65019
65035
44067
65064
28850
65028
28825
65067
44077
44060
65300
65079
65071
44071
65077
44083
65057
65089
65051
65075
28960
28841
65101
65062
44084
44087
44104
44098
65053
65078
44089
65107
65094
28836
44103
28849
65117
65112
65088
65083
65114
44093
65087
44105
65102
44096
65090
44108
44128
65131
65138
65152
65123
44110
28854
65156
65116
65541
65118
65171
65146
65232
65173
70413
44139
65119
65186
65139
65172
64261
65180
65155
65162
44147
65190
44143
44123
65161
976
65228
44146
44142
44138
44142
44162
28884
44141
65183
28897
28891
65184
65206
44148
65185
65197
65198
65223
65201
28915
65207
65211
44159
28923
65230
44161
65221
65219
65247
44204
65217
65238
44181
65227
65227
44177
65231
65235
65242
28926
65234
44190
44195
44188
65260
65249
65264
65265
65254
44200
65255
44196
65269
65262
44189
44193
65267
65280
44201
65291
65319
65303
28944
65340
65283
65285
65298
44238
28948
65323
65305
44220
65309
44231
64291
65296
65350
44235
65316
65374
28949
28957
65329
44234
65325
65308
65337
65324
44259
65336
28971
28970
44242
65355
65361
65344
28964
65346
44244
65433
44257
44260
65388
44287
44265
65375
44269
65393
65369
65397
64383
65398
44267
28974
44277
65410
65386
28978
65384
65431
65409
44272
65488
65402
65432
44282
65430
65413
65444
44292
65428
29005
65414
65421
44307
44285
65425
65436
65422
65510
65440
44291
44300
44298
65443
65465
44309
65456
65479
65458
65487
44305
65477
65468
65455
65618
65459
65555
65482
65490
65535
44326
65472
65497
65474
65585
44319
65529
44338
44321
65520
29023
65526
65527
22800
29020
65506
65538
65522
65606
44328
65643
44342
29026
65626
44345
65561
44344
65547
65581
65564
65657
65563
44374
65550
65568
65552
29048
29018
65551
65548
20370
65573
44360
65679
65598
65610
65567
65593
29028
44378
65577
65627
65903
29042
65768
44399
65594
29037
65587
65586
44367
29053
29062
29077
65602
65609
65616
44369
44388
65640
44397
65645
44405
65659
65663
44404
65654
65624
44385
65678
65779
29075
65681
65646
44419
44421
65767
65680
44392
65688
44434
65739
65685
65715
65668
65672
65665
65666
65695
65707
65701
65706
44439
44433
44422
29094
65691
65734
44452
65711
44436
65716
44474
44524
44474
65754
65714
44415
44431
44448
65774
65735
65759
65797
44429
44440
65719
65897
44456
65740
65745
44465
65764
65832
44430
65732
65753
44432
29085
29101
65746
44506
65751
44445
44451
65758
44538
44455
65792
65776
65778
65771
65761
44461
65763
44476
65770
44473
65772
65784
65791
65790
44480
44496
65787
44484
44486
44490
44492
65809
65825
29122
65804
65841
65851
65799
44501
65811
65840
65818
65857
65835
65817
44517
44533
44503
44500
65847
65829
44859
44526
44539
29161
65837
65870
65879
65874
65900
65848
29168
65866
65869
44528
44528
44550
44553
65912
44540
65882
44576
65890
44542
44635
65884
65887
29179
44556
65896
44558
65914
65904
65892
65917
44544
65995
65908
29171
65999
65934
65920
29191
29181
65918
65918
65998
65940
65905
65906
65932
65957
65938
29189
44555
29216
65946
65955
44570
44590
65943
29193
65928
66038
66062
44568
29210
65954
65937
66065
65923
29203
65930
44604
65984
66011
65951
44602
20577
65966
29215
44610
29238
65971
66072
44596
66078
66151
65965
65996
66006
65975
65976
66082
29235
65977
65982
44626
44629
66007
66009
66004
66029
66031
65993
66039
66003
66031
65993
66013
66035
65992
66014
44609
66066
44637
44655
44640
44622
44636
66033
66034
44642
66059
44646
66022
44619
44628
66106
44618
66090
44643
66044
66063
66112
44676
66242
66056
44611
66050
44615
66051
66045
66087
66085
66127
66083
44647
66116
66067
44657
29253
44698
29240
29248
66073
44644
66273
44713
44665
66137
66247
66101
66464
29279
66115
66139
44649
66089
44660
66133
44659
29298
66191
44680
66124
66102
66254
66157
66118
66150
66134
66152
66174
66149
66173
66185
66142
44678
66147
66155
66175
66179
66182
44722
29283
66158
66190
66184
44687
29282
66178
66526
66188
44670
66189
44672
66159
66181
66285
66200
44705
66170
66194
64829
66171
29272
66187
66288
66272
66231
66234
29318
66214
44702
23821
66358
29303
66195
66312
44714
44773
66198
44703
44808
44696
66237
66209
66238
66239
66274
66352
44727
29306
44701
45316
44738
66232
29313
66255
29307
66252
66265
66282
66321
66321
66521
66290
66224
66228
66248
66261
44717
66258
66292
66422
66289
44733
66249
66268
44736
44812
44726
66260
66267
66269
66256
66396
44765
29336
66281
66361
66330
66317
44754
44780
44751
66310
44750
44774
44784
66325
66299
29355
66380
44752
29332
29363
66340
29373
29334
44768
29392
44849
66313
66324
44762
66329
44811
44776
44772
44790
44791
66372
44796
66495
29367
66351
66341
44801
66379
66549
29430
44785
66363
66339
44793
44802
66470
66525
44788
66370
66389
66375
66523
66376
66395
44823
66397
66400
66453
66374
66428
66390
44868
66399
44847
66373
29380
66544
29382
66377
44861
29381
66563
44804
29387
66528
66440
66447
29407
66542
44817
44860
66441
66406
66407
66465
66409
66415
66419
44824
66425
29403
66437
66467
66492
44818
66612
66449
44806
66432
66514
44883
44874
22589
44825
29417
44881
29426
66508
66466
44882
44949
66469
29460
66488
66494
66448
66617
66479
66484
29425
66502
66714
66502
66580
44931
66481
66569
66557
66489
29476
29574
66550
44904
44892
44910
66524
44876
66529
44885
66565
29448
29458
66554
66570
29459
44906
66547
44971
66520
66562
66564
66585
66601
66562
44905
66579
44893
29480
44928
66558
29471
44922
66594
44926
66582
44915
66553
44903
44945
66571
66611
44917
44897
66595
29470
44900
29491
66588
44943
66654
44930
66587
66653
66587
66621
44944
66635
44998
44919
66652
45009
66673
66626
66637
66641
66643
66663
66619
66817
29524
44940
66646
66650
29511
66685
66712
44941
66662
66697
66648
44989
44960
66781
45007
66657
66725
66706
66680
44962
66860
66710
66695
44970
66704
45021
29531
66705
66676
44990
66745
44995
29556
66732
66709
66683
66739
66744
44976
45010
66758
44982
66756
45006
66756
66735
66788
66724
66783
45003
66734
45004
29603
66876
66778
66750
67196
45015
45057
66782
45047
44999
66766
66777
66764
45168
29577
29593
66837
45039
66793
66798
29631
45039
66793
66798
29631
66803
45056
66804
45033
66822
66761
66784
66818
29610
66828
66819
45075
45067
45051
45082
66811
66813
29656
45065
66835
66836
66885
66845
66846
66879
29644
45064
66931
45107
66868
66883
66955
67001
29634
45108
66855
66890
29649
67159
66866
66844
66871
66864
66882
45100
66889
45120
45070
66918
66891
45069
66878
66916
66929
66900
66919
66878
66916
66929
29668
66911
66888
67238
66939
66880
66942
45094
66881
66943
66905
45104
66913
66915
66971
66917
67285
66893
29670
45156
45122
45098
45177
66937
66963
66926
66973
45095
66952
29680
66923
29698
66927
67011
45191
66928
29711
66983
66932
45182
66958
66938
66967
67040
45117
29709
67043
66980
45126
66936
67054
67005
45152
67012
67021
67000
45130
67029
45132
45169
29699
45176
45183
45187
45165
45241
67022
66985
67023
67094
45166
45141
67068
45161
45162
67052
45128
67085
45189
67073
67053
67131
45173
67046
67051
67142
45205
67053
67131
67055
67067
67086
67069
29732
45239
67026
67268
67036
67115
45198
45203
45172
45228
45230
67550
67091
67120
67081
67105
67087
67157
67132
67154
67141
67298
67286
67121
67144
67130
45278
67109
67110
67089
67118
67078
45209
45216
67176
67139
45236
67170
67149
45227
67136
67343
45276
67189
67151
45246
67200
67202
29809
67145
29769
45277
67172
67218
67151
45246
29804
67178
67161
67184
67204
20377
45242
67174
67234
29797
45259
45234
67274
67220
45280
67197
67222
67183
68672
29780
67221
67226
67264
67208
67190
67191
67259
45288
45303
67275
67259
45288
67228
45355
67370
67225
45263
67336
45275
29813
67293
29829
65371
67262
45293
67307
67246
29799
67284
45262
67266
45294
29814
67367
68559
67393
29805
67317
67283
45290
67292
45311
29854
67288
45295
45282
67300
67325
29846
22686
67295
29842
67331
29849
67363
67366
29905
45367
67296
67328
67297
67372
67471
71285
67320
45328
67332
67373
67332
21851
45343
67346
45407
67416
45340
67341
67386
67388
67371
67392
67434
67347
67415
67349
67394
67506
45341
67339
67379
29878
67368
45351
67376
45353
45345
67433
67437
45565
45401
45349
67437
45565
45456
45342
67384
67406
67425
67407
67446
45435
67410
45347
67500
45339
45350
67337
29872
67465
67610
67441
45397
45430
67606
67672
29968
67413
67609
67435
67413
67609
67435
45385
45410
67421
67557
45399
67432
67605
45459
67458
67499
45378
67466
67502
67419
67628
45392
67443
67580
67444
45434
45377
45405
45460
45381
67503
67477
67803
45423
67491
45557
45444
67547
45461
45462
45419
45568
67493
67583
45458
45468
30000
67576
67612
67787
67538
67518
29969
45448
67552
67798
67536
67553
67513
29952
67545
67573
45463
45457
67524
45559
67525
45463
45466
67510
45510
45512
67519
67546
67528
45467
67539
45555
67586
67593
29982
67597
45507
45513
67589
67898
45447
45449
45504
67577
67598
45531
67601
45471
67568
67591
45522
45501
67661
67560
23717
45536
67570
67659
30015
45553
67565
45514
45591
67926
67620
45488
30130
67613
67644
30018
22817
45583
67754
67627
67642
67619
67647
67642
67619
67648
67650
67625
45585
45594
67795
30056
45581
67624
67729
45491
45542
67658
45551
17221
67688
30157
67622
45541
67697
68218
67871
45584
30008
67663
67666
45539
45577
67691
45539
45577
67696
30069
45564
45545
45607
45627
67695
45558
67678
45544
45602
67712
67719
45571
67723
30100
30111
45525
45527
67788
45621
67720
67777
67675
30110
67709
67679
67682
67714
67758
67742
67760
45573
45596
67727
30073
30076
45603
67739
67773
45605
30081
45606
67743
67789
67778
67770
30124
67775
68288
45608
67747
67766
45680
45601
67944
45618
67759
45704
67752
67767
67867
67781
45614
67733
67771
67776
67746
67765
45600
45692
67757
67783
67836
68224
67824
45638
30107
67827
67797
67835
67961
68186
45617
67838
67904
67823
67838
67904
67823
67839
30089
67846
45613
67731
67830
67852
45668
45599
67825
45639
67853
45737
67814
67855
67793
67844
67848
67903
45701
67914
68351
67915
68369
67875
67854
45660
67915
68369
45657
45698
30159
67892
30244
67902
30214
67882
45664
67863
68027
30160
45706
22524
68155
67901
67922
67862
67884
45645
30203
45655
45694
67925
45695
67948
67890
67866
45694
67925
45695
67964
67913
45755
68005
68368
67980
67946
45823
67957
45690
67919
67960
68066
67941
67986
45761
68017
45703
45754
67977
68042
45812
67991
68021
30228
45739
67971
67976
68004
67934
68103
45875
45862
68021
30228
45739
67971
68051
30235
45759
30259
45783
67928
67997
67931
30187
68062
67939
68046
68049
45752
67932
68060
67962
67993
68074
68026
68060
68069
68072
68080
45778
45736
45813
45785
30236
45887
68037
45776
45830
68038
30270
45782
30224
68121
68610
30316
68053
68101
68083
68007
68104
68090
30280
45843
68099
45847
68104
68106
68050
68096
68147
68294
22537
68615
45760
68013
68132
45762
68376
45814
68168
68144
68293
30323
68128
45930
68129
45779
68131
68221
68453
68332
68095
68167
68114
45765
68123
68102
30240
68495
68105
68225
45863
45790
68126
30317
68085
45805
68086
68206
30324
68207
68137
30305
68196
45769
45868
68162
68208
30345
68141
45816
45850
45801
68156
68159
68177
45854
45856
68159
45861
68187
68209
68210
68172
68199
45799
68176
68475
45925
30358
45809
68228
68201
30357
68205
68277
45833
30333
68188
45864
68243
68276
45870
68219
68303
68263
45914
30392
45922
68212
68213
69289
45853
68297
45832
68281
30344
68273
68274
45923
45871
68278
30368
45838
68282
68284
68333
68362
68508
68234
68327
45904
45968
68304
68503
68234
68327
45904
45968
68375
68412
46076
68272
68336
68713
46036
68353
68271
45919
68309
68341
68320
68367
68760
45901
68254
45878
45920
46030
30352
68383
68252
68664
30372
30440
45886
69116
45898
68408
30372
30440
68361
68377
45950
68378
68352
30478
45963
46015
30429
68330
68372
68411
45973
68307
68358
68417
45946
68314
68365
68425
68409
68638
46016
68357
68409
68638
46016
30437
45936
46019
46073
46013
30425
46014
68324
45975
68556
46039
45934
45974
68401
68402
68404
68405
68557
68451
46071
68397
68437
68442
30456
46010
45958
46034
45959
68385
68430
30426
68481
68668
68887
46044
68483
68618
46028
68554
45977
46118
68544
68803
45983
68387
68546
68527
68438
68507
46001
68423
68555
68445
68436
46051
45997
45978
45979
68545
45984
68436
46051
45997
68541
30419
30471
68449
46371
68433
68593
45992
68530
68550
68603
68622
30413
46031
46187
68492
68510
46119
68479
68523
46121
68526
30508
30455
68589
68777
68899
46069
68496
30491
30566
46125
68498
68532
68469
68533
68584
30590
46064
68517
68587
68591
68571
14798
68459
68581
46257
68489
68457
68485
68600
46056
46078
46521
68606
46063
68472
68586
68727
68621
68487
68707
68709
46088
68897
30527
68698
30628
68569
68645
30506
46062
30523
46093
68637
68696
68646
30515
46113
68691
68611
46067
30560
46199
68635
68612
68735
68565
46098
46181
68649
46112
68652
68633
68657
68662
46095
46096
68738
46295
68701
30567
68679
68704
46139
68684
68632
68710
30459
68695
46178
30719
46251
68742
68684
68632
30557
30597
68716
46180
46249
46137
30568
68689
68753
68850
46196
46214
46153
68762
46254
30651
68769
68787
68789
46145
68726
46148
46211
68759
68825
69150
30686
68764
68726
46148
46211
68759
68825
69150
30686
46158
46236
46170
68770
46210
68754
68793
30802
46175
69158
46276
68744
68723
68818
68896
68772
68855
46294
68779
68828
68830
68866
46165
68909
68724
30573
46174
68773
68854
46151
68827
68810
46155
46274
68720
46184
46256
46204
46240
68875
68824
69114
46195
68809
68863
46201
68833
30572
46186
46241
46271
30713
46272
46186
46241
46271
30713
46272
30616
30744
46233
68952
46202
68721
46203
46280
46301
68835
68874
46304
68838
46248
68925
46231
68900
68951
68814
30693
69345
46329
68893
68823
68898
46234
46296
68817
68867
68891
46337
68879
68966
68947
46316
30677
46318
30638
30750
68944
68980
69002
46243
46308
68883
68982
68901
68935
30901
46285
68913
30676
68984
46375
68931
69001
30667
69805
46293
68973
46459
68931
20320
68978
68959
68979
69079
46360
68965
68981
30671
46381
68967
68948
68983
68928
68976
68977
46328
68903
68933
30702
69014
30703
46270
69035
69068
46376
68955
69375
46359
30702
69014
30703
46270
46305
68917
46347
69041
46378
68998
69050
69113
69172
69486
46288
68919
69020
69083
30857
46436
69021
46354
46355
69294
68919
69020
69083
30857
46436
69021
46354
46355
46444
30657
46470
69004
46365
46476
69290
69095
69291
68985
69110
68986
69071
69837
46466
69013
69048
30776
71101
46379
69300
30851
69704
69081
30712
46526
46385
46603
69085
46439
46477
46440
69024
69130
46418
46443
69111
46398
69112
46445
69080
69051
69221
69301
46339
69202
30804
69056
46389
69022
46397
69232
46397
69232
69306
46453
69006
69118
46407
69007
69129
31008
46465
46516
69047
69296
46419
46420
69032
69033
30852
46430
69055
46575
69149
30817
69038
69061
46533
46612
69010
69012
46623
69034
69149
30817
69038
69061
46533
46612
30896
69546
69160
30843
69140
69215
69629
46400
46426
46449
46471
46866
22834
69217
46401
46402
46546
46886
69224
46404
69226
30930
69227
46415
31019
46467
46544
69146
46509
46478
46582
69228
69342
69138
69481
46499
46501
69321
31126
69178
69180
69212
69309
30935
69762
30897
69191
46671
69143
69192
30905
46504
69211
46579
46531
69258
69338
69188
69213
30941
69190
69268
46590
69191
46671
69143
69192
30905
46504
69144
69285
46505
69419
69184
69334
46488
69186
46497
46587
46481
69315
46482
69144
69285
46505
69419
69184
69334
46488
69186
46497
69312
69399
30842
31018
46518
69318
46522
46597
69324
69360
46686
46510
69810
46515
46498
46538
46559
69400
46562
46483
69382
69382
46486
46679
69251
46550
30862
69308
31117
69553
30950
69239
69403
69284
69464
69561
31288
69448
69257
69397
46749
31089
69828
70118
69361
69427
69263
69458
69560
69244
69381
46571
69358
69416
69531
46572
30920
30994
46691
23107
69433
69444
31122
46570
46767
69356
69413
69516
46770
46601
69359
69520
46734
46858
69423
46557
46558
31161
46614
69441
69499
69473
46637
31161
46614
69441
69499
69354
69376
69461
69445
46703
69386
30987
70038
69471
30991
46778
69454
69622
69369
69455
69475
69525
69610
46781
30943
69526
31323
69482
69500
46781
30943
69526
31323
69482
69500
69555
46717
69463
69613
31237
69656
46727
69634
31068
46629
46656
70377
31215
46693
69611
46642
46643
46699
31182
69600
31286
70109
46834
46627
46664
46695
46743
69591
46621
70109
46834
46627
46654
69572
46638
46660
46741
69627
46710
46783
69612
69648
69528
69630
46720
30982
69615
46652
69617
69533
69605
47249
69523
69581
69630
46720
69601
69632
69532
69567
69620
69635
69710
69496
69536
31159
46659
69497
69626
69716
69586
46618
46765
69699
31235
69802
46700
46795
31055
31138
69603
69659
69775
69495
31055
31138
69603
69659
69775
69495
69681
46706
23731
31269
46709
46842
69693
69764
46804
46807
46985
69746
69862
25900
69709
69865
46773
31204
31208
69686
46707
46739
46801
46802
46802
69669
46850
31285
46746
69674
46705
46887
70048
31403
69741
31164
31284
69717
69905
46803
31181
69745
69818
69519
46796
46958
69732
69820
31147
31251
69666
69734
69897
46738
69720
31133
46811
31239
69679
46797
46813
69734
69897
31147
31251
69666
46738
46815
69755
69850
69715
46751
46890
69742
69646
31234
46876
69719
69766
69673
46914
46956
46747
69747
70055
46950
69763
46830
47001
31234
46876
69673
69719
69766
46914
46956
46855
47068
70018
46837
46971
31283
46755
31217
69857
46831
46853
46954
31191
31292
69806
69846
46921
46962
31191
31292
69806
69846
46921
46962
69750
69827
46888
69667
31517
69668
69811
69835
69854
69815
69859
69910
69844
46854
69845
46920
47067
31201
31320
69877
46840
46975
47153
69880
69900
69923
46822
69793
69813
47077
47221
31341
46790
46979
69860
69894
69808
69848
69868
47071
47216
31321
70007
69951
69795
67097
47006
31349
69771
69819
70485
47040
47209
69939
69795
47006
31349
70001
73275
69918
70017
70177
46989
70337
46926
69943
46817
46908
46977
17166
69887
46913
47222
47056
69890
70034
46897
46898
69780
69977
69781
70049
46929
69785
46897
46898
69780
69977
69781
70049
46929
69785
69947
47050
70025
67076
46893
70028
69936
69959
70003
47021
69941
70004
70114
70179
46901
70006
46902
70024
16291
46892
69883
46952
70028
70016
47018
47143
47128
47211
69919
47090
47630
69921
69982
70022
47048
47165
47219
31482
47073
69994
46912
46978
69954
70011
70082
69933
69996
70013
31372
31492
69915
31641
47052
31420
69995
47035
47053
31424
69956
70132
47036
47122
31372
31492
69915
31641
69964
70140
31539
70141
31519
46996
47157
70079
70131
70083
70134
31446
70159
31389
47045
70101
31654
70124
47220
70103
70148
31525
70149
31531
70162
70180
71282
47197
31562
47112
47159
31487
47115
47161
47201
70063
70666
47088
47127
70113
31317
70073
46993
47072
47239
70078
47028
47240
70126
70228
47033
47198
70281
70060
70266
70282
70154
70069
70136
47163
31460
31536
70097
70161
47023
31653
70414
47024
70146
70260
70280
47078
47200
31488
70150
70090
47078
47200
31488
70150
70090
31496
70095
47043
47164
70168
31484
70169
70207
31564
70329
47140
70172
70212
47086
31444
31634
70196
46986
70253
70840
47089
70370
70320
47093
47381
47162
70316
47271
70370
70320
47093
47381
70299
47171
70184
70170
70264
47260
70330
70664
70331
47182
70272
70284
70332
31754
70199
70291
70203
70374
31693
70205
70255
47136
31556
70291
31693
70205
70255
70374
47136
31556
47138
70326
31407
47139
70208
47160
31666
70188
31674
70252
70267
70220
47148
31690
70254
70433
47135
70206
70279
70469
47386
70381
31523
47232
47263
70447
47234
47496
70319
70292
70322
47099
70263
70308
70472
70238
70418
47620
70246
70389
47262
31647
70223
70674
70465
70415
27089
70572
47287
70444
70710
47395
70428
70435
70803
31658
70575
47179
32133
70350
47180
47488
70428
70446
70363
70398
70497
47273
70224
70434
47323
70417
70437
71050
70385
70479
70421
70482
31734
70392
31979
31515
47253
47421
31857
70344
70345
70348
47486
31909
47351
31973
47245
47494
31823
70430
70494
70631
70671
47184
47625
70453
70343
47278
47503
47255
31656
47243
31729
70354
70628
70549
47248
47449
47235
47477
70590
31694
31698
31864
70504
47172
47242
47259
70606
70627
31918
31787
31825
70523
47321
31797
70565
70591
31810
47307
47410
70662
70518
47225
47244
70548
47353
70662
70518
47225
47244
70548
47353
47471
31675
70582
70611
70588
70562
70614
70503
70746
47286
70657
70626
47309
70724
31788
70529
70825
47300
47632
70615
70646
70538
70593
70830
70519
70608
47398
70715
70859
70724
31788
70529
70825
47300
47632
70536
70827
71063
70705
47334
31701
31955
70879
71051
70541
70578
70763
47581
70579
70711
47740
70521
47297
47473
31955
70541
70578
70763
47581
70690
70806
32144
47296
70741
47319
47602
70694
70810
32154
47502
70812
47904
70815
47303
70618
70818
32004
47289
47335
70833
31956
47414
75775
70820
70734
47436
70820
70834
71723
47316
47545
31919
47354
47587
47298
47365
47548
70726
70844
47390
47514
48588
70709
70732
70758
47462
70689
70786
70805
47468
70855
47750
70693
70771
47555
47682
47983
70731
71247
47427
70709
70732
70758
47462
70689
70786
70805
47468
70768
47624
70790
70807
47403
67780
32299
70744
70775
70791
47418
47453
31851
70677
70862
47405
47624
70790
70807
47403
67780
32299
70744
70775
70791
47418
47453
31851
70677
70862
47405
70730
47458
47511
32235
70683
70782
71663
47556
47726
48076
70784
47430
47579
70819
71053
70739
70788
47837
47416
31987
70861
47744
47782
22825
70704
47482
70847
47461
47793
31893
70980
47412
47670
47730
31820
70882
70955
47562
32022
47415
47447
32147
70887
31993
70894
47456
47478
47551
31945
32118
70896
47572
47541
47666
32128
70951
32007
70935
47621
47738
47796
31822
70883
70956
71056
47653
70884
70999
47901
71043
31937
32117
32163
71062
70975
71185
47600
70941
71059
71000
71024
71061
47780
70946
71005
32433
70975
71008
71046
70928
71065
47746
47984
71013
71034
32377
47515
47795
71015
71038
71179
32274
32391
47599
48088
70931
47542
47598
47646
47684
70991
47544
71039
71475
47924
47971
70966
71023
71257
47546
47564
47803
70968
47605
47979
32201
71045
47570
70948
71121
47639
47792
47828
32365
70874
47803
70968
47605
47979
32201
71045
47570
32324
70871
71028
47534
47611
71122
47596
47813
71166
71537
71069
32291
71021
71208
47586
71042
71113
70944
71232
47528
47568
47743
47805
70969
71025
71234
47594
47606
71152
47665
47745
48002
32175
71204
71248
47748
47941
71310
47517
47651
47769
47919
47945
47967
48006
71127
71255
47563
47773
47800
32033
32293
71228
71549
71575
47526
47751
47822
47592
47754
47928
71194
47680
47980
71083
71093
47614
47963
32181
32678
71206
71417
71224
32183
71110
47523
32684
71188
47742
47861
32193
71078
71137
47523
32684
71188
47742
47861
32432
71114
71258
47662
47869
47959
71117
47664
47932
48001
71198
71216
47962
71307
71222
71207
47672
47749
47836
32509
70938
71225
47951
71071
71130
47664
47932
48001
71238
47809
47878
47933
48027
71162
71218
47881
71068
71123
47814
48081
71252
47816
71070
47673
47706
72892
71420
47713
47776
48008
71213
71404
47679
71141
47755
47816
71365
48117
71260
47722
47841
48026
47724
48053
71267
47762
48030
24124
47763
47965
48004
71104
71126
71273
71435
32182
47685
71419
71450
24135
71276
32191
47656
47675
47958
47656
47675
47958
32113
71438
47872
32173
32596
71443
47683
47832
47914
32264
32680
71357
71275
71295
71436
48007
71451
47838
47925
47998
32540
47721
47902
47999
48048
71281
71374
71415
32264
32680
71357
48453
71296
71403
71280
71333
71439
47961
48051
32223
71265
71304
71413
71441
47757
48074
48054
48272
71272
71356
71445
47833
71290
71394
32393
71322
71360
73208
71385
47844
71309
71391
71434
71496
71418
26965
32393
71322
71360
71401
47819
48181
71325
71362
48188
47823
47839
48190
71303
71346
71582
71619
47826
48101
71638
71352
71594
47882
32615
47850
47886
47851
47989
15098
48200
71302
71422
71459
48011
48065
48191
71429
48192
32460
71430
71467
71623
47848
47915
48164
32478
71673
48058
47889
71437
71503
48043
71673
48058
47889
71437
71503
48043
48062
71576
71682
71493
71531
71621
48193
71624
48036
71497
71625
71765
48038
71627
71675
71944
48215
71654
48201
48217
71427
71557
71636
71660
71654
48201
48217
71427
71557
71636
71660
71687
71495
71533
71639
48338
26963
48056
48197
71540
71596
47988
48168
71501
71598
71651
48231
71477
71633
71680
48097
48115
48431
71550
71550
48100
48283
71492
48269
71464
71559
48158
48221
71560
71591
71838
32474
71641
71669
48111
71474
48112
48199
32526
32638
71652
48236
48257
71618
71635
71854
48218
48486
71587
32526
32638
71652
48236
48257
71618
71635
71854
48218
48486
32457
32725
71688
71799
48108
48332
48447
48512
48198
48230
32682
48114
71827
48436
71462
71523
71906
48154
71715
71757
71801
71860
71938
48159
48227
48295
71563
71694
71840
71939
48211
71718
71940
48276
32620
32850
71697
71852
72062
48059
48213
48429
71853
71897
71923
48455
48522
48120
48203
48286
48329
71818
71890
72048
32604
71716
71820
32844
71717
71761
71826
48092
48144
48377
48520
71710
71814
71712
71783
71832
71928
48132
71833
71859
72110
48121
48208
71759
71980
48243
71858
71889
71833
71859
72110
48121
48208
71759
71980
48243
71805
71824
72116
72214
48246
48373
71695
71808
71843
48212
48452
71809
71896
71918
48126
48303
71703
71811
48145
48384
48242
71892
48139
48209
71894
71915
48123
48274
71825
71895
71916
48124
48249
48300
72888
48518
71770
71874
71992
72101
71772
71881
48127
48280
71773
48131
48153
48238
48326
71979
32927
48277
48494
72070
72145
72170
22912
48305
48743
72071
32998
72149
32644
48240
71979
48401
48122
72002
72096
72136
72007
72061
32848
48476
72028
71994
72124
72397
71975
72089
72119
48142
48357
48375
72028
71994
72124
72397
71975
72089
72107
72125
48365
48499
32566
71977
72014
72072
72109
72094
48138
48442
71911
72095
72112
48407
48576
33071
72395
48620
48465
71999
72050
72082
72135
48310
48444
48616
48407
48576
33071
72395
48620
25899
72085
72120
72141
72524
48250
72712
48358
25386
32779
72012
72087
72105
32940
72293
48481
48438
48647
72080
72133
72150
72174
72370
72388
48529
48664
72154
72203
72392
73758
71984
72056
72269
72312
72450
48353
48836
73594
72185
48493
72186
72316
48320
72029
72187
72432
72193
48493
72186
72316
48320
72029
72187
72432
71995
72031
72147
72171
48846
72318
72337
72490
48527
32793
32941
71996
72172
72265
72319
68889
71997
73873
48487
32663
72180
48670
72372
48793
71948
48703
48364
48478
48497
71995
72031
72147
72171
48846
72318
72337
72490
48527
32793
32941
71996
72172
72265
72319
72267
72268
72350
48372
32772
72022
48414
32777
72426
48308
48528
48586
49066
72267
72268
72350
48372
72022
32772
48414
72161
32975
72381
22517
32996
72290
72383
72488
48607
48843
72263
72384
72466
48307
48393
48585
48646
48777
72295
72345
72400
48394
33285
72017
72448
48587
48997
32797
32880
72412
72449
72504
48569
33069
72156
72375
48491
49855
32968
33443
72026
72218
72452
72551
17271
33444
72220
72289
72396
72314
72377
72486
72653
33444
72220
17271
72289
72396
72459
72487
48559
48623
72225
72358
48645
32869
80107
72361
72434
48458
48562
32870
52078
22821
72363
72440
32795
32874
32944
48623
72225
72358
48645
32869
72361
72434
48458
48562
80107
22821
32870
52078
72363
72440
72234
72324
72479
48649
48709
72236
72326
72239
72327
72354
72394
48654
48769
72241
72356
72425
72516
72710
48594
48675
48700
48837
72357
72590
72662
48536
48839
32928
72247
72317
72334
72464
48560
48627
48759
48545
48608
32704
33153
72232
72603
72642
48548
48609
48706
48551
48779
73586
48488
21122
23713
33227
33347
72414
33235
33484
72270
72245
48596
48701
72261
74072
33139
33275
72229
72598
48761
33280
48462
48504
48778
27985
33042
72502
72570
48803
72474
72567
48565
27985
33042
72502
72570
72683
48509
32950
48735
48783
48937
72571
72685
72960
48552
73087
48715
72652
48553
48905
72690
48533
72735
48677
72564
72664
48660
72331
72675
72748
48676
72694
72736
48543
72695
48660
15366
72500
72739
72954
48766
72740
48566
33158
72703
72725
72800
48768
73437
74669
72673
48697
48736
48790
72329
72579
72732
73437
74669
32907
33482
71473
72510
72577
72689
72709
72730
72964
48904
72631
72746
72803
72918
72989
48738
33249
48642
72532
48728
72641
72681
72738
72776
48679
48731
72670
72720
48731
72670
72720
48733
33663
72613
72958
48634
48896
49001
32961
72549
72620
72784
73066
49243
72674
72691
48719
48739
33136
33382
72592
72680
72717
72845
73075
33198
33450
72534
72665
72822
73027
73966
72682
72698
72907
48631
48827
49405
72647
72854
72938
48752
72617
72916
73063
48753
72744
72988
48810
72949
73018
48641
48716
48770
48940
33121
72560
72632
72617
72916
73063
48810
72744
72988
48716
48770
48940
72949
73018
48641
33121
72560
72632
33260
33448
48776
48825
72639
72752
48658
72847
72925
72994
48681
48926
49905
72935
73030
48834
49757
33173
73015
49032
72884
33178
72843
33617
72991
73021
48656
48775
48820
48956
72786
49268
72951
72994
72847
72925
73030
48681
48926
49905
72935
33205
73062
73322
49281
73055
48758
73441
49008
73683
33618
72979
72992
33696
73058
73076
49013
72985
72996
73081
73354
33205
72832
73062
73322
49281
33668
72547
73009
48687
73293
48639
48754
73299
33675
73076
49013
72985
72996
73081
73354
72546
73001
73031
73292
48849
73394
33301
33475
72672
72879
72940
48636
48850
33611
72767
72842
72917
73052
49491
72768
73092
48757
48792
73365
21519
72844
72974
73074
73143
48858
74271
72774
72787
72813
73197
48859
48882
73241
33460
33741
33978
72778
73049
48867
48893
49085
33156
72781
72908
72986
73082
73134
73157
48831
73061
33156
73157
48831
48873
48950
49070
72781
72908
72986
73082
73134
33218
48875
73234
49160
49181
72801
33615
48878
49094
72785
33688
73166
73367
72773
72950
33194
33695
48914
49181
33615
72785
48878
49094
33371
33779
73037
48912
33513
33969
73223
73240
73432
48983
33383
48891
48964
33406
33906
73285
73414
49043
49110
49230
33407
73050
73232
73255
49088
73069
73161
49246
33371
33779
73037
48912
33513
33969
73223
73240
73432
48983
33383
48891
48964
33406
33906
73285
73414
49043
49110
49230
33575
22392
48934
49022
72764
72794
73397
73278
49009
49227
49399
33519
72789
73174
73309
48866
48945
49063
49152
48848
48970
49018
49201
33575
22392
72764
72794
48934
49022
73397
50088
33412
72942
48852
48877
73438
48953
49063
49152
48848
48970
49018
49201
33575
22392
72764
72794
48934
49022
50088
73397
33746
73160
73218
48938
49142
33774
33949
34008
73186
73272
73301
73347
73426
73439
73540
49007
33774
33949
34008
73186
73272
73301
73347
73426
73439
73540
49007
73795
49432
49760
49198
49250
73041
73104
73172
73350
48944
48959
49081
49151
49199
33632
72757
73044
73230
73340
49007
73795
49432
49760
49198
49250
73172
73350
48944
48959
49081
49151
49199
73041
73104
33893
21952
73279
73413
73433
49172
49228
73932
33574
73203
72790
33743
73179
73343
73355
49172
49228
73932
33574
72790
73203
33743
73179
73343
73355
73417
49125
49262
33921
73159
73181
73233
73356
73418
49076
49159
49205
49263
33669
73090
73140
73326
73346
73405
73424
73433
49172
49228
73932
33574
73203
72790
49046
49242
73269
73361
49212
49307
73141
73407
49185
73766
33956
73190
73305
73348
49058
49099
75072
73146
73308
73625
49434
49480
73116
49307
73141
73407
49185
73766
22756
73409
49164
49186
75284
73411
73576
73352
73376
73720
50000
50404
49156
73669
49195
34184
73538
49091
73810
49408
73474
73541
73623
33787
73518
73804
49241
73463
73616
33933
73618
73759
49351
73620
73706
49397
49409
73541
73623
33787
73518
73544
73660
49103
73740
33791
73506
49324
49435
74111
74277
73634
73751
73872
49328
