63525
63543
63544
63552
63551
63562
63564
63568
63586
63598
63601
63603
63611
63620
63622
63626
63629
63661
63671
63685
63710
63727
63735
63740
63753
63763
63772
63782
63784
63827
63843
63849
63889
63893
63898
63903
63908
63913
63916
63917
63930
63947
63950
63969
63984
63998
64000
64020
64027
64044
64050
64057
64060
64074
64090
64106
64110
64117
64122
64146
64168
64181
64174
64209
64218
64221
64230
64247
64278
64299
64304
64318
64313
64319
64330
64336
64337
64346
64350
64381
64355
64394
64405
64424
64444
64455
64519
64474
64477
64537
64488
64498
64501
64510
64518
64530
64524
64568
28503
64597
64633
64623
64632
64650
64659
64658
64660
64672
64671
64698
64707
64752
64751
64762
64814
64839
64845
64850
64854
64862
64913
64879
64885
65004
64946
64937
64973
65041
65017
65096
65019
65060
65106
65088
65083
65214
65133
65146
65257
65201
65215
65246
65258
65267
65291
65346
65433
65463
65380
65392
65403
65488
65435
65434
65436
65450
65454
65457
65464
65643
65565
65660
65625
65689
65734
65713
65830
65735
65757
65756
65758
65881
65792
65849
65829
65862
65875
65983
65877
65945
66038
66062
65967
65981
65982
66009
66039
66060
66063
66242
66093
66095
66158
66188
66213
66212
66187
64779
66211
66333
66243
44756
66402
66269
66367
66300
66301
66331
66546
66334
66334
66401
66368
66400
66399
66441
44858
66503
66518
66547
66558
66796
66642
66641
66643
66646
66710
66841
66684
66920
66797
66764
66798
66799
66812
66811
66873
66840
66875
66919
66919
66962
66963
66964
67016
66980
66936
67071
67231
67128
67070
67550
67504
67130
67181
67180
67229
67282
67192
67281
67284
67279
67283
67389
67390
67332
67334
67387
67388
67392
67446
67410
67500
67441
67442
67606
67502
67557
67443
67444
45392
67608
67503
67607
67555
67468
67552
67553
67519
67551
67575
67659
67574
67625
67658
67662
67663
68218
68217
67719
