72
236
245
30337
273
274
275
30338
30339
277
279
280
281
30343
366
372
1177
1285
30578
2053
2155
2180
2380
2470
2532
2608
2632
2633
2762
30879
30880
30881
30883
30884
30885
30886
30891
30892
30893
2803
3023
3735
4032
31225
4238
4723
4816
4929
5304
31414
31508
5768
5875
5904
32
31602
31607
31608
6355
6483
6502
6589
31746
6624
6833
6836
31867
6945
6946
6949
7065
31897
31898
31899
7070
7076
7078
7079
7081
7083
31900
7084
31901
7088
7091
7096
7097
31902
7103
7108
7109
7111
7116
31903
31904
31905
7119
7120
7122
7123
7124
7129
31906
7130
7131
7133
7315
7352
7455
32067
32085
7973
8050
8051
8052
8067
8157
32181
8422
8481
32235
8758
32276
32296
9968
9984
32529
9990
32551
10138
10155
10606
10627
10628
32625
10630
32628
10653
11739
11748
11909
11946
12052
12171
33047
12482
33109
12483
33110
12486
