68490
68491
68494
68492
68654
68652
68742
68840
69527
69032
69033
69034
69266
69143
69144
69267
69397
69398
69525
69526
69672
69815
69947
70089
70228
70088
70090
70389
70388
70391
70392
70545
70734
72034
70931
71127
71310
71307
71126
71309
71763
71761
72037
72293
72036
72295
72291
72294
72292
72563
72564
72566
72567
23649
72845
72850
72565
72847
73186
73189
73190
73541
73544
73543
73545
73911
74731
74734
15806
74728
75169
76186
77441
76752
14933
78214
78209
21905
79901
90823
79897
80994
80989
23651
82317
101489
83832
83834
101460
101723
101724
101726
101482
101665
101667
101725
101483
101485
101480
101668
101662
85679
85687
101484
101651
101663
101649
101650
101661
101719
101656
101664
101720
101479
101716
101666
101478
101843
101657
101722
101660
101488
101658
101481
101659
90827
101717
101462
101487
101655
101486
101728
94503
101727
94505
94506
