30326
67
72
73
75
74
77
76
81
80
83
82
84
85
86
87
89
88
90
91
98
99
102
103
108
109
149
114
120
121
122
123
127
126
129
128
131
130
133
132
141
140
144
145
152
153
157
156
159
158
161
162
163
164
165
172
171
176
116
117
179
180
185
186
187
190
189
191
192
194
195
196
203
204
210
211
212
213
214
216
215
217
218
222
236
245
30334
30333
30337
273
274
275
30338
30339
276
277
30340
279
30341
30342
280
281
282
283
284
285
286
287
288
290
291
292
30343
293
294
295
30344
312
313
314
324
334
353
359
364
365
373
14
383
387
394
395
398
404
416
454
459
465
30358
474
478
488
502
520
522
523
524
535
539
566
161
162
163
164
165
172
171
176
116
117
179
180
185
186
187
190
189
191
192
194
195
196
203
204
210
211
212
213
214
216
215
217
218
222
236
245
30334
30333
30337
273
274
275
30338
30339
276
277
30340
279
30341
30342
280
281
282
283
284
285
286
287
288
290
291
292
30343
293
294
295
30344
312
313
314
324
334
353
359
364
365
373
14
383
387
394
395
398
404
416
454
459
465
30358
474
478
488
502
520
522
523
524
535
539
566
577
603
604
605
606
607
618
624
625
627
628
630
639
648
652
668
30389
671
689
706
708
709
710
721
733
767
770
771
773
781
30401
787
790
792
793
814
823
881
916
922
923
941
942
943
945
949
959
960
969
995
1039
1057
1075
30443
30449
1120
1127
1130
1131
17
1201
1204
1206
19
30486
30489
1247
1257
1258
1260
1286
1290
1291
1305
1306
1328
1340
1345
1346
30532
21
1350
1355
1366
1368
30540
1390
1392
1403
1474
30556
1477
1500
1502
1507
1519
1521
1530
1533
1553
30578
1561
1565
1567
30580
1578
1598
1627
1628
1633
30592
1652
1667
1669
1675
1679
1688
1693
1694
1713
1726
1731
1743
1762
1763
1837
30637
1850
1852
30642
1853
1856
30643
1872
30652
1877
1881
1882
30655
1900
1904
1912
30664
30666
30674
1928
30676
30677
1939
30678
1955
1957
1961
1985
1992
2005
2006
2008
2009
2011
2024
2038
30710
2062
2063
2064
2066
30718
2103
2105
2106
2107
2108
2120
2121
2135
2144
2146
2149
2152
30730
30731
2166
2171
2175
2179
2180
2181
2184
2190
2195
2202
2206
2207
2210
2216
2217
2225
2226
2232
2233
2235
2251
2267
2271
2276
2328
2347
2348
30785
2367
2368
2374
2380
2382
30789
2401
2415
2416
2420
2429
2438
2470
2478
2479
2480
2484
2489
2492
2493
2499
2500
2501
2514
2526
2528
30800
30801
2529
2531
2532
2534
2537
2538
2541
30803
30804
2543
2544
2545
2547
2548
2550
2551
2554
2553
2556
2555
2561
2562
2563
2564
2565
2567
2568
2571
2573
2576
2577
2578
2579
2580
2581
2582
2583
2590
2595
2601
2602
2604
30808
30810
2607
2614
2615
2627
2633
2637
2638
30811
2645
2646
2647
2650
2651
2653
2654
2655
2666
30812
