75651
75648
75649
75646
76179
75644
76181
76174
76180
76172
76171
76740
101436
76737
76742
76738
76743
76746
77436
76739
77433
77437
77429
77418
77414
77422
77431
77420
78201
78205
78204
78196
78956
78952
78957
78959
78947
78950
78955
79876
78945
79885
79871
79879
79880
79890
79874
80972
80984
82303
82315
82304
82307
82309
83821
83805
83803
83817
83804
83806
83808
83810
83811
83798
83814
85667
85660
85661
85672
85647
85669
85673
85676
85659
87926
87923
90811
90819
90814
90782
90783
90790
90793
90777
94485
94491
94464
94459
94496
94500
94463
94500
94476
94483
94467
94477
