162
163
30337
273
274
275
30338
30339
276
277
30340
279
30341
30342
280
281
282
283
284
285
286
287
288
290
291
292
30343
293
294
295
668
30389
721
723
799
30406
831
30464
1187
30540
1414
1919
30704
30718
2105
2108
2147
30770
2380
2529
30838
30879
30880
30881
30882
30883
30884
30885
30886
30887
30888
30889
30890
30891
30892
30893
30894
30895
2821
30908
30915
2926
30932
2942
2993
3024
30972
30980
30981
30982
30983
30984
3093
3094
3095
30985
3106
3109
3118
3377
3481
3699
3872
3979
4133
4136
31250
4543
4546
4614
31385
5536
5537
5858
31533
32
31607
6134
6135
31608
31659
6391
6613
6614
31759
6624
6732
6764
31807
6991
7065
31897
31898
31899
7070
7071
7072
7073
7074
7075
7076
7077
7078
7079
7080
7081
7082
7083
31900
7084
7085
7086
7087
7088
7090
7091
7092
7093
7094
7095
