69
1006
1055
19
1274
1281
1311
1335
1753
1754
1755
1756
1757
1758
1759
1763
1764
1765
1768
1769
1770
1771
1772
1773
1775
1776
1777
1778
1779
1780
1781
1783
1784
1785
1786
1787
1788
1789
1790
1791
1792
1793
1794
1795
1796
1797
1798
1799
1800
1801
1802
1803
1804
1805
1806
1807
1808
1814
1818
1825
1826
1829
1830
1831
1832
30781
2497
2511
2512
2590
2644
2762
2805
2958
2977
3062
3103
3105
3106
3108
3510
3778
3779
3780
3871
3875
3909
3917
3918
3925
6
4198
4199
4200
4201
31230
4262
4265
4276
4277
31242
31243
4281
4284
4285
31245
31279
31323
5294
5340
31395
31396
5352
5357
5365
5368
31473
5672
5673
5674
5675
5678
5680
5681
5682
5683
31474
5686
5687
5688
5689
5690
5691
5692
5693
5694
5695
5696
5697
5698
5699
5700
5701
5702
5703
5704
5705
5706
31478
5827
