107
125
124
366
498
832
15
833
846
30578
2251
2264
2523
3029
31091
4830
5021
6253
31666
6411
7182
7822
8015
8050
8051
8052
8071
8570
9294
9423
9437
32551
10123
10217
32711
11451
12081
12100
12111
13267
33517
33519
14337
14903
15045
15214
15549
15810
15811
33881
15812
33882
15813
15814
15878
16218
16802
16841
16882
16895
16910
34208
34398
17904
18137
34510
18342
18615
18671
34707
18890
19717
20759
20818
35214
35240
21157
21230
21274
21426
35441
21709
21829
21843
22361
50
22455
23588
24053
24560
24630
25385
25647
64
36587
25976
26056
26236
26824
26887
27441
27494
27770
