1681
1762
1809
1810
1811
1812
2563
2578
2650
30900
2879
3536
3537
31230
31279
31323
5170
6058
6631
6788
7936
8533
8534
8535
32331
32464
32465
32467
32466
32468
10255
10256
10276
10280
10319
10860
10978
11076
11077
11128
11277
11278
11279
11280
11281
11282
11297
11331
11457
11474
32770
32933
12204
33261
33262
14167
14168
14506
14734
33654
15512
15513
33975
17006
34200
34300
34422
34423
34424
19311
19351
34850
20626
20627
35179
35180
35202
20920
20931
20932
35208
35210
35222
20951
35226
35241
35493
22100
22583
23098
23099
23427
23428
23480
23809
23811
36405
25338
36436
36519
36530
26018
26019
26020
36634
26502
26503
27363
36774
37550
