30337
273
274
275
30338
276
277
30340
279
30341
30342
280
281
282
283
284
285
286
287
288
290
291
292
30343
293
294
295
30579
30879
30880
30881
30882
30883
30885
30884
30886
30887
30888
30889
30890
30892
30891
30893
30894
30895
31148
6276
31755
6618
6621
31767
6964
7078
7218
31938
7219
7220
7221
31939
7222
31940
31941
31942
7223
31943
7224
7370
31980
31982
31983
31984
31985
7941
32775
11527
32778
11530
11531
32779
11532
11533
32780
11538
32784
32786
32787
11541
32788
32831
32876
32877
32878
32879
11692
11693
11694
32884
32917
32918
32931
11763
32932
11764
32934
32935
32936
32937
32938
11765
32940
32941
32942
32943
32944
32945
11766
32946
32947
11767
11768
11769
11770
11771
11772
11774
11775
11776
11777
32974
11843
12517
33133
33228
14778
14950
14951
14952
33655
33656
14953
33753
34345
34696
34785
34786
34787
19990
35463
35533
35535
31767
6964
7078
7218
31938
7219
7220
7221
31939
7222
31940
31941
31942
7223
31943
7224
7370
31980
31982
31983
31984
31985
7941
32775
11527
32778
11530
11531
32779
11532
11533
32780
11538
32784
32786
32787
11541
32788
32831
32876
32877
32878
32879
11692
11693
11694
32884
32917
32918
32931
11763
32932
11764
32934
32935
32936
32937
32938
11765
32940
32941
32942
32943
32944
32945
11766
32946
32947
11767
11768
11769
11770
11771
11772
11774
11775
11776
11777
32974
11843
12517
33133
33228
14778
14950
14951
14952
33655
33656
14953
33753
34345
34696
34785
34786
34787
19990
35463
35533
35535
22377
35638
35679
22539
35689
22540
22541
35690
22543
35693
35694
22545
22546
35695
35696
22547
22548
23941
35999
23942
23943
36000
36016
36017
36018
36019
24188
36056
25626
36471
25627
25629
25630
25631
36472
36473
36474
36475
25632
25633
36568
36569
36570
