1278
30656
31161
31162
31226
6276
31651
6326
6616
31754
31755
31757
31758
6618
6619
6620
6621
6622
6623
31777
7941
32404
9477
9478
32405
32638
32639
11607
11608
11620
13693
33529
16215
16397
16398
34017
34151
34200
17062
34487
34488
34489
34490
34491
34492
34493
34494
34495
34496
34497
34498
34499
34500
18127
34501
34502
34503
34504
34505
34506
34839
35071
35072
20816
35179
35180
20923
35259
35467
36215
25420
36528
25778
36529
36537
36558
36560
36563
36564
36565
36566
36567
36570
36571
36572
25868
36746
27194
27195
27197
27198
36803
27508
34498
34499
34500
18127
34501
34502
34503
34504
34505
34506
34839
35071
35072
20816
35179
35180
20923
35259
35467
36215
25420
36528
25778
36529
36537
36558
36560
36563
36564
36565
36566
36567
36570
36571
36572
25868
36746
27194
27195
27197
27198
36803
27508
