67
30337
273
275
30338
30339
276
277
30340
279
30341
30342
280
281
282
283
284
285
286
287
288
290
291
292
30343
293
294
295
647
668
30389
721
723
30402
30406
799
831
30410
846
952
1027
30422
30423
30474
1187
1278
30515
30540
30541
1414
1516
30579
1761
1762
30625
30656
1895
1896
1905
30659
30660
30661
30662
1919
30667
1932
1933
1934
1935
1936
2034
2105
2108
2256
30749
30782
30783
2352
30784
2359
2360
2361
2362
2363
2364
2365
2366
30785
30786
30787
2367
2368
2370
2371
2372
30788
2373
2375
2376
2377
2378
2379
2380
2381
2382
2383
2474
2703
2792
2799
30879
30880
30881
30882
30883
30884
30885
30886
30887
30888
30889
30890
30891
30892
30893
30894
30895
2812
2821
2959
2961
2993
3032
3037
3308
3331
31037
31038
3360
3367
31041
31044
3735
31112
31114
3893
3895
3981
31147
31148
1516
30579
1761
1762
30625
30656
1895
1896
1905
30659
30660
30661
30662
1919
30667
1932
1933
1934
1935
1936
2034
2105
2108
2256
30749
30782
30783
2352
30784
2359
2360
2361
2362
2363
2364
2365
2366
30785
30786
30787
2367
2368
2370
2371
2372
30788
2373
2375
2376
2377
2378
2379
2380
2381
2382
2383
2474
2703
2792
2799
30879
30880
30881
30882
30883
30884
30885
30886
30887
30888
30889
30890
30891
30892
30893
30894
30895
2812
2821
2959
2961
2993
3032
3037
3308
3331
31037
31038
3360
3367
31041
31044
3735
31112
31114
3893
3895
3981
31147
31148
31149
3982
31150
31151
3983
4035
31161
31162
31165
4064
31187
4136
31205
31206
4160
31208
31207
31209
31210
4161
31211
31212
4162
31213
31226
31230
4261
31239
4539
4614
31279
4731
4738
4787
31323
31342
31349
5247
31404
31427
5482
31428
31442
31466
31486
5728
5736
31488
31508
5768
5880
31606
31607
6134
6135
31608
31627
6276
31651
6326
6534
6567
6613
6614
6616
6617
31754
31755
31756
31757
31758
6618
6619
6620
6621
6622
6623
31759
6624
6625
6629
31767
31777
6710
31854
31855
6935
31878
31879
6961
6962
6964
31880
7065
31898
31899
7070
7071
7072
7073
7074
7075
7076
7077
7078
7079
7080
7081
7082
7083
31900
7084
31901
7085
7086
7087
7088
7089
7090
7091
7092
7093
7094
7095
7096
31902
7098
7099
7100
7101
7102
7103
7104
7105
7106
7107
7108
7109
7110
7111
7113
7115
7116
31903
31904
31905
7117
7118
7119
7120
7121
7122
7123
7124
7127
7129
31906
7130
7131
7132
31907
7133
31928
31929
7201
7210
31934
31935
7218
31938
7219
7220
7221
31939
7222
31940
31941
31942
7223
31943
7224
7231
7232
7233
7234
7235
7245
31946
31956
31967
7335
7370
31980
31981
31982
31983
31984
31985
7414
7643
7662
32020
32022
32023
32024
7663
7664
32025
7665
7666
32026
32027
32028
7667
32029
7668
7669
7670
7671
32049
32050
7761
32051
32055
7816
7893
7941
32067
8049
8079
8107
8128
8129
8305
32167
32170
8440
8560
8561
32248
8892
32277
32299
32300
32301
32302
32303
32304
32331
32341
9393
9454
32404
9477
9478
32405
9484
32425
9574
32426
32464
32465
32466
32467
32468
32474
10005
10371
10537
10600
10627
10628
32625
10630
32628
32638
32639
11428
32759
32760
32767
11517
11521
32768
32769
32770
32772
32773
11526
32774
32775
11527
11528
32776
32777
11529
32778
11530
11531
32779
