30660
30662
31114
31205
31206
31207
31208
31209
31211
31213
31239
31404
31486
5728
6625
6629
31767
7335
7370
31980
31981
31982
31983
31984
31985
32277
10371
32768
32769
32786
32787
32789
32790
32791
32792
32793
32794
32796
32798
32804
32814
11603
32821
32829
32830
11621
11622
11624
32833
11625
11626
32834
32837
32838
32840
32841
32842
32843
32844
32845
32846
32847
32848
32850
11653
32853
11656
32854
32855
32856
32857
11669
11670
32858
32868
32876
32877
32878
32879
11685
11689
32881
32882
11692
11693
11694
11695
32884
11697
11708
32889
11715
11716
32890
32891
32892
32893
32894
32896
32897
32898
32899
32900
32901
32902
32903
32904
32905
11726
32906
32907
32908
32910
32911
32912
32913
32914
32915
32916
11735
11736
32918
32919
11740
32922
32926
32927
32928
32929
32930
11761
11762
32931
32935
32936
32937
32938
32939
32941
32942
32943
32944
32946
32947
11769
32962
11787
32965
32966
32968
