1905
30660
30662
2799
2866
3032
3037
3098
31114
3929
31174
31205
31206
31208
31207
31209
31211
31213
31239
31404
31486
5728
6129
6610
6625
6629
31767
7335
7370
31980
31981
31983
31984
31985
7784
7886
7974
8076
8560
8561
32277
10371
32768
32769
32772
32773
11526
32774
32775
11527
11528
32776
32777
11529
32778
11530
11531
32779
11532
11533
32780
11534
11535
32781
32782
11536
11537
32783
11538
32784
32785
11539
32786
11540
32787
11541
32788
11544
11545
11546
32789
32790
32791
32792
32793
32794
32796
32798
11569
11570
32799
32803
32804
32814
11598
11603
32819
11604
32821
11606
32829
32830
11621
11622
11624
32833
11625
11626
32834
11630
32837
32838
32840
11637
11638
32841
32842
32843
11642
32844
32845
11643
11644
32846
11646
32847
11647
32848
32849
11648
11649
32850
11650
11651
32852
11652
11653
11654
32853
11655
11656
32854
32855
11657
32856
11659
11661
32857
11662
11663
11528
32776
32777
11529
32778
11530
11531
32779
11532
11533
32780
11534
11535
32781
32782
11536
11537
32783
11538
32784
32785
11539
32786
11540
32787
11541
32788
11544
11545
11546
32789
32790
32791
32792
32793
32794
32796
32798
11569
11570
32799
32803
32804
32814
11598
11603
32819
11604
32821
11606
32829
32830
11621
11622
11624
32833
11625
11626
32834
11630
32837
32838
32840
11637
11638
32841
32842
32843
11642
32844
32845
11643
11644
32846
11646
32847
11647
32848
32849
11648
11649
32850
11650
11651
32852
11652
11653
11654
32853
11655
11656
32854
32855
11657
32856
11659
11661
32857
11662
11663
11669
11670
32858
32868
32876
32877
32878
32879
11685
11687
11689
32881
32882
11692
11693
11694
11695
32884
11697
11708
11709
11710
32888
11711
32889
11714
11715
11716
11717
32890
32891
32892
32893
11718
32894
32895
11720
11721
32896
11722
32897
32898
32899
11723
11724
32900
32901
11725
32902
32903
32904
32905
11726
32906
32907
32908
32910
32911
32912
11728
32913
32914
32915
11732
11733
32916
11735
11736
32918
32919
11740
32922
32926
32927
32928
32929
32930
11761
11762
11763
32932
11764
32934
32935
32936
32937
32939
32942
32943
32944
32945
32946
32947
11768
11769
11770
11771
11772
11774
11775
11776
11777
32962
11787
32965
32966
32968
11807
11808
32969
32970
11809
32971
32972
11812
11820
11821
11822
11824
32974
11831
32977
32979
11843
32985
11846
32987
11847
11848
32988
32989
32990
11850
32994
33007
11892
33008
11893
33009
33067
12628
13122
13206
13591
13939
13975
13976
13977
13978
13981
13982
13988
33536
33743
33773
15348
15452
15922
33993
16744
16955
34216
17392
17504
17674
17825
34529
18220
18345
34568
18397
34585
34586
34589
34588
18567
34637
34644
34646
18624
18694
18864
34696
34697
34706
19155
19156
19157
19214
19244
19502
19575
19632
19990
34982
34983
34984
35018
35024
20682
20741
20905
35294
35461
22883
35819
23141
35836
35915
23938
36061
36068
24865
36381
25394
36571
36745
36788
