1519
1905
30662
30808
2643
2653
2654
2655
2799
3027
3032
3037
31114
3928
31174
31205
31206
31208
31207
31209
31211
31213
31239
31486
5728
6373
6374
6375
6376
6377
6378
6379
6380
6381
6625
6629
7335
7370
31980
31983
31984
31985
8560
8561
32277
9758
10010
10209
10371
32768
32769
32773
11526
32774
11527
11528
32776
32777
11529
32778
11530
11531
32779
11532
11533
32780
11534
11535
32781
32782
11536
11537
32783
11538
32784
32785
11539
32786
11540
32787
11541
32788
11544
11545
11546
32789
32790
32791
32792
32793
32794
32796
32798
11569
11570
32799
32804
32814
11598
11603
32819
11604
32821
11606
32829
32830
11621
11622
11624
32833
11625
11626
32834
32837
32838
32840
11637
11638
32842
32843
11642
32845
11643
11644
11646
11647
32848
32849
11648
11649
32850
11650
11651
32852
11652
11653
11654
32853
11655
11656
32854
32855
11657
32856
11659
11661
11662
11663
32858
32868
