43351
63739
28180
63885
43509
63917
43524
63994
63944
63954
43542
43550
28255
64024
64050
64129
43645
43651
64248
64404
64516
28500
64572
64587
64632
43884
43900
28600
64739
28624
28680
64803
43943
64852
43974
44059
64208
28823
65035
44088
65104
28858
64261
24860
65199
65207
65238
28936
65321
44281
65419
65408
44296
65618
29033
44393
65694
65704
65725
65913
44496
44494
44482
44535
65822
29149
44587
65917
44566
65969
25909
66036
29231
66060
66161
66302
44725
44758
66292
44749
66357
66386
66346
66342
44839
44789
15297
66465
44886
29497
44966
29519
66642
29509
44932
45034
45017
66847
66960
29662
45105
45211
45158
67029
67071
45128
45185
45220
29752
29760
67151
45255
67222
45305
67259
29841
65371
29839
67327
45357
29858
45321
67447
45433
67410
67476
45412
67536
67600
45497
30002
67647
67886
67725
67727
45710
67846
67857
67880
30152
30207
68183
30274
30241
45813
68119
45817
68081
30324
68105
45793
68159
68256
45919
68664
30372
68418
68446
30589
68544
68539
68571
46189
30513
68645
30510
30592
68652
68657
69042
46108
46180
68800
30641
46248
46302
30731
46336
46330
46322
30832
30671
46385
46418
30735
69007
69135
31010
69168
31109
46499
46467
46468
30952
69489
69238
46542
69676
69323
69249
46564
69830
31117
69358
15801
69421
69557
46610
69555
46689
46699
31007
70109
46712
46783
31194
69601
46618
69879
69687
69757
31184
46748
46972
69907
46878
46875
69796
46977
47165
70147
47240
47078
47396
70095
49296
47169
47394
47171
70265
70265
31737
70710
70213
70394
31495
47274
70345
31551
70530
31908
31918
31669
70648
31711
70536
71898
47509
47440
48076
25525
47725
32338
31836
47802
32066
70920
32121
32163
70928
47646
47797
31962
47611
70978
47618
32175
32673
47836
48004
32335
48105
47916
32445
71366
32342
48106
47850
71503
48068
33692
32396
71598
48334
48374
71690
71722
32844
32812
27917
