30782
2352
30783
30784
2363
2364
2365
2366
30785
30786
30787
2367
2368
30788
2380
31037
31038
31112
31187
5526
6964
7244
7662
32020
32022
32023
32024
7663
7664
32025
7665
32027
7667
32028
32029
7668
7669
7671
7816
8031
11548
11623
11829
11830
12195
12568
33131
12569
33132
33133
33317
13606
14950
14951
14952
33655
14953
33656
15207
15924
34218
21853
35686
35688
22539
35689
22540
22541
35690
35691
22542
35692
22543
22544
35693
35694
22545
22546
35695
22547
35696
22548
23941
35999
23942
23943
36000
25359
36468
25624
36469
36470
25625
25626
36471
25627
25629
25630
25631
36472
36473
36474
25632
25633
