63535
63536
63542
63550
63572
63578
63588
63590
63589
63597
63599
63615
63614
63628
63637
63641
63648
63662
63684
63706
63708
63730
63731
63739
63768
63774
63773
63785
63792
63799
63808
63824
63851
63863
63872
63874
63880
63937
63942
63953
63966
63982
64001
64011
64047
64061
64091
64132
64131
64170
64201
64243
64223
64242
64260
64266
64269
64275
64280
64323
64398
64379
64427
64443
64458
64457
64464
64469
64502
64557
64565
64616
64649
64648
64664
64711
64768
64794
64795
64809
64820
64844
44010
64945
64919
64906
64944
64982
64992
64993
65055
65087
65098
65099
65097
65137
65171
65170
65218
65296
65337
65390
65441
65473
65472
65513
65512
65554
65571
65573
65680
65673
65672
65695
65783
65817
65888
65887
65907
65905
65906
65966
65965
66021
66049
65993
65992
66050
66051
66105
66227
66228
66309
66308
66487
66489
66557
66562
66594
66654
66655
66656
66681
66683
66806
66809
66891
67031
67040
66977
66976
67085
67086
67032
67087
67144
67149
67148
67145
67146
67190
67191
67351
67350
67349
67407
67408
67409
67465
67464
67466
67462
67463
67518
67467
67624
67742
67743
67800
67801
67802
67875
67956
67899
67876
67954
68025
67955
68024
68022
68095
68162
68320
68321
68396
68324
68397
68399
68481
68479
68645
68647
68646
68643
68735
68644
68738
68926
68836
68835
68834
68925
68923
68921
68922
69137
69030
69264
69262
69387
69388
69263
69520
69522
69386
69518
46620
69523
69524
69517
69519
69809
69667
69806
69808
69940
70085
69941
69942
70084
70083
70378
70383
70381
70222
70223
70539
70724
70537
70538
70540
70721
70541
70726
70723
70727
70924
70954
70926
71116
71114
71117
71298
71300
71335
47991
71508
32833
71755
72280
48278
71752
71753
72276
71749
72281
72024
72278
72277
71997
72019
72022
72017
72023
72025
72021
72557
72834
72832
72833
73705
73172
74292
73523
73524
73526
74289
73527
73529
73893
