67
30327
72
74
75
77
76
83
82
84
85
86
87
90
91
96
97
99
98
102
103
107
128
129
130
131
133
132
137
136
140
141
145
144
161
167
330
178
177
332
180
179
116
117
186
185
189
190
191
192
194
996
195
196
201
202
203
204
210
219
220
245
30331
262
30333
30334
297
312
314
317
324
334
340
347
348
356
360
366
372
373
377
14
384
387
405
420
434
447
458
467
474
481
482
491
496
498
522
535
539
545
549
555
557
566
567
574
30312
601
603
604
605
606
607
619
623
629
30383
640
643
645
648
650
659
660
662
672
689
708
715
728
732
30398
737
741
757
761
30400
765
766
772
779
30401
800
814
825
15
835
843
846
859
194
996
195
196
201
202
203
204
210
219
220
245
30331
262
30333
30334
297
312
314
317
324
334
340
347
348
356
360
366
372
373
377
14
384
387
405
420
434
447
458
467
474
481
482
491
496
498
522
535
539
545
549
555
557
566
567
574
30312
601
603
604
605
606
607
619
623
629
30383
640
643
645
648
650
659
660
662
672
689
708
715
728
732
30398
737
741
757
761
30400
765
766
772
779
30401
800
814
825
15
835
843
846
859
860
861
881
916
926
30419
943
960
961
995
997
998
1001
1006
30428
1073
1074
1078
30443
30450
1104
30455
30457
1131
1139
1148
1152
1166
1177
1180
17
1201
1210
19
30486
1244
1247
30510
1257
1267
1270
1272
1280
1283
1285
1292
1306
1309
1319
1331
1332
1340
1350
1361
1377
1378
1383
1400
1401
1458
1465
1467
1468
1473
30554
1475
1476
1494
30559
1507
1510
1512
30564
1513
30566
1515
1521
1527
1528
1534
1536
30572
1555
1559
30578
1564
1575
1581
1585
1597
1600
1605
1609
1613
1615
30585
1619
1620
1622
1625
1626
1634
1676
1682
1686
1695
1701
1702
1705
1706
30599
1726
1762
1763
30617
30633
30635
30636
1837
1856
1865
1871
1878
1879
30656
1912
1915
1918
1919
30664
1929
30675
1937
30678
1954
1992
30701
2048
2049
2066
2089
2092
2094
2129
2138
2144
2149
30736
30737
2171
2175
2181
2184
2195
2197
2198
2205
2207
2210
30739
2214
2224
2235
2247
2249
2251
2256
30749
2259
2261
30755
2263
2267
30757
2271
2275
2276
2288
2299
2324
2328
30773
2401
2415
2459
2479
2482
2500
2501
2513
2514
2528
2539
2540
2560
2578
2583
2585
30808
2614
2615
2632
2633
30811
2646
2650
2660
2670
2672
30822
30832
30838
2702
2705
30842
30846
30847
2706
2712
2744
2745
2746
2828
2851
2859
2865
30914
30916
2881
2890
2922
30930
2924
2925
2927
2928
2936
2938
2954
2965
2966
30950
2997
30954
30955
30956
3004
3005
3025
3034
30966
30970
3055
3056
3059
3077
3085
3098
3105
3106
3108
3155
30996
3183
3293
3294
3295
3300
3314
3315
3322
3323
3330
31035
3366
3369
3377
3378
3389
3393
3400
3405
3413
31054
31055
3414
3415
3416
3418
3420
3421
3423
3425
3486
3521
3525
3528
3535
3536
3537
