309
532
17
18
1411
1730
1837
2230
30782
30783
2352
30784
2363
2364
2365
2366
30785
30786
30787
2367
2368
30788
2380
2498
2960
31037
31038
3383
31112
3820
3962
31187
5878
5892
6794
31810
6964
7316
7662
32020
32022
32023
32024
7663
7664
32025
7665
32027
7667
32028
32029
7668
7669
7671
7816
8031
9017
11548
11623
11829
11830
12195
12568
12569
33131
33132
33133
33136
12577
12579
12580
12581
12587
12590
33144
33317
13284
13606
13892
33464
33615
14885
14950
14951
14952
33655
14953
33656
15085
15207
33884
15924
33984
34078
16803
34218
17522
17536
20208
20226
21812
21853
35686
22536
22537
35688
22539
35689
22540
22541
35690
35691
22542
35692
22543
22544
35693
35694
22545
22546
35695
22547
35696
22548
23941
35999
23942
23943
36000
24197
24949
25028
25359
36468
25624
36469
36470
25625
25626
36471
25627
25629
25630
25631
36473
36472
36474
25632
25633
27257
