63525
63526
63529
63531
63537
63543
43336
63546
63550
63552
63558
63564
63568
28129
63585
63588
43349
63589
63592
63593
63596
63598
63610
63604
63615
63614
63625
43361
43365
63630
28137
43371
28139
63658
63659
63663
63669
43396
43405
43404
43407
63697
63707
43418
63718
63725
43430
43431
63733
63735
43436
28167
63744
63754
63753
63755
63761
28174
43453
28175
63778
63777
63780
43462
63804
63801
63799
28184
63806
63823
63824
43482
63835
43483
28190
28198
63852
63853
63857
63860
63871
43496
63885
43503
28211
43506
43508
63898
63914
63913
63915
63921
63924
63922
63937
63955
63954
63956
43385
63964
63962
43538
63972
63974
43549
63975
43540
63973
28238
43548
28248
43544
63977
63988
28249
43559
28256
64025
28260
28264
43581
64064
28272
28275
28274
28277
64071
43595
64095
64098
64102
43608
43616
43613
43623
43621
64138
28152
64136
64141
43627
28293
43630
64153
64154
64160
64163
64157
43639
64176
64172
43645
43647
43648
43646
64186
43658
43661
64217
43659
64207
64219
64237
43669
64242
43680
28329
43708
28330
43689
64267
43690
64274
64278
64281
64283
43702
43707
64305
64302
64304
43710
28363
43717
64327
28370
43722
28386
43746
64372
28389
64370
28400
43743
64399
64388
43747
43751
64407
28432
64424
28434
64438
43778
43782
28438
64454
64442
64455
64462
28445
28195
64469
28461
64486
28456
64489
64508
28479
64507
64516
43812
43813
64529
28207
28489
28507
43821
64542
43822
28500
43825
64563
28522
43824
64589
43831
64590
43833
43837
64611
43838
43842
43844
64600
28534
64629
28546
28542
64637
43855
43847
43860
28547
28551
43856
64652
43870
64665
28581
28583
43884
28572
64681
64678
43881
43883
64696
43886
28594
28594
64692
64707
64761
64754
64721
64751
43908
64736
43901
43389
28632
28624
64774
64788
28680
43909
64782
28669
64765
43920
64803
43924
43940
28700
28696
64794
28707
28720
28733
43935
64823
64846
64843
43953
43956
43947
28760
64840
43970
43969
64856
64862
64852
64874
64894
64889
28776
28789
44010
64908
64947
64917
43999
43998
44007
64928
44001
28801
44008
44034
44044
65000
65023
44078
65047
44056
44062
65016
44073
65035
44067
65064
28850
44071
28840
44097
65101
28832
28837
28843
44089
65107
44101
44103
65117
44093
44096
44120
44125
28860
65113
28854
65124
28858
65156
44126
65171
65119
28882
65139
65186
44145
65160
44141
28912
44148
28904
65211
44155
65207
65219
65247
44185
28926
65245
65265
65254
44200
65262
65269
44193
28939
65288
65319
44222
44225
28944
65305
64291
65374
28957
44271
65336
28970
44250
28964
44251
65365
44269
65369
65397
64383
44275
44267
65431
28977
65488
44278
44282
65444
65408
65413
65435
65503
65428
28997
29005
65440
65487
65470
65482
44322
44330
65497
44338
65527
29020
65538
44328
65528
44342
65643
29026
44340
44349
65562
29048
65552
29018
44360
65573
65610
44361
44373
29037
65586
65590
29065
44413
44369
65609
44388
65625
65659
44404
44396
44412
65767
65673
44444
29074
44439
65691
44433
65711
44436
65716
44425
44471
65718
65897
65745
65753
44465
65764
29104
44451
65758
44538
65776
65778
44461
65761
44476
65807
65783
65913
65788
65790
65808
29132
65802
44489
29122
44501
29128
44498
65878
44522
65843
44526
65837
65879
29151
65864
44545
44552
65983
44528
65855
29166
66005
44576
66018
65910
44635
44558
29179
65904
29171
44586
65901
29194
65920
65924
65938
65932
44590
44566
29187
29220
65972
65951
29215
44603
65969
65981
66072
29213
65996
29235
66006
66082
44623
65994
44629
66026
29206
44624
44655
44646
66022
66112
66052
66141
44634
66051
29244
66087
66085
44685
66127
44657
29240
44644
66069
29263
44649
66101
66133
29278
66147
29274
44677
29273
66168
29283
66184
29310
66159
44672
64829
66170
66272
29288
29303
66198
44808
66237
66237
66238
44760
29306
29409
44783
44738
66252
44723
66228
29356
66249
29321
66280
44739
66396
44781
29335
29339
66322
29358
44774
66310
44750
66356
29354
66355
66380
66546
29334
66546
29392
66313
66324
66329
66347
29367
66341
66549
66525
66389
66397
66411
29404
66400
29370
29380
29387
44861
66440
66447
44827
44845
29407
66408
44886
66471
44872
44806
66420
29402
29403
66449
29412
29415
44853
29417
44881
29426
66508
29460
66488
66479
29425
39948
66486
66501
66557
66489
44931
44899
29456
29476
44885
29500
22802
66529
44911
29458
44929
66574
44898
44927
29493
66562
66585
44907
66688
29480
66558
66594
44966
66611
44925
66595
66602
44930
29499
44948
66621
66619
44937
66663
66817
45008
66711
66685
29511
29506
29621
44960
66656
45007
66657
29581
66725
66706
29562
45024
29549
66700
44968
29554
66708
29566
66684
66815
29557
66709
29532
45010
45002
45006
66756
29615
66788
29597
29614
66757
66778
45004
45057
66778
29583
67196
66777
29620
66803
45036
66761
45109
45038
66811
29653
67066
29662
66879
29644
67001
66955
45108
29634
66864
45100
66889
45120
66891
45123
66942
66943
66961
66971
66917
45121
66893
29670
45177
45151
66973
45191
29680
66952
29710
66986
29720
45147
67040
66936
45126
45218
67021
45152
67005
67012
45142
29699
45192
45183
45133
45241
45133
67128
45162
45166
45128
45175
29697
45189
29693
67047
67051
67131
29734
29732
67026
45203
29743
45220
67087
67286
45251
67144
67110
45245
45214
67078
67109
29776
67122
45209
67122
45273
67149
29747
67170
45296
29809
45277
67151
45246
29804
29797
67224
29823
67257
67221
67222
29812
29759
67227
29909
45303
29835
67293
45275
67250
65371
45262
45306
45310
45310
67246
67322
68559
67270
45302
67315
67288
29854
67292
29819
67312
67300
45295
45322
29849
45323
29842
67314
67390
45362
67297
45332
45343
67346
45440
67392
67341
29858
67371
67392
67341
29858
29878
45341
29912
67506
67437
45456
45349
45401
67406
29877
67476
45350
45360
45451
45397
67610
45394
67413
67499
45375
67443
45392
67580
45444
67547
67803
45411
67660
45453
67515
45427
67518
45518
67513
29937
29936
29899
67546
45510
45512
45475
45503
45507
45555
67598
45470
30009
67575
29973
45553
30011
67632
67620
30018
30013
30042
67619
67642
67652
45554
67625
67658
45491
67624
68218
30008
30084
45528
45539
30053
30069
30079
67807
45544
67686
45627
45558
67886
67723
45593
30110
67675
67777
45595
67727
67742
67770
45641
67770
30076
45626
67778
67747
45601
67944
67752
30113
45619
45674
30083
67806
45600
67765
67810
30198
30121
45669
30131
30089
67835
68186
67838
67904
67802
67852
30180
45668
67852
45670
67848
67883
45660
68369
30264
67907
45657
30159
45698
67882
30181
30283
68027
45655
30196
45895
67890
67948
30274
30146
68042
67977
45754
30204
45739
45875
67949
30248
30255
68103
68021
45739
45875
67949
45759
68026
68116
30242
68060
68080
30220
45741
45830
45778
45813
30236
30254
68101
30224
30270
45822
30280
68007
30229
30276
68615
68294
30313
68106
68128
68144
45962
30286
68105
45803
68141
45827
68202
68208
45961
68187
45861
30268
68209
30370
68475
45809
30357
45918
30318
30392
30340
45855
45860
30309
68281
68278
68282
68278
30359
30328
30405
30350
45916
68256
68375
68341
46061
45882
30433
68790
30372
68378
45950
68328
68358
68638
30469
68409
68425
46013
68324
45954
30422
46019
30425
30437
45975
46021
45943
30420
68402
45966
46022
45974
68385
46053
46018
30385
45981
68803
46118
46028
68428
68555
68574
68423
30444
68545
30473
68491
46032
30413
23921
30419
68474
68603
30410
30470
68479
68590
30508
46121
68531
30455
68496
30406
46064
68498
46069
30590
46090
69101
30582
46040
46521
46063
68472
30628
68582
30525
68707
30527
46062
30506
68645
68646
30560
68691
68646
30560
30726
68682
30579
30521
68735
30567
46095
46295
46112
68657
30632
46130
68693
46143
30719
46111
30597
68716
30557
30681
68787
68789
46208
30625
30682
68676
68759
68759
46185
46210
46158
46310
68772
68836
30613
68818
68744
68866
46151
46155
46165
30571
30684
46188
46201
46256
46240
46184
30825
68717
68886
46241
46248
30661
68868
68874
68876
68868
68874
68876
46233
68823
68900
46246
30696
68947
46296
30733
30638
68982
46330
489
46362
30676
68973
68978
68931
46293
30667
30805
69133
68983
46360
69000
30871
68965
46376
68961
69073
46376
68929
46347
68998
69063
46354
46361
46448
30736
68914
68915
69029
30937
46604
30866
46365
30657
68995
69048
69300
30712
30851
46466
30776
46414
30804
69022
69112
30835
69232
69306
69405
46397
69299
69055
46420
46516
69006
69343
46465
31035
30793
30890
30817
69025
30761
30917
69038
30782
30783
69197
69205
69629
46471
30830
46402
46886
46415
46886
46415
69219
46582
46532
69138
69228
46499
69146
31019
69342
31044
31052
46579
69264
46531
30996
46487
46537
30941
69181
69247
69322
46671
69258
31034
46683
30910
69272
69144
69378
31018
46515
46670
69409
46686
69462
31022
46559
46672
46524
46679
46541
31089
69262
31117
69361
69531
31260
46735
30994
69358
69457
69458
30920
30999
69244
46557
46558
23107
69460
46601
46557
46558
70038
30987
69354
46753
69461
46703
69398
46610
69450
46591
46685
31193
69369
31146
69608
46761
69613
30943
46762
69622
46629
46775
46863
69518
31237
46643
46629
46775
46863
69518
46867
69591
46654
46743
46661
46664
69530
31262
69572
69648
31140
69528
69605
31151
46712
31091
69506
46720
30982
69508
46780
31110
69744
31190
69523
31159
69523
31159
69532
69735
69879
69603
46745
31243
69692
31208
31097
31224
69739
69740
31114
69669
31285
31167
69820
31181
70048
31188
31284
69725
69818
46738
46797
31470
69838
69897
46797
31470
69838
69897
46811
46870
46830
46835
46914
31234
31280
31324
31325
46959
69899
46856
31283
46962
69856
31218
46921
69643
70057
48433
31247
69815
47153
31547
69859
46840
