63530
63549
63556
63570
63579
63577
63585
63646
63657
63692
63695
63764
43462
28185
63878
63886
63897
63905
63928
63957
63986
64023
64026
64092
64046
64039
64073
64093
64235
64255
64309
64334
64500
64525
64591
64726
28633
64748
64816
64826
43985
64984
65014
65079
65101
65112
65090
65111
65131
65184
65203
44181
65323
65365
65465
65479
65459
101336
44450
65742
65807
24164
65910
66109
29351
66317
66316
66355
66340
66339
29382
66623
66756
66823
66896
67042
67094
67095
29767
67157
24226
67293
45468
67637
67760
68046
68336
46187
46125
68762
68754
68723
68947
69164
69169
69170
47134
69686
69829
70107
70108
70757
70569
70763
32590
71334
71549
24135
71275
71346
71540
71550
32876
72061
25386
72337
24141
72330
72329
72331
24147
72908
73242
24199
33623
24266
73590
24151
24254
74352
50745
24172
24161
75215
24210
27952
24218
24174
50836
24231
24178
24184
24176
24247
24143
24159
24170
24155
24186
24168
24227
24235
24252
24256
24194
24243
24229
26297
24279
24203
24250
24182
24205
24222
24237
24233
24207
24258
21905
24264
24145
24209
24273
24267
24275
24157
24190
24212
24277
79099
24188
24224
24196
101426
24214
24245
24220
24269
24192
24163
24166
24241
24271
24180
81197
24260
24216
24262
24153
24202
39807
24149
24239
85925
101459
88330
87547
94925
