102
103
149
158
159
168
169
170
171
172
181
182
183
184
204
203
216
215
223
224
225
222
226
227
228
229
363
367
368
369
375
385
528
608
993
994
1849
30651
2430
2586
2589
2590
2621
2636
30833
2682
2696
2997
3019
3021
3022
23
3873
3931
4547
29
5789
31523
31554
6071
6183
6184
6211
6212
6260
6344
6491
6780
7334
7846
8062
8074
8398
32194
8698
8949
8950
8967
8968
8988
9046
9466
9579
32526
10094
42
10173
11962
12018
12052
12082
12102
12108
12115
12122
12127
12128
12335
12372
12692
12960
12961
12962
12963
12970
12971
12972
12973
12975
12976
12977
12978
13109
13110
13218
13669
13960
13999
14330
15006
15191
49
15197
15958
16130
16156
16385
16668
16692
16693
16694
16695
16696
16698
16699
16700
16702
16703
34125
17899
34467
18063
18162
18328
18329
18373
18374
18375
34680
19124
3022
23
3873
3931
4547
29
5789
31523
31554
6071
6183
6184
6211
6212
6260
6344
6491
6780
7334
7846
8062
8074
8398
32194
8698
8949
8950
8967
8968
8988
9046
9466
9579
32526
10094
42
10173
11962
12018
12052
12082
12102
12108
12115
12122
12127
12128
12335
12372
12692
12960
12961
12962
12963
12970
12971
12972
12973
12975
12976
12977
12978
13109
13110
13218
13669
13960
13999
14330
15006
15191
49
15197
15958
16130
16156
16385
16668
16692
16693
16694
16695
16696
16698
16699
16700
16702
16703
34125
17899
34467
18063
18162
18328
18329
18373
18374
18375
34680
19124
19375
19389
19492
19606
19641
19642
19916
35040
20318
20396
35074
20479
20812
21098
21167
35314
21297
21446
22633
22654
22657
22694
23031
52
23058
23059
23067
23074
53
23079
23080
23082
23090
23091
23281
23804
23805
36131
24576
25305
63
26983
