63546
28127
63566
28142
43387
28161
63778
63790
28188
63812
28208
63878
28236
63995
63997
64015
28261
43579
28265
43581
43609
64111
28284
43638
28308
64306
28351
28362
64397
28381
28401
43766
28438
63634
43795
64546
28493
64573
28534
28560
43870
43884
43890
64696
43900
28600
64739
43918
64803
28700
28697
64842
64890
28789
43408
44042
44059
44062
65081
44121
28893
44162
28897
65196
44212
28940
44234
44258
28970
65352
28984
64383
44281
44302
65618
44330
44382
65690
44414
65695
65725
44426
65782
29112
44537
29134
44494
44521
29161
44560
44587
44579
44591
65938
44621
65967
44607
65981
65991
66049
29250
44649
44660
29280
29303
44760
44745
66292
66300
44795
66346
66495
44800
66513
66389
29416
66451
66454
29435
66494
44946
44923
44929
29452
44890
44987
29578
45019
29571
45059
29612
66931
45146
29671
45174
67012
45208
45220
29760
45250
45255
29823
45303
29818
45275
67397
29869
67496
67555
45518
29971
29981
30010
30091
45623
30110
67770
30122
30156
30182
45683
67953
30196
45754
68064
68076
45787
45813
68119
30347
30269
30320
30391
45938
46023
45919
30380
68355
30378
46070
30463
30472
46012
46031
68586
30552
46199
30679
46123
30544
30620
46294
68819
46198
46233
46244
30824
46304
30606
30820
30677
30812
46322
68977
46270
69053
69104
30692
30735
30784
30784
46465
69168
46612
69226
30786
69219
30898
30935
46468
46624
30905
30849
46683
46542
46613
31067
46689
31003
46784
46785
69612
46780
46783
46650
31269
31169
31057
69687
31207
46779
31074
31469
31147
46972
70077
46875
31320
31345
69858
33384
69794
31322
47047
46976
46899
31539
17807
70075
70149
47072
70063
47240
47078
47396
70150
47169
31507
70214
70329
47381
47394
47489
70326
47160
47660
70210
47367
31649
31735
15840
31551
47274
31921
31888
70623
47237
47635
31862
31788
75275
47480
31680
32011
32041
47347
70682
47352
70693
31858
