70
71
72
80
81
89
88
108
109
123
122
187
247
256
387
400
437
452
522
539
895
915
930
999
1000
30443
1137
1162
1180
1630
1762
1763
2044
2251
2259
2389
2401
2479
2808
2862
2911
2912
2938
2996
3063
3117
3158
3702
3703
3704
3794
3826
3855
3964
4021
4066
4067
4086
4146
4226
31282
4727
4783
31366
5398
31416
5421
5428
5429
5433
5521
5795
5815
31524
31525
5817
5819
5959
5960
6029
6168
6204
6223
6237
31711
6591
6605
6737
6798
31836
7288
7316
7317
7627
8110
8112
8113
8114
8115
8191
8219
8258
8259
8276
8300
8446
8544
8545
9114
9369
9423
9725
9782
9825
9851
9852
9853
9854
9856
9868
9874
9875
9885
9886
9977
10144
32581
10293
10342
10418
32646
32724
32727
32728
30315
11451
33014
11965
11970
33024
12015
12078
12087
12116
12120
12125
33040
12162
12194
33102
