43333
43337
43339
43340
63563
63567
43343
43344
43348
43349
43350
43351
63591
43354
43355
43357
43358
63613
63618
43362
43361
63624
43367
43366
43368
43369
63636
63650
43370
43373
43371
43378
43379
63654
43381
43383
43384
43387
43386
43388
43390
43391
43393
43401
63686
43406
43407
63696
63698
43411
63704
63705
43414
43415
43416
43420
43419
63713
43421
43423
43424
43426
28165
63729
63732
63733
63738
63734
63736
43434
43435
63737
63741
63744
43438
43441
43447
63760
43453
63765
63777
63780
43455
43458
63791
43461
43460
63797
63800
43464
63801
63802
28183
43468
63806
63807
43475
43474
43477
63836
63835
43483
63838
43484
43488
28192
63852
63858
63855
63867
63861
43492
63871
43497
63885
43503
63887
43507
43506
43509
63906
43511
63909
63918
63923
43573
43518
43516
63933
63932
43524
63939
63943
43525
63949
63954
43385
63964
63962
43536
63965
63968
63974
43539
63985
63988
63981
43550
43545
63989
63992
43555
43557
43554
43556
43559
43558
43563
64010
43580
43571
64028
43576
64040
43577
64048
43585
43584
43586
43582
64055
64064
43588
64065
64077
64088
43603
64084
64087
64104
64114
43612
64112
43613
64119
64124
43623
64129
43621
64137
64140
64139
64148
43630
64159
64154
64165
43640
64167
64173
64164
28305
43654
43643
64182
43646
64194
43655
64203
28315
24418
64198
43659
43665
43662
64214
43667
43673
64248
43669
43672
64240
28331
43681
64258
28328
64267
43686
43691
43693
64300
64281
43700
43697
43701
64293
43699
43704
64292
64303
43706
43711
28357
43712
64317
43710
64320
64345
43726
28387
43724
64349
64364
64354
64360
43729
43734
43728
43737
43736
43741
43745
64374
64472
43743
43744
43748
25620
43747
43750
43758
43755
43754
43756
28415
43757
43759
64411
43763
64414
28423
28419
64417
64428
43770
43772
43775
64459
43776
64437
18860
28439
43780
64446
64441
64445
43787
43791
28462
43790
