45053
45174
45098
45117
45144
45241
45243
45202
45239
45203
45244
45296
45240
45242
45293
45294
45292
45295
45351
45353
45349
45350
45424
45399
45461
45503
45504
45546
45618
45619
45665
45617
45737
45664
45703
45775
45736
45776
45847
45849
45810
45848
45809
45811
45846
45903
45904
45905
45957
45958
45959
46010
46012
46115
46056
46057
46059
46113
46116
46175
46172
46174
46233
46235
46232
46234
46359
46291
46355
46357
46358
46292
46354
46356
46439
46438
46508
46509
46504
46505
46507
46511
46587
46510
46749
46740
46656
46657
46654
46743
46743
46744
46652
46741
46658
46660
46659
46745
46742
46746
46747
46748
46830
46939
46831
46829
46832
47221
46940
47222
46827
46938
47128
47219
47220
47126
47127
47027
47029
47032
47028
47033
47223
47034
47218
47232
47231
47224
47228
47229
47230
47227
47233
47225
47343
47581
47344
47345
47346
47347
47348
47342
47350
47587
47349
47580
47585
47462
47589
47457
47458
47584
47731
47463
47464
47730
47460
47461
47588
47738
47735
47733
47736
47734
47590
47586
47893
47737
48049
47891
47895
47890
47883
47894
48048
47892
47886
47887
48200
47884
47889
47884
48193
48195
48201
48197
48199
48198
48203
48207
49168
48205
48368
48365
48357
48358
48360
48363
48367
48362
48366
48361
48369
48364
48356
48541
48548
48545
49154
48542
48549
48543
48727
48728
48729
48547
49405
48730
48722
48724
49176
49169
48933
51917
49155
49160
48931
48932
48929
48934
49152
49399
49174
49177
49151
49166
49159
49162
49170
49163
49166
49159
49173
49164
49408
49156
18466
49397
49409
49406
49165
49167
49396
49401
49403
49407
49411
49679
49410
49402
49680
49398
49681
49400
49677
49666
49682
49676
49668
49672
49678
49667
49669
49960
49665
49956
49963
49959
21697
49952
49953
49968
51033
49966
49954
50643
50300
49967
49957
49958
50287
50298
50297
50291
50305
50299
50301
50292
50303
50294
50304
50295
50286
50288
50289
50647
50648
50632
51031
50635
50651
50638
50640
50634
50642
50652
50630
50631
50639
50641
50650
50628
50636
50644
50629
50637
50645
50633
50649
51929
50646
11792
21699
51915
51028
51036
51014
51015
51025
51017
11782
51024
51037
51039
51018
11796
51019
51013
11790
51038
51026
51021
51035
51022
51020
51469
51463
51464
11798
51925
51478
51481
51925
51457
51491
51468
51493
51459
51483
51923
51486
51462
51473
51488
51474
51489
51475
51490
51928
51458
51479
51930
11783
51460
51470
51461
51472
51911
51926
51927
51910
51924
51914
51918
51906
51922
52385
51932
52391
51907
52388
52383
52386
52398
52401
101427
52404
52407
52397
52408
52399
52402
52392
52393
52406
52994
52387
52372
52390
52382
52381
52981
52384
52376
52986
52996
52378
11788
52980
52991
52375
52995
52370
52371
52373
52396
53023
52998
52379
52992
52374
52993
52377
52989
53001
53007
52983
52987
53012
52979
53007
53021
53626
52988
53017
53638
53022
14937
53014
53620
53008
52984
53009
53010
53024
18468
53016
53598
53634
52982
53019
53625
53641
53627
53643
53630
53600
53635
53622
53606
53594
53610
53629
53645
53599
53619
53622
53606
53618
53647
11794
53639
53605
28074
11781
11746
11785
61340
