63629
43369
43381
43390
63676
63686
63710
43435
28171
28178
43463
14693
63794
43460
43479
63838
63858
28215
63889
63916
63918
63998
28252
64036
64037
43587
43626
64148
64202
64189
64179
43645
63723
64193
28327
64233
28333
43698
64311
43701
64293
64349
64362
64373
43745
43750
43763
28419
64451
64454
64465
64468
64477
28463
64534
64546
64588
64591
64603
28545
64639
64645
64663
28589
43872
28571
64682
64707
43898
64755
64815
43960
65080
64871
43976
28785
64934
64957
44020
64986
28833
44066
65071
44090
65140
65103
65099
65541
65143
14758
65174
28911
44188
44196
65280
44230
65390
44262
65409
28975
65936
65447
65451
29001
65636
65494
65529
65495
65573
65679
65598
65576
29080
65607
65632
44400
65675
22767
4700
65774
29099
44497
65792
44479
65808
29150
65825
29136
44500
674
44577
65942
44605
65987
66017
65993
44630
29249
44615
44631
66120
66178
66188
66181
66213
29300
29305
64779
44773
29319
44694
29299
66265
66321
66228
66267
66356
29365
66332
44790
66351
29352
44836
44827
66510
66535
66434
44874
56
66541
66555
66601
44927
66579
66599
44940
44955
44975
45073
44980
44981
66826
66837
29589
66894
29628
66862
29652
29638
66883
66895
66933
45091
45191
67075
67092
67155
45406
29754
67181
45297
67254
67217
67237
67197
29777
29815
67281
67336
29799
29837
45292
29845
29917
67366
67372
67369
67373
67377
71343
67446
67530
67442
67456
29922
67538
67576
22
67599
29957
67584
45488
18072
67619
30058
30103
17148
30034
45602
67720
45681
67785
30137
30273
30150
67858
67844
67885
22762
67936
30221
67925
25414
30332
45728
67931
68049
68065
30285
45831
45796
68109
68126
68133
45801
68302
68238
30335
68364
68270
68354
30529
66061
45883
68269
30704
68388
68422
30517
30635
68593
30497
46042
68510
68459
68472
68486
30510
46192
46222
68626
30520
68694
68702
30588
46169
30648
46255
30613
30903
