821
981
982
30433
1063
1061
30435
1089
1109
1158
30469
30470
30608
30609
1761
1768
1769
30618
1943
2865
2894
2946
2947
3035
3176
3179
3181
3182
3195
3196
3202
3223
3226
3228
3235
3244
3245
3246
31061
4012
31194
4352
4432
4446
4449
4558
4720
4737
4932
4983
5068
5073
5099
5116
5118
5142
5699
31562
31636
6485
6928
31996
31995
7941
8130
8131
8132
8133
8134
8135
8136
8137
8138
8139
8140
8141
8142
8143
8144
8145
8146
8147
8148
8149
32120
8369
8389
8438
9478
9595
10230
10364
10448
10506
10598
10698
10728
10871
10881
11105
11223
11242
11370
11409
11442
11914
12140
12315
12814
13123
13600
13694
33492
14332
14467
14468
14478
14500
14577
14603
15123
15556
33849
16457
16680
16756
16819
16952
16973
17023
17410
34295
17475
17753
17948
34531
18243
18465
18797
18798
18799
18849
18958
19067
19104
19335
34840
34895
19754
19763
5068
5073
5099
5116
5118
5142
5699
31562
31636
6485
6928
31996
31995
7941
8130
8131
8132
8133
8134
8135
8136
8137
8138
8139
8140
8141
8142
8143
8144
8145
8146
8147
8148
8149
32120
8369
8389
8438
9478
9595
10230
10364
10448
10506
10598
10698
10728
10871
10881
11105
11223
11242
11370
11409
11442
11914
12140
12315
12814
13123
13600
13694
33492
14332
14467
14468
14478
14500
14577
14603
15123
15556
33849
16457
16680
16756
16819
16952
16973
17023
17410
34295
17475
17753
17948
34531
18243
18465
18797
18798
18799
18849
18958
19067
19104
19335
34840
34895
19754
19763
19803
19943
19946
19974
20148
20246
20390
20430
20566
20567
20862
20893
21033
21121
35285
35295
21473
21601
21622
21639
22159
22179
22534
22562
22795
35741
35742
23479
23645
23753
23754
35960
23758
36091
24441
24446
24447
24448
24449
24461
36214
24568
36218
24924
25129
36360
25233
36382
36383
36384
36385
36386
36387
25248
25342
25378
25862
25872
25877
25968
26052
26241
26301
26413
26463
26495
26523
26570
26640
26874
26889
26909
26921
26972
27091
27107
27193
27197
27198
27457
36933
37003
37205
28771
37298
29009
37383
37763
