64543
66018
66344
66513
67238
67142
68559
67460
67943
67620
67944
68017
68474
68828
68916
69378
69661
27441
70075
70371
70531
70711
70907
70906
71289
71736
72002
73873
72263
74269
73148
73875
72813
72812
73508
73146
73150
73507
73506
73509
73872
73870
27474
27413
76129
27439
27401
27449
76689
76690
77360
77359
27403
27443
27437
27405
27425
27415
27419
27473
27423
27431
27407
27411
27429
78890
27417
27427
78892
27447
27476
78891
79794
79796
79791
78894
27409
79795
79792
79793
27435
27477
27445
80883
82188
27471
27421
82197
83692
83694
83696
83698
83693
27433
85529
85538
87730
87732
87727
90633
90622
90626
90628
94356
94358
94348
