64543
66018
66344
66513
67238
67142
68559
67460
67943
67620
30170
67944
68017
68474
68828
68916
69378
69661
70075
27441
70371
31777
70711
70907
70906
71289
72002
73873
72263
74269
73875
72813
72812
73508
73146
73150
73507
73872
73506
73870
27474
27413
76129
76689
27401
27439
76690
27449
77360
77359
27403
27437
27443
27415
27419
27405
27473
27425
27431
27423
27114
27429
27407
27411
78890
27417
79025
78892
27447
79244
27427
27115
78891
79794
27476
79796
79791
78894
27409
79795
79792
79793
27435
27445
80883
27477
82188
27471
27421
82197
83696
82197
83692
83698
83693
85529
27433
85538
87730
87732
87727
87707
87719
90633
90622
90626
90628
94540
94317
94417
94348
94356
94358
