563
600
645
667
739
760
807
815
829
837
846
30411
848
854
855
859
864
908
1014
1055
30432
30433
1063
1061
1064
1067
1070
30435
1089
30446
30451
1109
30452
1112
1125
1142
1144
1145
1146
1147
1154
1160
1161
1163
1165
1172
30469
30470
30472
1189
1190
1193
1250
1251
1255
1256
1277
1311
30516
30517
1443
1466
1470
30561
1509
1514
1519
1546
30572
1574
1588
1620
1626
1633
1666
1673
1691
1737
1738
1746
1747
30613
1769
1878
1902
1924
1939
1950
1955
1957
1961
1963
1986
1988
1994
2030
30702
2046
30712
2074
2078
2089
2090
2096
2126
2133
2157
2210
2227
2232
2233
2234
2235
2282
2283
2285
2287
2290
2291
2292
2293
2295
2296
2298
2300
2301
2303
2304
2306
2309
2311
2313
2315
2316
30768
2342
30791
2473
2475
2480
2481
2531
2698
2699
2711
2759
30897
30903
2841
2848
