14983
15026
14975
14957
15660
15046
14969
14959
14979
15022
847
14973
15659
15090
14961
14967
15661
17033
15085
16128
15657
15072
14981
17032
15048
15656
15079
26997
15050
15032
15653
14963
15100
15024
14971
15088
901
15257
15288
15537
15255
14985
15040
15104
15294
15034
20576
19513
20408
15038
71285
15538
15106
15036
23321
15074
16136
15076
15081
21475
71101
15030
15102
15259
15283
72258
15098
15652
15070
20409
15263
15094
20410
15290
15250
20414
15252
20411
15292
15092
15251
15286
20413
20412
15083
80867
15658
15236
15285
15268
82172
15282
85493
83670
85492
85498
94309
