22440
63533
25363
16956
63540
63544
63552
43340
63568
63573
63575
43345
63580
43347
43352
63584
63587
63590
63594
63599
63613
63626
63627
63629
63631
43369
63633
63635
63637
43371
63656
63648
63653
63661
43390
63663
63666
63671
63674
63673
63677
63678
17142
63685
28149
43412
63688
63694
63701
63702
63705
18814
43415
63716
63718
28160
28165
63732
63736
63738
63746
63582
63747
63749
63752
28171
63756
43447
28174
43463
63777
20840
43456
63783
63785
43461
43460
63795
63803
63798
63802
21886
43470
63823
63815
63817
43475
63822
28185
43479
63831
63834
43483
63838
63847
43488
43490
63858
63863
43493
63869
63873
43495
28221
63900
43497
63882
28215
15019
63886
63889
63887
63893
63907
63920
63916
63925
43573
63926
63937
63933
63942
63994
43523
63948
63946
63952
28234
43385
43532
63959
63963
63966
63969
63972
63982
63984
43544
63977
43546
63983
63986
63987
63989
63992
63993
63998
64000
43554
43556
28252
20594
64006
64020
64042
28257
28259
43575
64034
64036
64037
43587
64038
64046
64043
64054
64060
64066
64078
28279
43603
64094
64093
43600
64116
64105
28282
64109
64110
64103
64119
28286
64130
64135
21650
64132
43627
64148
64154
64149
28294
64168
43642
64181
28299
64202
64189
64164
64187
43649
43653
64191
64192
64193
64196
64198
64210
28320
64216
28319
43659
64238
64225
28327
64223
64235
28323
64233
43679
28333
64258
28334
64285
28335
43730
64284
43698
43700
64311
43701
64293
28343
43699
43704
28353
64318
28355
64315
64325
43721
64328
28368
64358
64340
64342
64345
64349
64359
64355
28390
64362
64668
43729
43734
64366
64373
43745
64374
43748
64379
64399
28398
64386
64391
64389
28402
43750
43762
64410
43755
43754
43767
28416
28417
64435
28423
64415
28419
64421
28424
43770
43771
64430
64436
64450
43785
64451
28444
64453
64441
28449
43787
64457
28448
64468
28451
28462
43790
64475
64480
