30433
1250
1615
2124
2312
2473
2826
3174
3686
3687
3688
3689
3690
3691
3736
3737
3990
4000
31161
31162
31226
4218
4415
31278
5869
6276
31651
6401
6969
7272
7626
7640
7672
7676
7677
7679
7680
7684
7685
7687
7689
7703
7707
7717
7742
7763
7768
32061
7958
7959
8082
8160
8659
9214
9277
9404
32404
9477
32405
9549
9562
9657
10157
10223
10369
10429
32602
10472
32638
32639
10709
10823
10959
11233
11236
11467
11733
11877
11913
12208
13460
13481
13600
13875
14193
14202
14212
33542
14939
15174
15445
15705
15855
16009
16136
16215
34487
34488
34489
34491
34492
34493
34494
34495
34496
34497
34498
34499
34502
34503
34504
34505
34506
18418
18626
18776
19241
19312
34839
19754
35071
35072
20747
35180
35222
35283
21503
21587
35467
35520
35524
35525
35526
22983
23246
23257
36215
24625
36255
24806
24825
24847
25192
25379
25410
25464
25830
36558
25864
25866
