30332
325
327
328
30537
1918
1922
2085
2115
2482
2483
30797
30867
30931
2944
3174
3178
3774
3784
3785
31169
31168
31215
4215
31260
4346
4361
4483
4484
4485
5193
5194
5385
31405
5420
31449
5766
5767
5777
31556
6015
6133
6276
6287
6821
6977
7066
7067
32007
7660
7701
7738
8821
8822
8823
8824
8825
8826
8827
8828
8829
8830
8831
8832
9050
9051
9052
9053
32376
32404
9477
9480
9481
9482
9483
9484
9485
9486
9487
9488
9550
9561
9562
32580
10493
10665
11523
11525
11550
11551
11552
11553
11554
11555
11556
11602
11615
11672
11674
11675
11676
11677
11678
11679
11680
11681
11688
11706
11753
11754
11755
11756
11757
11760
11784
32967
32978
11841
11845
11899
12259
12260
12261
33096
12556
33212
13118
13175
13257
13271
13272
14619
33621
33627
33626
33625
15206
16014
16015
16340
34004
16344
34106
34130
34131
17028
34334
17603
34349
17651
7701
7738
8821
8822
8823
8824
8825
8826
8827
8828
8829
8830
8831
8832
9050
9051
9052
9053
32376
32404
9477
9480
9481
9482
9483
9484
9485
9486
9487
9488
9550
9561
9562
32580
10493
10665
11523
11525
11550
11551
11552
11553
11554
11555
11556
11602
11615
11672
11674
11675
11676
11677
11678
11679
11680
11681
11688
11706
11753
11754
11755
11756
11757
11760
11784
32967
32978
11841
11845
11899
12259
12260
12261
33096
12556
33212
13118
13175
13257
13271
13272
14619
33621
33627
33626
33625
15206
16014
16015
16340
34004
16344
34106
34130
34131
17028
34334
17603
34349
17651
34401
34408
34435
34487
34488
34489
34491
34492
18105
18106
18107
18108
18109
18110
18111
18112
18113
18114
18115
18116
18117
18118
18119
18120
18121
18122
18123
18124
18125
18126
18128
34503
18129
18130
18131
18132
18133
18308
34547
34596
18761
18908
34832
34931
19742
19833
19895
34985
34988
20032
20036
35085
20497
35125
20764
20911
20963
20964
20965
20966
20967
35371
35378
21837
21904
22073
22102
22103
35741
35742
22952
22987
23009
23010
23035
23146
35820
35821
23336
23354
23688
23939
24185
24479
36300
24968
24969
24970
36397
25431
25972
27173
27174
27175
27178
27182
27183
27188
27189
27190
27233
36756
36759
36803
27508
36969
37089
