111
101
112
113
135
355
425
426
541
635
933
1077
1101
1162
30471
1345
1373
1374
1871
1912
2059
2251
2277
30759
2452
2723
2811
2812
30901
30902
2902
3017
3289
3292
3296
3298
3307
3424
3703
31106
3855
31133
31159
4023
4024
31195
4259
4344
4547
4664
4697
4918
30
5308
5559
5738
5797
5798
5800
5801
5821
5823
5889
5896
5911
5922
5923
5924
5933
5934
5935
6010
6097
31587
6149
6157
6179
6180
6217
6254
6356
6426
6661
6714
6800
7055
7183
7238
7289
31972
7356
7437
7525
7527
7599
7706
7967
8202
32140
32141
8335
8370
8680
32246
8722
8736
32323
40
9382
9385
9386
9423
9567
9571
9593
9695
9903
9938
10080
10094
10144
10156
10958
11751
11912
12021
12037
12074
12127
12128
12139
12153
12154
12236
12263
12400
12593
12706
13208
13292
33349
33350
13407
13502
13504
13681
33470
14031
14047
14136
