28129
28142
17142
28188
28209
28243
28329
28351
28357
20459
28554
28229
28741
28774
28821
28800
28809
28817
28830
28868
28869
28915
28920
28931
28955
28954
28968
28997
28987
29012
29038
29041
29037
29068
29076
29109
29101
29100
29137
29139
29172
29173
29249
29362
29378
29401
29400
29452
29475
29474
29507
29506
29549
29609
29590
29633
29715
29713
29693
29716
29718
29806
29758
29783
29805
29808
29927
29898
29897
29899
29926
29961
30075
30037
30038
30076
30118
30183
30264
30185
30223
30265
30307
30306
30187
30224
30222
30305
30337
30340
30339
30375
30373
30408
30448
30498
30497
30409
30496
19717
30495
30550
30551
30608
30549
16308
30606
30656
30655
30654
30975
30716
30715
30770
30974
30843
30769
30979
30910
30840
30842
16923
30912
31064
30977
30978
31138
30976
31137
31388
31217
31216
31218
31219
31298
31295
17807
31387
21473
31607
31296
31602
31494
31596
31610
31845
31611
31608
31600
31605
31599
31603
31837
32234
32089
31846
31840
31710
31839
31711
31831
31844
32233
31950
31706
31838
31947
16086
32078
31948
31843
31946
31832
31833
32235
18009
31707
31836
14719
31945
31949
32231
32079
32082
32084
31951
24907
32237
32404
32080
32239
32230
32402
32240
32400
32399
32241
32232
32405
32577
32725
32918
32572
32578
32576
32722
32579
32571
32723
32726
32915
33327
33105
32720
32912
19801
33329
33333
33110
33103
32913
33113
33107
33108
33111
33112
33571
17883
33570
33576
33575
33577
25705
33567
18658
34079
33574
17875
33569
34072
33566
33568
34075
34953
34068
23074
33798
33806
34078
34077
34635
16137
33811
34336
33805
34643
34073
34074
26745
34334
34645
34342
34648
16311
22625
34332
34626
26030
34338
23098
19922
34646
34335
34340
34647
19696
34633
35275
34327
35644
34634
34644
34637
34629
34640
34630
34642
34339
35635
34638
26139
37405
26017
35280
15341
20031
34959
35267
34956
35642
