28176
28275
28339
28355
28369
28389
28875
28884
28921
28940
28951
28956
29028
29042
29174
29195
29287
29320
29332
29694
29719
29784
29869
29963
29962
29996
30078
30077
30120
30150
30227
30378
30453
30411
30410
30554
30552
30719
30611
30612
30609
30610
30659
30773
30778
30657
30718
30776
30914
30772
30774
30850
30849
30848
25268
31065
30982
31299
31614
31389
31390
31496
31613
31847
31495
31712
18409
31713
31849
31851
31952
31848
31850
32094
32244
32093
32091
32095
32409
32411
32408
32243
32242
20039
32412
32413
32410
32581
32582
32922
32731
32923
33114
32920
32729
33117
33116
33118
33342
33580
33341
33338
33581
34085
34083
23068
34088
34084
33816
34346
33814
33815
34649
34656
34655
35298
35297
34344
19692
26817
35301
34347
34345
35302
35295
36056
35300
25266
34966
34961
35299
28067
34964
35673
34965
36058
35292
36061
35672
36055
35671
36053
35666
35669
35665
25981
26728
26657
36484
18464
35670
26163
36474
36050
36482
36488
36480
36483
19744
36481
18854
36485
17914
36489
25970
16929
26908
26787
26689
36943
36954
25228
26705
20027
37449
37452
26819
27909
36946
37454
36946
36953
39312
37450
36949
39314
38614
38615
20453
38611
20441
26067
38682
24967
25038
26832
37989
37451
39320
37983
37985
22232
27945
38617
38619
37986
37988
23078
26124
18825
18825
18054
40104
40100
40105
24871
22963
18174
39324
22570
41028
22543
41029
28038
41033
41037
40106
40094
40098
41983
41986
41982
41985
41976
41978
42841
42840
42839
42837
42842
