68
30339
335
30464
30879
30880
30881
30883
30885
30884
30886
30887
30888
30889
30890
30892
30891
30893
3320
3570
4236
5518
33
31607
31608
31897
31898
7076
7083
31900
31901
7111
7116
31903
31904
31905
7119
7123
7124
7129
31906
7131
31907
7133
31929
38
9071
9353
12131
12482
33109
33110
33111
33112
33113
33114
33116
33117
12501
33118
12508
33120
33121
33122
12517
12740
12890
12894
33229
13592
13629
15098
33718
34469
21390
35452
22744
36318
36414
36415
36416
36417
36418
36419
33109
33110
33111
33112
33113
33114
33116
33117
12501
33118
12508
33120
33121
33122
12517
12740
12890
12894
33229
13592
13629
15098
33718
34469
21390
35452
22744
36318
36414
36415
36416
36417
36418
36419
