30339
1307
30879
30880
30881
30883
30885
30884
30886
30887
30888
30889
30890
30892
30891
30893
2884
31046
31047
31048
31049
31050
31051
31052
31053
3699
5513
5514
5515
5518
5528
5531
31607
31608
31897
31898
7076
31900
31901
7111
7116
31903
31904
31905
7123
7124
7129
31906
7131
31907
7133
31929
32101
8104
32175
32176
9515
10030
33045
33047
12482
33109
33110
33111
33112
12488
33113
33114
33116
12496
33117
12501
33118
12508
12511
33119
33120
33121
33122
12517
12740
12890
12894
33229
13240
13353
13922
33470
33501
33716
15090
15098
33718
33742
33810
33811
15678
15695
33946
34454
34512
34521
34522
34523
34524
34525
35108
20543
35189
21109
35853
36009
24124
24217
36159
24983
36318
36414
36415
36416
36417
36418
36419
25703
26155
36704
