68
69
73
90
91
121
120
130
131
132
133
145
144
161
117
179
180
116
196
195
210
373
1288
1422
1521
1882
30678
2059
2171
2181
2200
2401
30800
30829
30834
3015
3699
31133
4396
27
4860
5396
5504
5518
31531
5905
5948
6135
31608
6186
6199
6543
6736
6777
6889
7003
7034
7070
7076
7079
7081
7083
31900
7109
7111
7116
31904
7119
7122
7123
7124
7129
31906
7130
7131
7133
31929
7284
7342
7697
32033
7706
7950
32087
32160
8381
8619
32240
8787
8908
8939
8940
8955
9012
9054
9055
9058
9059
9107
9159
9167
9376
32430
32456
32543
32565
12309
12482
33109
33110
12488
12496
33117
12501
12508
12511
33119
33120
33121
12517
12644
12740
47
12887
12890
12894
13032
33287
33301
13690
13691
13759
13902
13922
14140
33515
33516
33629
14770
33656
14953
15026
15098
33718
33742
15248
15266
15386
33798
15438
