73
89
88
90
91
100
101
120
121
130
131
132
133
161
162
163
116
117
179
180
195
196
210
244
255
30339
30346
314
373
395
396
469
30358
478
501
550
577
606
618
624
625
627
628
652
30388
671
676
706
709
710
733
767
770
781
787
792
823
922
923
949
962
1006
1023
1057
1135
1136
30464
1259
1260
1286
1291
1295
1306
1317
30518
1390
1392
1449
1453
30551
30553
30558
1500
1502
1530
1533
1565
1567
1578
1667
1669
30593
1675
1693
1694
1884
1885
1886
1891
1892
1897
1937
1939
1955
1957
1961
2105
2109
2120
2121
2135
2146
30730
2190
2195
2223
2271
2413
2527
2548
2565
2580
2587
2614
2615
2629
2637
2678
30879
30880
30881
30883
30884
30885
30886
30887
30888
30889
30890
30891
30892
30893
2856
2857
2873
30934
30937
30941
3105
3106
733
767
770
781
787
792
823
922
923
949
962
1006
1023
1057
1135
1136
30464
1259
1260
1286
1291
1295
1306
1317
30518
1390
1392
1449
1453
30551
30553
30558
1500
1502
1530
1533
1565
1567
1578
1667
1669
30593
1675
1693
1694
1884
1885
1886
1891
1892
1897
1937
1939
1955
1957
1961
2105
2109
2120
2121
2135
2146
30730
2190
2195
2223
2271
2413
2527
2548
2565
2580
2587
2614
2615
2629
2637
2678
30879
30880
30881
30883
30884
30885
30886
30887
30888
30889
30890
30891
30892
30893
2856
2857
2873
30934
30937
30941
3105
3106
3108
3113
3315
3361
3561
3570
3699
3795
3810
31118
3882
4144
4183
4192
4350
4393
4397
4406
4409
4410
4441
4501
4505
4506
4507
4545
4707
4708
4724
4725
4726
4736
4825
4838
4856
4862
4937
5042
5079
5087
5092
5102
5121
5124
5126
5162
5288
31383
31385
5310
5311
31425
5503
31508
5768
5778
5948
5950
5969
6042
6047
6071
6135
31608
6169
6171
6322
6323
6409
6449
6477
31722
6599
6645
6650
31774
6723
31783
6725
6736
6738
6781
6782
6948
6962
7003
7024
7032
7033
7064
7065
31897
31898
7068
7069
7070
7071
7073
7075
7076
7077
7079
7081
7083
31900
31901
7086
7090
7092
7094
7099
7102
7103
7105
7107
7109
7110
7111
7112
7116
31903
31904
31905
7118
7119
7121
7122
7123
7124
7125
7128
7129
31906
7130
7131
7132
7133
31929
31937
31945
7239
7293
31972
7421
7649
7665
7668
7669
7682
32043
7752
7763
32087
7971
7985
8024
8025
8027
8029
8049
8196
8218
8356
8478
8523
8564
8770
8775
8816
8850
8867
8877
8903
32281
32280
32282
8923
8925
8955
8978
8989
9004
9014
9044
32298
32299
32300
32301
32304
9058
32305
9061
9066
32311
9071
9081
9141
9151
9270
9276
9334
9441
9514
9624
9745
9752
9991
10005
10065
10078
10145
10183
10193
10416
10496
10608
10616
10622
10639
10678
10700
10794
10826
10986
11003
11141
11214
11263
11350
11418
11433
11435
11491
11501
11590
11601
32865
11707
11709
11712
11717
32893
11718
11720
11721
11722
32899
11724
32900
11725
32902
32907
11728
11729
32914
32915
11730
11827
11936
11965
11966
12003
12005
12180
12181
33051
12194
12307
12308
12381
12470
12474
12475
12476
12477
12478
12479
12480
12482
33109
33110
33111
33112
12488
33113
33114
12491
33116
12496
33117
12501
33118
12506
12508
12511
33119
33120
33121
33122
12517
