28118
63528
63535
63536
63540
63542
63550
63570
63572
43343
63574
43346
63580
43348
63590
63589
63591
22391
63602
63610
43358
63617
63621
63630
43370
63648
63652
63662
63670
63674
63673
63676
63680
43404
63700
63701
63703
63717
63718
63721
28163
63725
43430
43439
43437
63755
63758
63764
63769
63775
63770
63780
63789
28181
63779
63804
63791
63800
63799
43469
22444
63809
63820
63826
63830
63834
63839
28194
28198
63846
63841
63855
63867
63896
28204
63872
63883
63885
28210
63902
63905
63909
4730
63915
63924
63955
63954
63953
63958
63978
43536
63986
63993
64021
64028
64039
64051
28269
64053
43588
28274
64078
64070
64071
64076
64073
43605
64107
64112
64121
28152
64141
64153
43637
64173
43652
63720
64190
64203
28314
64216
64294
64229
64223
64242
64252
64251
64269
28336
28342
64283
64322
28359
28360
64323
64327
64335
43731
28380
28389
64392
64388
28404
28410
64403
64411
64406
64419
64409
64415
64417
64423
64428
43771
64459
64437
28439
64447
64462
26997
43802
64498
64504
64508
64539
64521
64566
28482
64568
28488
43820
64575
64560
43831
64749
64653
64606
64612
64631
64625
64645
28547
43868
64649
64682
64708
64761
64754
28590
64711
64734
28607
64741
43903
64752
64748
43906
28632
64784
64757
28686
43940
28700
64847
28726
64804
64811
64816
64823
43949
64817
43952
28745
64833
64834
64849
64890
28757
43969
64848
28750
43982
43975
28799
64882
28774
64891
43994
64904
64926
64996
28796
28800
64965
65022
28806
44034
64994
44035
65011
65020
65010
65067
28839
65077
44083
65051
65057
28960
65062
65053
65107
44101
28836
28849
65117
65114
28868
65102
65098
65152
44110
65123
28854
65156
65137
65173
70413
65172
65155
65190
44143
28965
65185
65197
65198
65223
65220
22452
44159
65219
65247
44199
44185
28926
65234
65246
65265
65254
65274
44214
65296
65374
28949
65308
65324
44259
28971
65355
65364
