1443
2756
3189
3875
31225
4711
4756
5353
5354
5357
5359
5360
5361
5363
5365
6293
8761
10023
10230
32593
10429
11948
33142
16120
34274
17675
19625
21603
22551
22867
36091
36169
25067
25178
25823
26130
26848
27093
27508
36803
28537
28551
28554
28561
37126
28581
28620
37149
37154
37158
28636
37166
28656
28657
28663
28685
28706
28721
28735
28737
28736
28763
28770
37207
37217
28795
28813
28842
28850
28852
28874
28877
28883
28890
28902
37253
37260
28906
37259
37288
28950
28954
28962
28977
28992
28998
29009
37325
29011
37333
29036
37339
29037
37342
29047
29048
29069
37355
29078
29101
29107
29111
37380
37388
29141
29148
29149
29180
29193
29245
29253
29284
29296
29314
29318
29338
29346
29364
29365
29375
29385
29390
29395
29396
29421
29422
29451
29469
37468
29481
37479
29519
29531
29532
29587
29588
29593
29605
37528
29616
29626
37536
29627
29632
37538
29636
37543
29664
29687
29691
28636
37166
28656
28657
28663
28685
28706
28721
28735
28737
28736
28763
28770
37207
37217
28795
28813
28842
28850
28852
28874
28877
28883
28890
28902
37253
37260
28906
37259
37288
28950
28954
28962
28977
28992
28998
29009
37325
29011
37333
29036
37339
29037
37342
29047
29048
29069
37355
29078
29101
29107
29111
37380
37388
29141
29148
29149
29180
29193
29245
29253
29284
29296
29314
29318
29338
29346
29364
29365
29375
29385
29390
29395
29396
29421
29422
29451
29469
37468
29481
37479
29519
29531
29532
29587
29588
29593
29605
37528
29616
29626
37536
29627
29632
37538
29636
37543
29664
29687
29691
29702
37557
29709
37563
29722
29730
29735
29741
37587
29777
29783
29798
29800
37602
29818
29833
29843
29844
29852
29853
29871
29895
29902
29906
29919
29924
29930
37655
29943
29946
29959
29968
29972
37668
29984
29992
29993
29994
30006
30012
30014
30033
30040
30045
37703
30046
30048
30054
30055
30074
30100
30121
30146
30150
30151
30164
37728
30184
30256
30268
37788
30282
