13103
397
409
413
463
946
1010
1011
1675
30684
30683
2103
30726
2139
30738
30837
30838
2723
30933
3067
3298
3307
3352
4010
4023
4024
4071
4259
30
5307
31413
5560
5788
5797
5798
5800
5801
5804
5803
5822
5821
5823
5916
6141
6142
6149
6158
6160
6161
6217
6254
6264
6359
6396
6484
6544
6661
6683
6982
7236
7955
7967
8118
32113
8220
8254
32140
8255
32141
32165
8703
8720
8721
8723
9113
9581
9593
9762
9903
9967
9998
10144
10643
10644
32950
27504
11961
12021
12037
12116
12127
12128
12263
12787
33226
13208
33349
13384
13386
13504
13690
14047
14071
33515
33516
14592
33650
14924
15196
15480
33850
15681
33869
15751
15752
33871
15758
15759
15763
15788
15790
15791
15792
15795
15798
15797
16705
17747
17965
34851
34909
20678
21175
21486
21546
21628
35454
35501
21906
35564
35565
22125
22652
35808
23528
23618
23619
23620
23621
23869
