63527
63547
63579
63597
43375
63649
43383
28147
63787
63832
63866
63878
63877
28219
28276
43604
43663
43674
43670
28365
28375
64360
28399
43761
64461
28454
64622
43895
64831
64884
44012
65004
64955
64919
28792
65015
65037
44063
65066
65097
65137
28433
65154
44156
65207
44179
65271
44223
28995
44339
29027
65579
65594
44377
65617
65692
44441
29116
44547
44493
65893
65900
65995
65958
44638
44690
64791
44778
44832
66404
44835
44865
66554
44895
66596
66765
44951
66790
29509
29525
66621
66690
44962
45053
66875
29679
66992
45194
67151
67202
67186
67304
45299
45370
67447
67403
67494
67459
67523
45635
67636
67688
67645
45672
67917
68003
68074
45810
68296
45859
45909
46026
45976
46081
46017
46024
46131
46245
46059
68588
68738
68824
46307
46300
46534
46368
69048
46543
69978
69325
69245
46596
69406
69355
46846
31118
69688
69507
46857
69796
69793
46940
46900
70268
47137
47164
47275
47397
70538
47343
47345
71898
47400
32048
47735
32297
47515
32139
47641
47614
47766
71374
47912
47840
48090
71922
71932
48234
48254
48205
48402
48579
72084
72202
72340
48400
48411
73098
32875
48827
49252
48771
49013
49258
48754
34060
48971
73793
49009
73099
73295
34246
49435
49449
73805
73744
49444
73965
49679
74167
49741
50015
50122
51651
74352
50142
50511
50348
50363
50462
50440
75136
50917
75564
75508
51667
26758
51147
35041
51062
51234
51040
51095
51678
75840
76702
51101
51141
51037
51151
51072
51150
51615
51587
76437
36110
51573
51589
51602
51258
51543
52044
52010
52024
51721
51983
53202
52055
94040
76704
52106
77234
51854
51702
51827
52466
52564
36793
53141
53162
52470
53196
52993
53135
23706
24233
53149
78225
15947
53711
53711
78344
53171
27930
53110
53821
79088
53344
53800
79172
15772
53750
53769
53846
79850
80436
26861
24677
38749
58913
85965
85722
85581
87410
88208
42193
63523
