435
1441
2183
2961
3353
3981
31147
31148
31149
3982
31165
31205
4160
31206
31207
31208
31209
31210
4161
31211
31212
4162
31213
31227
5435
31447
6625
6628
6636
6639
31931
7712
8028
8034
9691
9803
32770
11558
11617
11618
11627
11629
11689
32881
11690
11691
11703
11716
11719
11730
11731
11738
11750
11766
32946
32947
11767
32959
32960
32974
11856
32991
32993
11935
11982
33028
33188
12841
33306
33315
33316
33370
13591
14703
14704
14705
14706
14707
14708
14709
14710
14711
14712
14713
14714
14715
14716
14717
14718
15127
33763
15509
34024
16787
34298
34534
18324
34551
34552
19155
19156
19157
35232
21710
21896
21897
22970
22971
35785
23662
23717
35952
24410
36211
36369
36370
25156
25158
25160
25732
26006
26605
26675
26734
36733
36746
27194
36779
36780
27479
