63652
63758
63766
63770
63834
63856
63924
63946
64053
64076
64096
64121
64147
43658
64306
64283
64351
64369
64377
64484
64491
64551
64555
64614
64743
64723
64754
64792
64793
64827
64881
64880
64900
64930
65047
65067
65075
65192
65145
65144
65122
65509
65510
65550
65648
65551
65903
44375
65671
65669
65739
65670
65740
65761
65780
65800
65814
65904
65927
65928
65961
65988
66046
66134
66165
66164
66194
66220
66307
66306
66343
66375
66376
66412
66413
66451
66483
66554
66616
66615
66651
66757
66721
66973
67022
67081
67140
67187
67139
67345
67346
67454
67455
67569
67570
67680
67736
67797
67936
67939
68090
68088
68239
68152
68240
68467
68727
68468
68637
68640
68728
68726
68824
68820
68823
68911
69019
69021
69020
69128
69252
69251
69371
69369
69648
69651
69503
69504
69632
69502
69649
69792
69857
69924
69923
69927
69793
69794
69795
69926
70065
70068
70148
70203
70202
70362
70363
70361
70523
70705
70705
70703
70702
70698
70704
70898
70896
71093
47656
71280
71479
71720
71714
71718
71721
71715
71717
71716
71980
71713
71982
71979
71974
71975
71977
72137
71984
72097
72526
72247
72250
72245
72527
72800
72803
72995
72802
72795
72797
72799
72801
73134
73132
73483
72794
73487
73133
73126
73127
73482
73484
73486
73490
73849
73485
73853
74161
73847
73852
73850
73851
74237
74239
74241
74242
74244
74243
74249
74648
74651
74652
50695
75589
75588
76095
76092
52343
52009
76651
76658
76656
76661
52661
77321
77325
77332
77981
25012
78090
78098
78097
78099
78100
78094
78862
79839
78872
79749
79744
79748
78864
80820
53721
79750
23330
79737
79741
80830
80835
80829
80836
80823
82099
82108
82127
82132
82116
83622
83595
83602
83604
83618
83603
83623
83610
83615
85442
85438
85417
85430
85431
85436
85411
85429
85414
86380
87633
87619
87615
90498
90505
90515
90513
94221
94224
94218
94219
94230
