63750
63879
64054
64128
64185
64225
64447
64613
65011
65166
65388
65419
65468
65508
65813
66016
66071
66133
66193
66342
66512
66883
67080
67452
67867
67735
68015
68014
68151
68238
68391
68557
68636
68635
68909
69248
69249
69791
70063
70696
70355
70356
70354
71090
71088
71279
71477
72524
72792
69501
73479
74232
74236
74230
75106
75571
75575
75570
75569
75574
75568
75576
77315
77314
77320
77313
78076
78851
78849
80814
79729
79734
80812
79730
79733
79731
82077
85387
87610
85386
87606
87609
90464
87597
87598
90453
90492
90456
90494
94203
94179
94183
94197
