63526
63527
63531
63537
63547
63569
63581
63587
63593
63607
63608
63631
63647
63683
63718
63725
63798
63816
63814
63817
63837
63853
63875
63884
63922
63926
63959
64014
64107
64103
64196
64236
64279
64290
64357
64375
64388
64439
64434
64489
64531
64590
64584
64709
64722
64721
64767
64928
64981
65065
65066
65120
65121
65155
65154
65191
65220
65247
65262
65386
65568
65587
65586
65647
65691
65692
65716
65759
65798
65799
65855
65884
65926
66101
66102
66163
64791
66277
29373
66341
66411
66447
66449
66448
66553
66650
44996
66755
66845
66846
66882
66927
66928
67021
67078
67343
67186
67295
67296
67341
67342
67565
67678
67679
67796
67934
68085
68086
68309
68310
68556
68555
68633
68818
68724
68725
68819
68908
69017
69123
69247
69245
69244
69500
69646
69647
69790
69920
69919
69921
70197
70199
70350
70352
70353
71461
70518
70519
70521
70694
71475
71197
71320
71476
71710
71712
72243
72241
72242
72786
72787
73296
72789
73120
72790
34581
73841
73843
74224
74227
74225
74229
75564
35779
75567
76648
76079
76646
76650
77308
37766
37868
80811
53973
79721
79725
80809
80342
80810
79719
82073
82074
83581
83582
87895
87573
87577
90444
90446
42956
95345
