1106
30512
1505
2917
2918
3819
4019
4020
4121
4126
4222
4228
4369
4371
4382
4439
4451
4709
4740
4741
4742
4743
4744
4795
4796
4829
4896
4902
4927
4978
5010
5019
31336
5098
5151
5152
5170
5504
5505
5506
5507
5745
5757
6631
6651
6692
6694
6786
31789
6804
6835
31850
31954
7751
8839
8840
10089
10115
10236
10306
10307
10367
32597
10467
10499
10663
10687
10847
10897
32694
11050
11134
11249
11251
11257
11284
11308
11328
11347
11349
11355
11370
11415
11416
11456
11488
12012
33085
14025
14725
15135
33865
15895
16213
16321
16434
34034
34035
16946
16947
17006
17047
17049
17056
17409
34297
17649
17663
34377
34378
18020
18169
18484
18885
19162
19265
19298
19351
19567
34936
19755
20763
35202
20915
20918
20920
20923
20931
20932
20933
20934
35208
35210
20938
35221
35222
35223
20951
20952
35225
35226
20958
35236
35237
20980
20981
35241
21201
35336
21490
