68
69
74
75
76
77
88
89
90
91
100
101
104
105
120
121
132
133
161
116
117
179
180
185
186
195
196
206
247
365
374
551
666
688
740
860
935
936
948
1001
30449
1665
1895
1939
1945
1955
1957
1961
2011
2196
2203
2208
2869
2871
3158
30995
3314
3860
3861
26
3903
4067
4796
5863
5867
5868
5870
5938
5957
35
6317
6536
6543
6775
6803
31906
32049
7761
32050
8004
8005
8035
8048
8123
8154
32143
8260
8261
8262
8270
8271
8281
8282
8299
8300
8320
9349
9356
9375
9431
9524
41
9775
10144
10656
11044
32713
11464
11508
32820
11640
12162
33083
12354
33087
12481
12642
12643
12701
33220
33221
13401
13503
13734
13761
13878
14404
14675
15445
15470
15574
17574
17838
17901
19956
20597
20639
35258
35456
22320
22770
22774
23034
23382
35873
23383
23712
24333
24486
24592
2203
2208
2869
2871
3158
30995
3314
3860
3861
26
3903
4067
4796
5863
5867
5868
5870
5938
5957
35
6317
6536
6543
6775
6803
31906
32049
7761
32050
8004
8005
8035
8048
8123
8154
32143
8260
8261
8262
8270
8271
8281
8282
8299
8300
8320
9349
9356
9375
9431
9524
41
9775
10144
10656
11044
32713
11464
11508
32820
11640
12162
33083
12354
33087
12481
12642
12643
12701
33220
33221
13401
13503
13734
13761
13878
14404
14675
15445
15470
15574
17574
17838
17901
19956
20597
20639
35258
35456
22320
22770
22774
23034
23382
35873
23383
23712
24333
24486
24592
24773
24834
59
25038
25058
25100
25119
25350
36444
26247
36653
26795
26893
27307
27379
