30326
71
73
246
247
251
252
253
254
255
256
257
258
259
30331
30332
30347
314
315
321
322
14
30354
388
464
472
476
30360
477
478
30361
30362
479
480
30363
481
482
483
484
30364
485
486
487
30365
490
491
492
493
494
30366
30367
495
496
543
544
545
546
547
548
549
550
551
552
553
554
557
559
30370
560
561
563
564
565
566
567
568
569
571
572
573
574
575
576
577
578
579
600
601
602
30379
609
610
613
30380
617
618
619
620
30381
621
622
623
624
625
30382
626
627
628
629
631
30383
632
633
634
636
640
641
642
643
645
30386
646
648
649
650
30387
652
653
654
655
656
657
658
659
660
661
30388
662
663
666
667
669
671
672
673
674
675
676
678
679
680
681
709
710
711
712
713
714
715
716
717
718
30395
724
30397
725
726
727
728
729
730
731
733
734
735
736
737
739
740
741
760
763
767
768
769
770
772
773
774
775
776
777
778
779
780
781
782
784
787
30403
788
789
791
792
794
795
796
800
801
802
803
804
805
806
807
808
813
814
815
30408
816
817
818
819
820
824
828
829
830
835
837
838
839
840
841
842
843
844
845
30411
847
848
850
851
852
853
854
855
858
859
860
861
864
865
874
875
876
877
878
879
880
881
882
883
884
885
886
887
888
889
890
891
892
893
894
895
896
897
898
899
900
901
902
903
904
905
906
30418
907
908
909
910
911
912
913
914
915
916
917
918
919
920
921
922
923
924
925
926
927
928
929
930
931
932
933
934
935
936
937
938
939
30419
940
941
942
943
944
945
946
947
948
949
950
954
955
957
959
962
967
968
1001
16
1018
1019
1020
1021
1022
1023
1025
1026
1029
30425
30426
1034
1035
1040
1041
1042
1044
1081
1082
1083
1084
1085
1087
30455
1138
1139
1142
1143
1144
1145
1146
1152
1153
1154
1160
1161
1163
1165
1166
30468
1180
1184
1185
1186
1188
1189
1190
30475
1192
1193
30477
17
1202
1207
18
30484
1214
1215
30486
1249
1250
1251
1255
1256
30511
1261
1264
1265
30512
1266
1267
1268
1269
1270
1272
1273
1274
1279
1280
1281
1309
30513
1310
1311
1312
1313
1314
1315
1316
30516
30517
30522
30523
1330
1331
1332
1333
30524
1334
1335
1336
30525
30526
30527
30528
1337
1338
1340
1349
1351
1378
30535
30536
30537
30538
30539
1379
1380
1383
1386
1389
1390
1392
1393
1395
1396
1397
1398
1399
1400
1401
1402
30544
1404
1405
1406
1408
1409
1410
1412
1413
1415
1417
1418
30545
1419
1421
1423
1424
1441
1442
30548
1443
1444
1445
1446
1447
1448
1449
30549
1450
1452
1454
30551
30553
1455
1456
1457
1458
1459
1460
1461
1462
1463
1464
1465
1466
1467
1468
1469
1470
1471
1473
30554
1475
1488
30557
1489
1490
1491
1492
30558
1494
30559
1495
1496
1497
1498
1499
1500
1501
1502
1503
30561
1506
1508
1509
30562
1510
1511
1512
30564
1513
1514
30565
30566
1515
1522
1523
1524
1525
1526
1527
1528
1530
30567
1531
1532
1533
1534
1535
1536
1537
30569
30570
1539
1540
1542
30571
1543
1544
1545
1546
1547
1548
1549
1550
1551
1552
1553
1554
30576
1555
1556
30577
1557
1563
1564
1565
1566
1567
1568
1569
1570
1571
1572
1573
1574
1575
1576
1577
1578
1579
1580
1581
1582
1583
1584
1585
1586
1587
1588
1589
30582
1592
1593
1594
30583
1595
1596
1597
1600
1601
1602
1603
1604
1605
1607
1608
1609
1610
1611
1613
1614
30584
1615
1618
30586
1620
1621
1622
1623
1624
1625
1626
1627
30588
1629
1631
1632
30589
1635
1637
1638
1639
1642
30591
1643
1644
1645
1647
1648
1649
1651
1666
1667
1668
1669
1670
1672
1675
1680
1681
1682
1683
30595
1684
1686
1687
30596
1689
1690
1691
1692
1693
1694
1695
1696
1697
1698
1699
1700
1701
1702
1703
1722
1726
1728
30601
30602
1752
1839
1840
1841
1842
1843
1855
1871
30645
30646
30647
30648
30649
30654
1902
1903
1910
1921
1923
1924
30676
30677
1942
1943
1944
1945
1946
1947
1948
1949
1950
1954
1963
30680
1986
1987
1988
30682
30683
30684
2000
30685
2031
30702
2076
2079
2083
2091
2096
2120
2121
2122
2124
2138
2140
2141
2143
2146
2150
2151
2154
30729
2155
2157
2158
30737
2214
30746
2238
2239
2240
2241
2242
2243
2244
30747
2245
2261
30755
2263
2266
2268
30757
30758
2282
2283
2284
2285
2286
2287
2288
2290
2291
2292
2293
2294
2295
2296
2297
2298
2299
2300
2301
2303
2304
2306
2308
2309
2311
2313
2315
2316
2319
2321
30765
2324
30767
30772
2331
2332
2333
2334
2337
2338
2342
30773
30774
30775
30776
30777
30778
30779
2344
2345
2353
2354
2355
2356
2357
2358
2386
2407
2417
2421
30792
2458
2475
2700
2710
2711
30851
30852
30853
30854
30855
30856
30857
30875
30876
2801
30904
2848
2868
2869
2870
2871
2874
2891
2893
30921
2898
2899
2900
2901
2913
30926
2916
2919
30929
30936
30937
2949
2958
2965
2966
2969
30941
2970
2971
2972
2979
2980
2981
2982
2990
2995
2998
2999
3004
3005
3006
30957
3017
3023
30963
3058
3069
3070
3076
3077
3187
3261
3262
3263
3264
3265
3266
3267
3268
3269
3271
3272
3273
3274
3275
3278
3279
3281
3282
3283
3284
31021
31022
3299
3300
3305
31027
3314
3322
3323
3324
3329
3362
31040
3368
3401
3402
3403
3404
3405
3406
3407
3408
3409
3410
3437
3467
3479
3497
3499
3504
3505
3508
31064
3512
3516
3518
3519
3520
3521
3529
3530
3531
3532
3534
3535
3539
3541
3542
31071
3543
3544
3545
3546
3547
3548
3549
3550
31072
3551
3552
31073
3553
3554
3555
3556
3557
3558
3559
3560
3561
3562
3563
31075
3577
3653
3678
3683
3695
3699
31090
3726
3727
3728
3729
3730
3742
3745
3749
3752
3756
31101
3764
3765
31104
3783
31105
3784
3785
3786
3788
3790
3793
3818
3826
3827
3838
3841
31119
3886
31125
31126
31127
3903
3905
31140
3959
3960
3971
3972
4006
31157
4018
4019
4020
4026
4039
4041
4043
4067
2994
4078
4079
4081
4083
4084
4131
31201
31202
4148
4170
4194
4198
4199
4200
4201
4227
4248
31234
4253
4254
4255
4292
4293
4294
4295
4301
4302
4303
4306
4315
4316
31252
4317
4318
31253
4332
4334
4343
4505
4506
4507
4544
4559
31277
4560
4644
4645
4655
31286
4675
4677
4678
31292
31293
4684
4696
4734
4760
4762
4764
4765
31303
4766
4768
4769
4770
4771
4779
4780
4781
4782
4784
4785
4792
4816
4877
4879
31316
31341
5197
5199
5200
5216
5217
31357
5221
5222
5224
5225
31358
31359
5228
5230
5232
5235
5237
5238
5239
5240
5242
31366
31367
31368
5250
31369
5255
31370
5256
31371
5262
5263
5264
5265
5266
5267
5269
31373
5270
5271
5272
5274
5276
31374
5281
5282
5284
5333
31390
5336
5337
5338
5340
31406
5388
5404
5425
5426
31417
5427
31420
31421
5443
5448
5479
5496
31429
31430
5497
5509
5510
5593
5597
5598
5599
5601
5602
31458
31459
5604
5614
5615
5634
31471
5636
5639
5654
5655
5656
5657
5658
5659
5660
5662
5663
5664
5665
5666
5667
5668
5669
5670
5671
5719
5722
5724
5726
5730
5733
5743
5750
5758
5763
31509
5792
31522
31528
5835
5839
5844
5859
5860
5861
31534
5862
5863
5864
5865
5866
5867
31535
5869
5870
31536
31537
31538
5874
5876
5879
31541
5884
5894
5895
31543
31544
5911
5913
5918
5927
5954
5955
31555
5956
5957
31556
6030
6033
6034
6040
31565
31566
31586
6095
6096
6097
31616
31619
6204
6209
6225
6233
6242
6279
6297
6301
31644
6314
6316
31648
6317
6345
6346
6348
6349
6357
6362
6365
6389
6393
31664
6427
6443
6444
6479
6480
6481
6487
31707
31708
6495
6500
31709
31717
6528
6530
31719
31720
31721
6542
31724
6546
6607
6628
6630
6639
6655
6658
6672
6699
6701
6703
6714
6725
6801
31840
6911
6912
6913
6914
6915
31869
6916
6917
6918
6919
6920
6921
6922
6923
6924
6925
6926
6927
6928
6929
6930
6931
31870
6983
31882
31883
7051
7064
7209
7246
7248
7249
7250
7251
7252
7253
31949
31950
31951
31952
7272
7274
7275
7276
7289
7302
7313
7368
31987
7379
7406
31998
32003
7438
7617
7623
7635
7659
7704
7747
7752
32045
32046
7779
32052
7787
7788
7789
7790
32053
7791
7792
7793
7795
7798
7829
7831
32061
7832
7834
7835
7836
7837
7838
7839
7840
7841
7842
7843
7844
7845
7848
7849
7935
32084
32086
7957
32088
32089
7958
7959
7961
7962
7963
7965
32092
7970
7972
8055
8056
8058
8060
8063
8064
8065
32100
8070
8071
32104
8085
8101
8103
8110
8114
8115
8120
8123
8125
8159
8160
8166
8168
8169
8170
8172
32117
8191
8192
8193
8194
8195
8219
8226
8236
8237
8238
8240
8244
8306
8307
8308
8309
8316
8320
8323
32154
8355
32163
8363
8364
32164
8365
8376
8377
8383
8384
8385
8386
8391
8392
8393
8394
8396
32174
8400
8401
8442
8443
32191
8448
8452
8453
8456
8465
8471
8472
8473
8474
8475
32197
8476
8477
8478
8479
8480
8481
32199
8493
8500
8507
8509
8532
8555
8556
32215
8570
8573
8587
32227
32228
32230
8640
8641
8645
32232
32234
32238
32239
8656
8660
8670
8673
8684
8685
8688
32247
8707
8708
8709
8710
8712
8713
32251
8727
8728
8729
8734
8738
8778
8780
8781
8792
8793
8794
8815
8833
8845
8846
32267
32268
32269
32270
32271
8863
8864
8892
8893
9061
32306
9074
9075
9076
9077
9078
9079
9080
9081
9095
9105
32318
9115
9117
32324
9118
9120
9121
9122
32327
32328
32329
32330
9133
32332
9136
32333
9140
9141
32336
9143
9144
9145
9146
9147
9149
9152
9153
9154
9157
32339
9174
32341
9209
9210
9211
9212
32355
9218
32356
32357
9219
9220
32370
9276
32381
9366
9367
32385
9373
9374
9376
9390
9392
9393
32392
9417
9434
9435
9436
9437
9438
9442
9444
9445
9446
9447
9448
9449
32396
9450
32397
32398
32399
9451
9452
9453
32409
9512
9517
9524
9526
9527
9537
32414
9549
9562
9563
32422
9564
32423
9565
9580
9581
9582
9584
9585
9603
9620
9621
9625
9633
9634
9635
9636
9637
9642
9643
9644
9653
32448
9691
9729
32455
9760
9778
9779
9783
9790
9791
9805
9808
32473
32489
9858
9859
9860
9861
9862
9863
32491
32499
9893
32503
9898
9900
9936
9940
9942
9963
9977
9978
9997
32537
10000
32548
10007
10020
10025
10042
32556
10054
10055
10056
10057
10058
10061
10062
10063
10066
10067
10068
10076
10077
10078
10079
10084
10085
10086
10088
10089
10090
10091
32563
10096
10097
10099
10100
10104
10105
10106
10113
10114
10115
10117
10118
10125
10126
10146
10148
10149
10151
10152
10153
10154
10159
10177
10181
10182
10184
10185
10186
10194
10195
10196
10198
10203
10204
10207
10210
10211
10213
10214
10215
10216
10218
10219
10220
10221
10222
10224
10225
10226
10227
10228
10229
10230
10231
10232
10233
10234
10235
10236
10237
10238
10239
10240
32580
10242
10243
10244
10245
10246
10247
10248
10249
10251
10252
10253
32581
10254
10255
10256
10271
10272
10273
10275
10276
10277
10278
10279
10280
10281
10282
10283
10284
10285
10287
32583
10289
10290
10291
10292
10293
10294
10295
10296
10297
10298
10299
10300
10302
10303
10304
10305
10306
10307
10308
10309
10310
10311
10312
10313
10314
10315
10316
10317
10318
32586
10319
10320
32587
10321
10322
10323
10324
32588
10325
10326
32589
10327
10328
10329
10330
10331
10332
32590
10333
10334
10335
10336
10337
10338
10339
10340
10341
32591
10342
10343
10344
32592
10345
10346
10347
10348
10349
10350
10351
10352
10353
10354
10356
10357
10358
10359
10360
10361
10362
10363
10364
10365
10366
10367
10368
10369
10370
10373
10375
10376
10378
10382
10383
10384
10386
10387
10390
10391
10392
10393
10394
10395
10396
10397
10398
10407
10409
32596
32597
32598
10410
10411
10412
10416
10419
10424
10425
10426
10427
10428
10429
10431
10432
10433
10434
10435
10436
10437
10438
10441
32599
32602
10445
10446
10447
10448
10449
10450
10451
10452
10453
10454
32603
32604
10455
10456
10457
10458
10459
10460
10461
10462
32605
10463
10464
10465
10466
10467
10468
32606
10469
32607
10470
10471
10473
10474
10476
10477
10482
10483
10484
10485
10486
10487
10488
10489
10490
10492
10493
10494
10495
10496
10497
10498
10499
10500
10501
10502
10503
10507
10509
10510
10511
10513
10514
10515
10538
10541
10542
10543
10544
32611
10559
10560
10563
10564
10565
32614
10574
32615
10575
32616
10589
10590
10591
32618
10592
10595
10597
10598
10599
10605
10608
32619
10616
10619
10620
10622
10642
10660
10663
10666
10668
10669
32640
32641
10670
10671
10672
10673
10674
10675
10676
10678
10679
10681
10682
10683
32645
10684
10685
32646
32647
10686
10687
10688
10689
10690
32648
10691
10693
10694
10695
10696
10697
10698
10699
10701
10702
10703
10704
10705
10706
10707
10708
10709
10710
10711
10712
10713
10714
10715
10716
10717
10718
10719
32650
10729
10791
10792
10793
10794
10795
10796
10798
10799
10800
10801
10802
10803
10804
10805
10806
10808
10809
10810
32665
32667
10811
10812
10813
10814
10815
10819
9
10820
10821
10822
32671
10823
10824
10825
10826
10827
32672
10828
10829
10830
10832
10833
10834
32677
32678
32679
10835
10836
10837
10838
10839
10841
10842
10843
10844
10846
10847
10848
10849
10850
10851
10852
32680
10853
10854
10855
10856
10857
10858
10859
10860
10861
10862
10863
10864
10865
10867
10868
10869
10870
10871
10872
10873
32682
10874
10875
10876
10877
10878
10880
10881
10882
10885
10887
10889
10891
10892
10893
10895
10896
10897
10898
10899
10900
10901
10902
10903
10904
10905
10906
10913
10914
10919
10920
10921
10949
10951
10952
10954
10955
10956
10959
10962
10965
10967
10968
10969
10970
10973
10974
10976
10978
10979
10980
10986
10987
10992
10993
10994
10995
10996
10997
10998
10999
11000
11001
11002
11003
11004
11006
11007
11008
11009
11010
11011
11012
11013
11014
11015
32704
11016
11017
11018
11019
11020
11021
11022
11023
11024
32705
11025
11026
11028
11029
11030
11035
11036
11037
11038
11039
11040
11041
11042
11043
11044
11045
11048
11049
11050
11051
11052
11053
11054
11055
11056
11057
11058
11059
11060
11061
11072
11073
11074
11075
11076
11077
11078
11079
11080
11081
11082
11083
11086
11088
11089
11090
32714
11091
11092
11093
32715
11101
11102
11103
11104
11105
11106
11107
11108
11109
11110
11127
11129
11130
11131
11132
11133
11134
11135
11136
32720
11138
11141
11142
11143
11144
11145
11146
11147
11148
11149
11151
11153
11154
32721
11155
11156
11157
11158
11159
11160
11161
11162
11163
11164
11165
11166
11167
11168
11169
11170
32722
11171
11172
11173
11174
11175
11176
11177
11178
11179
11180
11181
11182
11183
11184
11185
11186
11187
11188
11189
11190
11191
11192
11193
11194
11195
11196
