29301
29274
29273
29272
29311
29531
29588
29587
29589
29676
29925
30117
30303
30547
30602
30909
30768
30908
31060
31294
31385
31704
31827
32075
31826
32074
32225
32227
32228
32226
32567
32907
33100
33320
33795
33558
15344
34065
34066
34064
35625
35667
36010
36440
36899
20447
36012
36898
36896
36897
36900
25201
22550
24938
38563
27966
39247
37931
38557
39244
39245
39246
38564
22575
28042
39249
40033
40034
40035
40949
25431
40953
40951
40036
40950
40947
41894
42689
42695
42696
41895
41896
42688
42690
42694
41897
42691
