274
668
30389
1905
2034
2256
30749
2363
2364
2365
2366
2380
2799
2812
2959
3037
3308
31148
4738
5247
31428
5728
6613
6614
6617
7077
31938
7414
32055
32277
32331
9454
9477
32474
32770
32778
32779
32803
32804
11747
12190
12330
33098
12482
12527
33337
33345
33489
14769
33654
15098
33718
15099
33742
33743
16113
33975
16434
34035
34034
34215
34295
17437
34297
34298
34406
17784
34422
34423
34461
34491
18484
18728
19538
20931
20932
35493
22539
35689
22970
35836
23697
23934
36002
30323
36369
36370
25319
36435
25416
25658
25862
25863
36791
36792
27475
