30359
637
30402
1014
1033
30510
1726
1901
2038
2545
2642
3163
3227
3230
31026
3624
4457
5158
5285
5443
6099
6405
6454
6488
6549
6803
7286
7737
8309
8350
32163
8364
32164
8365
8403
8447
8737
8739
8740
8742
8750
8769
8774
8865
32323
9986
32568
10150
32592
10345
10353
10410
10411
10412
10445
10446
10467
32606
10674
10694
10714
10886
10979
11050
11134
11138
11139
11159
11207
11208
11219
11272
11347
11456
32759
32859
32860
32861
32862
32863
32864
32865
32867
32869
32872
32873
32874
32875
32877
32878
32980
32981
11913
33099
33100
33101
33183
33228
12919
13039
33309
13252
13253
13839
14608
14623
14647
48
14971
15361
15465
15474
15994
16109
16249
33988
33989
16341
16390
16487
16663
16714
16950
17067
17371
17395
17564
17598
34340
17625
17892
17993
18145
18156
34518
18246
18276
18336
18340
34575
18547
18729
18871
18875
18896
18912
19159
19440
34887
19489
