68817
68902
68903
68904
68905
69007
69118
69009
69010
69011
69012
69117
69241
69361
69364
69358
69242
69356
69359
69551
69362
69494
69492
69493
69496
69497
69495
69640
69641
69639
69643
69911
69777
69781
69913
69917
67076
69780
69915
70187
70186
70189
70190
70188
70343
70344
70345
70346
70348
71461
70504
70512
70510
70502
70503
70509
70511
70513
70507
70508
70682
70684
70685
70681
70686
70683
70882
70878
70880
70881
70883
70884
70876
70875
70874
71082
71076
71078
71081
71083
71077
71074
71079
71273
71271
71274
71272
71467
71471
71463
71464
71466
71465
71470
71462
71694
71697
71693
71695
71699
71703
71953
71951
71952
71957
71956
72504
72226
72225
72231
72232
72234
72222
72224
72229
72498
72502
72505
72500
72509
72510
72501
72771
72767
72768
72769
72774
72775
72778
72781
72773
72779
72782
72766
73110
72764
73099
72765
73104
73106
72763
73102
73103
73111
73112
73100
73462
73463
73466
73465
73456
73458
73459
73469
73464
73468
73461
73832
73833
73829
73821
73831
73819
73830
73825
73826
73834
76615
73818
73828
73820
73822
73824
73827
74211
74215
74199
74192
74210
74195
74194
74198
74202
74203
74204
74626
74615
74625
74627
74616
74207
74624
75541
75090
75535
75078
75547
75085
75088
75543
75545
75080
75538
75087
75542
74614
75079
75084
75073
75554
75531
75550
75552
75534
75555
75556
76048
76064
76605
76047
76050
76054
76055
76058
76060
76062
76051
76068
76070
76599
76053
76616
76604
76606
76607
76609
76611
76617
76629
76624
76624
76627
76623
76626
77275
76628
76630
76622
76632
77283
77284
77288
76621
76631
77268
77270
77287
77276
77278
77280
77273
77262
77289
77290
77281
77257
77271
77286
78015
77263
77258
77296
78015
77263
78051
77295
78020
78037
77292
77294
78042
78026
78043
78048
78017
78019
78035
78054
78046
78033
79641
79642
78022
78041
78025
78030
79652
79658
78032
79653
