30341
293
295
1414
1896
2361
2383
30894
3360
6619
6625
6629
7084
31901
7112
7130
7132
7223
32023
7668
7669
8079
8128
8129
32405
11533
32780
11541
32788
11574
11586
32811
11598
11603
11621
32831
11623
11626
32834
11629
11642
32863
32874
32875
11689
32881
11695
32884
11716
11730
11748
32942
32945
11766
32946
32947
11767
11775
11777
11824
32982
32997
11993
11994
12377
12518
12520
12571
33134
33191
12741
33215
12841
12888
12894
33229
33412
14778
33681
33773
15348
15691
16235
34117
16787
34221
17377
34506
18397
18425
34644
34696
19145
19179
35170
20944
35361
21977
22544
23134
23513
23716
23717
23718
35952
36352
36353
36429
25627
25632
25641
27170
36746
27194
27195
27306
27305
11748
32942
32945
11766
32946
32947
11767
11775
11777
11824
32982
32997
11993
11994
12377
12518
12520
12571
33134
33191
12741
33215
12841
12888
12894
33229
33412
14778
33681
33773
15348
15691
16235
34117
16787
34221
17377
34506
18397
18425
34644
34696
19145
19179
35170
20944
35361
21977
22544
23134
23513
23716
23717
23718
35952
36352
36353
36429
25627
25632
25641
27170
36746
27194
27195
27306
27305
