102
103
127
126
143
142
158
159
168
169
170
171
172
181
182
204
203
212
211
215
216
223
224
225
222
226
227
245
416
445
1763
1820
1838
1879
1930
1981
2025
2048
2099
2259
30902
30903
2841
3165
30997
3649
3701
3888
4009
4015
4017
4021
4204
4370
5456
5466
5470
5472
5510
5530
5866
6030
6187
6246
6709
6798
6801
6831
7313
7397
7649
7922
7930
32094
8014
8057
8109
8217
8364
32164
8707
8709
8861
9211
9310
9502
9507
9726
32469
9868
9938
9987
10022
10137
11102
11627
11734
11759
33022
33035
12157
12238
12248
12333
12380
12608
12722
12797
13020
13082
13128
13129
33327
13472
13598
14028
14316
14617
14674
14947
33658
33659
15211
15231
15342
15350
15500
15545
15593
15620
15663
16112
16399
16457
16756
16767
16837
16947
16965
16968
17056
17402
17421
17485
17513
17557
17562
17717
17875
17926
