63544
63620
63622
63629
63650
63661
63671
63685
63735
63740
63753
63827
63843
63893
63930
43530
63969
43549
63984
63998
64020
64060
64110
64146
64168
64174
64218
64227
64304
64319
64355
28442
28465
64488
64510
64518
64672
64698
64707
64762
64814
64845
64862
64937
64973
65017
65019
65060
65083
44166
65258
44224
65433
65380
65434
65516
65734
65735
65758
65792
44489
65877
66038
65982
66009
66039
66063
66242
44648
66095
66158
66188
66187
44739
66301
66332
66334
66346
66368
66547
66643
66629
66646
66840
66919
66971
66962
67016
29779
67130
67281
67284
67283
21809
21702
45472
29885
67387
67388
67446
67441
67442
67444
67790
30025
67659
67722
67727
67781
67783
67853
45753
68368
67995
45866
67997
67993
67994
68610
68221
68225
68140
68219
66061
30532
46021
68446
68448
68529
68709
68609
68611
68612
68614
46382
46367
46294
68890
68893
68891
69096
69098
68994
68993
68999
69099
69224
69952
69337
69334
46858
69476
69473
69470
69475
69626
69755
69760
48433
70485
70177
46885
70499
70840
70172
70174
70316
70319
70479
47494
70480
47389
70650
70659
70657
70658
70531
70646
70654
70842
70844
70845
70855
70841
67780
71663
47593
71043
71038
71039
71047
47764
47614
71238
71240
71438
71443
32270
71422
71429
71430
71437
71945
48210
71660
71641
71645
71668
71670
71644
71644
71917
71912
71916
71736
72170
71911
72185
72186
48391
72174
72180
72181
72166
72172
72466
73025
72459
72465
72710
22652
72721
73026
23871
72709
73027
73030
73055
73058
73049
73049
73057
73390
73414
73036
73042
73399
73051
73389
38350
73769
73766
73411
73754
73761
74111
73509
73779
73739
73778
73753
73764
73772
74137
74096
74147
73760
74140
74138
25390
74120
74138
74131
74132
74110
74520
74119
34456
74146
74531
74118
74545
74557
74521
74523
74549
74990
74973
75007
75026
50660
75027
75163
75474
75451
75473
75439
75464
75467
75468
25935
35455
77863
75972
75969
75985
75961
75996
75997
76532
23220
76463
76496
76521
76453
23980
76471
77078
52449
77175
77157
36228
51741
77163
77091
77857
77092
77117
77887
77915
77917
24840
77817
77854
77931
77937
25830
81724
78579
25727
78672
78137
78707
21638
78627
78722
78632
26643
78703
78715
101334
78663
78702
78598
26220
79488
79368
22479
79438
79487
79510
79477
27840
79406
53931
79417
79546
79480
78952
79496
53956
79534
27049
79526
80419
27602
80459
26272
80634
80437
80501
80599
80503
80613
27038
80519
80572
80488
80589
81630
80565
81630
80626
80539
81452
81707
81568
87888
24197
81762
81637
81649
81617
81718
81605
83015
83150
81781
81845
81690
83370
81727
39870
83001
83125
85001
83048
83209
39602
83094
39602
83094
83253
83360
83110
83368
83194
83052
83075
97088
82985
83218
21640
85155
23208
84694
84815
84632
21818
84692
84581
85151
84658
84872
84683
84914
27433
84982
84801
84831
84840
84893
87264
85136
87280
86609
86632
86692
86978
86606
87243
86724
86844
86860
89494
89539
87094
89785
87340
89780
89150
89840
89199
89315
89967
88809
89183
89619
89849
97158
89183
89619
89849
97158
89324
89745
90063
89111
89720
93227
89569
89614
89723
93202
92694
97055
92238
92504
92649
93226
96528
90864
93245
92869
92893
92637
93077
92657
92743
92626
97004
97053
92479
92749
42171
96636
93777
96281
96883
96375
96956
97503
96861
42968
93693
96800
98116
97301
96613
98082
98127
95799
97411
98032
96735
97300
97422
98051
