1676706
1444068
1747204
1775306
1769948
1732535
1728434
1770312
99601716
99427009
99403252
99403246
99403171
99403165
99403114
99403075
99403006
99402982
99402964
99402886
99402862
99402835
99402751
99402727
99402694
99402688
99402664
99402643
99402601
99402586
99402580
99402526
99402523
99402433
99402406
99402394
99402367
99402355
99402253
99402232
99402211
99402073
99402067
99402064
99402016
99401980
99401755
99401728
99401683
99401674
99401656
99401626
99401416
99401413
99401374
99401149
99400792
99400789
99400786
99400723
99400693
99400651
99400645
99400600
99400585
99400564
99400510
99400507
99400435
99400351
99400342
99400228
99400147
99400126
99400123
99400078
99400054
99400033
99400006
99399925
99399886
99399865
99399835
99399727
99399721
99399580
99399568
99399502
99399475
99399436
99399379
99399169
99399109
99399079
99398971
99398956
99398851
99398794
99398779
99398776
99398695
99398656
99398647
99398509
99398506
99398485
99398452
99398419
99398407
99398299
99398239
99398047
99397996
99397990
99397948
99397891
99397873
99397780
99397651
99397501
99397459
99397423
99397411
99397384
99397231
99397165
99396952
99396931
99396814
99396793
99396787
99396766
99396715
99396601
99396589
99396529
99396514
99396496
99396493
99396451
99396442
99396439
99396316
99396277
99396070
99396067
99395899
99395854
99395836
99395713
99395707
99395440
99395407
99395341
99395302
99395281
99395278
99395203
99395140
99395080
99395011
99394990
99394972
99394948
99394906
99394819
99394753
99394711
99394666
99394636
99394588
99394582
99394519
99394399
99394306
99394294
99394255
99394231
99394201
99394171
99394096
99394054
99393949
99393808
99393763
99393745
99393724
99393718
99393709
99393703
99393667
99393541
99393538
99393487
99393445
99393430
99393373
99393190
99393055
99393028
99393025
99392884
99392689
99392635
99392464
99392452
99392443
99392422
99392377
99392332
99392191
99392179
99392176
99391993
99391822
99391795
99391792
99391789
99391786
99391750
99391447
99391387
99391270
99391264
99391180
99391147
99391045
99390925
99390910
99390871
99390856
99390664
99390625
99390529
99390511
99390403
99390388
99390331
99390328
99390319
99390256
99390187
99390154
99390073
99390007
99389737
99389626
99389518
99389512
99389470
99389434
99389428
99389395
99389332
99389308
99389254
99389230
99389203
99389194
99389164
99389128
99389074
99389044
99389020
99388990
99388969
99388936
99388897
99388885
99388819
99388747
99388714
99388594
99388507
99388501
99388297
99388288
99388171
99388051
99388009
99387862
99387844
99387841
99387682
99387646
99387625
99387613
99387577
99387514
99387241
99387223
99387145
99387103
99386935
99386890
99386848
99386845
99386833
99386785
99386725
99386704
99386587
99386527
99386521
99386479
99386461
99386449
99386392
99386344
99386287
99386275
99386269
99386239
99386236
99386212
99385810
99385702
99385609
99385558
99385555
99385489
99385441
99385435
99385306
99385246
99385240
99385204
99385057
99384958
99384901
99384766
99384742
99384739
99384670
99384601
99384586
99384466
99384337
99384331
99384214
99384199
99384196
99384172
99384064
99384016
99383845
99383818
99383641
99383611
99383551
99383524
99383482
99383467
99383464
99383431
99383428
99383422
99383287
99383215
99383104
99383047
99383005
99382927
99382873
99382861
99382822
99382786
99382759
99382534
99382384
99382027
99382009
99381997
99381979
99381835
99381734
99381666
99381636
99381594
99381544
99381520
99381500
99381454
99381398
99381358
99381356
99381242
99381220
99381118
99381068
99380982
99380938
99380906
99380844
99380742
99380674
99380636
99380614
99380550
99380474
99380400
99380334
99380322
99380316
99380276
99380240
99380198
99380156
99380110
99380106
99380080
99380012
99379948
99379898
99379888
99379826
99379812
99379792
99379754
99379748
99379746
99379586
99379550
99379496
99379454
99379446
99379368
99379264
99379208
99379202
99379148
99379126
99379122
99379076
99379048
99379016
99378980
99378914
99378912
99378900
99378804
99378802
99378752
99378750
99378588
99378572
99378530
99378512
99378446
99378424
99378408
99378388
99378384
99378334
99378318
99378316
99378302
99378254
99378230
99378200
99378192
99378166
99378146
99378136
99378104
99378098
99378096
99378024
99377958
99377890
99377860
99377844
99377778
99377762
99377704
99377688
99377658
99377592
99377554
99377496
99377480
99377478
99377472
99377418
99377368
99377290
99377222
99377212
99377184
99377130
99377114
99377066
99377062
99377060
99376990
99376956
99376942
99376908
99376904
99376880
