99558108
99564729
99528849
99574794
99565263
99516007
1760191
99563001
99553242
99590487
99567864
1707860
1484756
1580749
99553233
99566412
99593793
1668549
99495720
99543321
345935
344925
99588672
99588246
99553236
99590580
99582393
99562845
99495714
99595995
99523574
99583092
99566340
99492296
99591249
99578151
99549585
99600972
99587238
99586392
99580443
99575742
99482870
99480467
99480464
99480443
1503195
99591969
99559326
99557583
99514434
99504996
99480398
99480296
99464615
1822004
814396
99599742
99596739
99590004
99589080
99428215
99251767
1429850
55957
