99533817
99435748
1515671
99602346
1518956
99567216
1627703
99510592
1653559
99445847
1040829
842896
361942
346699
1912395
99594381
99428014
1804970
1717347
1685392
1669311
1821397
99546471
99516710
1624707
1388143
1256611
99546102
99514872
1264192
604033
99588351
99563172
99516753
1547828
1449198
1447914
99602094
99486656
1633480
1629286
1543965
1541249
99602388
99601668
99590031
99547824
99519572
99514828
1596149
99602400
99589260
99588729
99540204
99538206
99447341
99447305
99426391
99403282
99403150
99402421
99402133
99401752
99401707
99401629
99401509
99401485
99401410
99401053
99400987
99400930
99400672
99400225
99400153
99399931
99399928
99399526
99399499
99399442
99399382
99399121
99398713
99398512
99398473
99398359
99398302
99398092
99398089
99397819
99397816
99397534
99397531
99397219
99397168
99397138
99397015
99396943
99396907
99396904
99396616
99396553
99396526
99396448
99396193
99395941
99395908
99395869
99395740
99395635
99395542
99395290
99395134
99394867
99394660
99394615
99394486
99394483
99394480
99394477
99394369
99393940
99393931
99393928
99393892
99393862
99393688
99393676
99393652
99393457
99393388
99393301
99393121
99392911
99392575
99392323
99391861
99391252
99391078
99391018
99390826
99390541
99390433
99390391
99390274
99389623
99389590
99389449
99388642
99388477
99388330
99388123
99388075
99387757
99387718
99387391
99387112
99386722
99386293
99386215
99386062
99385942
99385783
99385576
99385003
99384778
99384694
99384286
99384181
99383965
99383734
99383638
99383563
99383560
99383545
99383155
99382663
99382444
99382405
99382375
99382330
99382126
99381488
99381224
99381198
99381146
99381056
99381052
99380902
99380782
99380780
99380654
99380340
99380324
99380222
99380138
99380032
99379808
99379780
99379700
99379634
99379564
99379500
99379372
99379334
99379212
99379210
99379100
99379066
99378940
99378622
99378470
99378456
99378432
99378358
99378300
99378100
99377966
99377582
99377390
99377286
99377092
99377076
99376854
99376642
99376486
99376092
99375982
99375966
99375922
99375758
99375278
99375172
99374800
99374718
99374670
99374646
99374040
99374010
99374004
99373902
99373772
99373712
99373330
99373260
99372898
99372578
99372544
99372498
99372388
99372358
99372104
99371954
99371942
99371376
99371346
99371204
99370832
99370380
99370370
99370326
99370064
99369896
99369688
99369678
99369586
99369534
99369518
99369452
99369179
99369143
99368777
99368714
99368690
99368612
99368606
99368561
99368513
99368438
99368417
99368372
99368234
99368195
99367970
99367616
99367352
99367277
99367256
99367190
99366950
99366731
99366707
99366647
99366590
99366584
99366209
99366146
99365921
99365789
99365717
99365672
99365249
99364751
99364736
99364367
99364088
99364070
99363374
99363272
99363089
99362687
99362597
99362516
99362351
99362165
99361766
99361379
99361058
99360356
99360338
99360218
99360056
99359873
99359864
99359318
99359294
99359165
99359153
99358949
99358715
99358643
99358556
99358169
99357908
99357842
99357833
99357581
99357284
99356951
99356828
99356825
99356672
99356615
99355916
99355622
99355595
99355574
99355370
99355205
99354506
99354380
99353999
99353759
99353573
99353150
99352637
99352406
99352304
99352181
99352130
99352079
99352034
99351956
99351866
99351800
99351704
99351689
99351605
99351566
99351467
99351395
99351392
99351092
99351047
99351014
99350897
99350876
99350765
99350750
99350735
99350717
99350645
99350354
99350333
99350165
99350150
99350105
99350099
99350027
99349997
99349988
99349976
99349580
99349520
99349424
99349382
99349376
99349199
99349184
99349169
99349079
99349061
99349001
99348983
99348956
99348938
99348719
99348653
99348557
99348521
99348482
99348368
99348284
99348203
99348086
99347960
99347657
99347453
99347336
99347321
99347210
99347180
99347150
99347144
99347099
99347012
99346952
99346847
99346667
99346559
99346535
99346442
99346427
99346349
99346346
99346256
99346070
99345947
99345920
99345806
99345779
99345713
99345641
99345353
99345290
99345170
99345089
99345068
99345047
99344891
99344825
99344810
99344726
99344381
99344204
99344105
99343970
99343877
99343700
99343628
99343334
99343328
99343313
99343235
99343199
99343163
99343157
99343118
99342965
99342845
99342686
99342599
99342581
99342482
99342443
99342371
99342335
99342299
99342260
99342248
99342191
99342128
99342008
99341918
99341858
99341735
99341714
99341624
99341453
99341228
99341138
99340922
99340859
99340844
99340760
99340676
99340613
99340574
99340394
99340331
99340238
