1206978
1807142
99593982
1392497
99496710
99591087
1084880
99500354
99551424
99423010
1283987
99545286
1491813
99587034
99501604
99592257
1359063
99590829
1813375
1771078
1769513
99551061
1790376
99482226
99542745
99567978
99482278
1441288
1404365
1765470
762379
99566793
99527124
99593493
99580503
99560400
1832547
1465680
625556
99583605
99573192
1917461
1355323
99560679
99526821
99601191
99596790
99595059
99593184
99574212
99180441
1516607
1424085
1281080
1066182
99599781
99592857
99591339
99535581
99516410
99516318
99434830
1853738
1853184
1670909
1549715
99596667
99584211
99563811
99559695
99545412
99533577
99489616
99479324
1913221
1613400
1553355
99602904
99602193
99593379
99591453
99588606
99588147
99587991
99578271
99576114
99565173
99556665
99549273
99545607
99544734
99526656
99523955
99516603
99516152
99509312
99488954
99478058
99458072
99438461
99429247
99427663
99418051
99402946
99402670
99402466
99402082
99401584
99401209
99400720
99399850
99399652
99399355
99399082
99398524
99398272
99397555
99397120
99396337
99395812
99395194
99394837
99392878
99392602
99392257
99392245
99391597
99390958
99390160
99390157
99389950
99388873
99388723
99388549
99388492
99387238
99386986
99386224
99384730
99384658
99383449
99383404
99382327
99381883
99381076
99380876
99379964
99379060
99378990
99378612
99378578
99378538
99378494
99377696
99376134
99376132
99375814
99375672
99375668
99375558
99375378
99374480
99374310
99374122
99374120
99373646
99373308
99373142
99372952
99372864
99372826
99372812
99372756
99372328
99372282
99371708
99371568
99371106
99371042
99370970
99370524
99370028
99369812
99369706
99369656
99369546
99369410
99368732
99368618
99367877
99367433
99366695
99365846
99365843
99364988
99363818
99362873
99362822
99362756
99362741
99362603
99361838
99361616
99360809
99360758
99360671
99359645
99359459
99359390
99359264
99359147
99359087
99358688
99358343
99358268
99358250
99357182
99356927
99356849
99356789
99356693
99356519
99356258
99355883
99355868
99355211
99353858
99353753
99353714
99353549
99352931
99352886
99352874
99352703
99352454
99352013
99351755
99351695
99351611
99351506
99351485
99351476
99351338
99351278
99351251
99351032
99350888
99350798
99350759
99350591
99350210
99350093
99350051
99349883
99349694
99349538
99349406
99349388
99349307
99349160
99348806
99348716
99348647
99348455
99348314
99348287
99348218
99348098
99347669
99347117
99346916
99346763
99346424
99346418
99346367
99346355
99346229
99346205
99345911
99345890
99345566
99345248
99345155
99344966
99344801
99344675
99344441
99344180
99344141
99344093
99344084
99344072
99343715
99343709
99343670
99343508
99343472
99343256
99342920
99342863
99342647
99342623
99342521
99342512
99342350
99342311
99341864
99341426
99341243
99341168
99341084
99341054
99340934
99340847
99340796
99340556
99340319
99340316
99340079
99340016
99339959
99339929
99339764
99339740
99339629
99339470
99339440
99339434
99339383
99339140
99339131
99338978
99338345
99337940
99337856
99337823
99337670
99337106
99336833
99336824
99336542
99336155
99335987
99335915
99335759
99334622
99334517
99334502
99334187
99333962
99333917
99333869
99333482
99333413
99333281
99333278
99333188
99333164
99332954
99332645
99332276
99331964
99331829
99331769
99331745
99331673
99331562
99331487
99331358
99330947
99330713
99330692
99330527
99330284
99329669
99329624
99329585
99329540
99329294
99329291
99329267
99329132
99329054
99329042
99329030
99328409
99328376
99328229
99327800
99327776
99327584
99327143
99326732
99326648
99326561
99326384
99326351
99325892
99325832
99325559
99325436
99325409
99325406
99325382
99325151
99325061
99324926
99324899
99324890
99324548
99324458
99324329
99324278
99324104
99323936
99323912
99323768
99323765
99323435
99323279
99322952
99322682
99322643
99322547
99322202
99322106
99322040
99321803
99321359
99320966
99320087
99320063
99319931
99319544
99319346
99319013
99318554
99318128
99317972
99317960
99317474
99317465
99317456
99317081
99317069
99317048
99315440
99315314
99315236
99315224
99315047
99315023
99312796
99312631
99312619
99312592
99310987
99309264
99308775
99308772
99308448
99307791
99307614
99307209
99306327
99305355
99305193
99305190
99305022
99303936
99303159
99303150
99302442
99302160
99300867
99300339
99300291
99300015
99299688
99299337
99299175
99298869
99298644
99297894
99296337
99296205
99296091
99295338
99295293
99295278
99294183
99293781
99293514
99293478
99292950
99292896
99291729
99291435
99291237
99290919
