1418783
99580650
99599721
1915162
99589668
99513552
99505552
1556875
99584862
99403225
99403051
99402400
99402391
99401668
99401137
99400945
99400939
99399772
99398281
99397927
99396259
99396013
99395983
99395185
99395065
99394975
99394501
99393565
99392518
99392287
99392086
99391429
99390172
99389680
99389506
99388438
99388222
99388210
99388096
99387847
99386623
99386041
99385510
99385330
99384229
99382999
99381438
99380314
99380312
99379416
99379394
99379226
99379154
99377948
99377906
99377756
99377652
99377614
99377406
99377308
99377226
99376872
99376754
99376648
99375570
99375320
99374192
99374042
99373846
99373778
99373728
99373418
99373230
99373212
99372996
99372362
99371670
99370366
99369732
99369296
99367673
99366974
99366155
99365360
99364823
99364703
99364430
99364400
99363986
99363911
99363806
99362558
99359594
99359591
99358943
99358721
99356468
99356216
99355529
99355001
99354296
99354017
99351740
99350654
99349640
99349466
99348644
99348551
99348353
99348350
99347513
99346979
99346883
99346664
99346661
99346373
99345056
99343781
99343481
99341327
99341288
99340889
99340262
99340244
99339626
99339080
99338930
99338819
99338684
99338312
99338111
99337586
99337562
99337535
99336440
99336419
99335630
99335261
99334976
99334472
99333518
99333491
99333209
99333062
99332987
99331250
99331049
99330944
99330905
99330818
99330392
99330125
99330074
99329915
99329534
99329450
99328271
99328106
99328085
99327965
99327671
99327107
99326837
99326528
99325718
99325565
99325286
99323939
99323756
99323741
99323723
99323639
99323600
99323537
99321884
99321404
99321128
99320978
99320546
99318776
99318533
99318287
99318089
99316949
99315746
99314572
99313789
99312025
99310924
99310446
99310185
99309699
99308259
99308253
99308115
99306690
99306678
99306591
99306498
99306381
99304725
99304053
99303909
99303156
99302406
99300690
99300021
99299262
99298950
99297429
99296853
99296652
99296133
99295701
99295578
99295035
99294198
99294177
99293967
99293004
99292797
99292098
99291156
99290438
99289277
99287549
99287111
99285875
99285566
99285521
99283427
99283424
99282503
99282500
99279683
99279680
99277604
99277601
99277343
99277340
99276452
99276449
99275030
99275027
99274742
99274739
99274388
99273692
99272969
99272204
99271895
99271310
99271178
99270363
99269901
99267453
99266709
99266490
99266418
99265086
99264987
99264453
99263520
99262890
99262116
99262035
99258409
99258013
99257359
99257230
99257227
99257218
99257176
99257170
99256390
99254701
99254233
99252439
99249343
99248914
99248479
99246925
99246694
99244825
99244819
99244684
99244429
99244021
99241276
99240883
99237724
99237007
99237001
99236881
99235132
99234976
99234850
99234400
99233737
99231337
99230215
99228667
99225598
99218849
99218508
99218157
99217929
99216780
99216488
99214589
99213833
99213329
99213158
99212093
99211514
99211208
99210146
99210104
99209765
