1609421
99597813
1868304
99524303
99516263
1881581
1472385
1849973
1835868
1678108
1312861
1800596
99554817
99597687
99577041
99563187
99441074
99423745
99403291
99403267
99403111
99403099
99402754
99402529
99402463
99402370
99402265
99401890
99401764
99401278
99401086
99400966
99400855
99400522
99400378
99400165
99400162
99400018
99399943
99399799
99399676
99399565
99399562
99399307
99399271
99398920
99398416
99397954
99397936
99397921
99397786
99397756
99397537
99397126
99396901
99396517
99396169
99396085
99395920
99395917
99395827
99395692
99395650
99395590
99395569
99395032
99395014
99394453
99394279
99394108
99393796
99393640
99393511
99393448
99393400
99393283
99393175
99393172
99392692
99392665
99392659
99392395
99392236
99391774
99391681
99391441
99391126
99390955
99390382
99389851
99389551
99388999
99388984
99388975
99388780
99388765
99388561
99388537
99388525
99388522
99388291
99388252
99388078
99388054
99387931
99387574
99387466
99387340
99386992
99386803
99386737
99386716
99386656
99386413
99386137
99386125
99386005
99385420
99384985
99384856
99384469
99384406
99384355
99384325
99384109
99383710
99383443
99383350
99382912
99382909
99382573
99381910
99381750
99381480
99381442
99381204
99381200
99381082
99380926
99380542
99380530
99380422
99380300
99379910
99379736
99379694
99379674
99379096
99379094
99379056
99378958
99378716
99378696
99378662
99378660
99378428
99378390
99378218
99378212
99378102
99378080
99378068
99378004
99377610
99377268
99376704
99376624
99376480
99376450
99376382
99376318
99376262
99376242
99376198
99376052
99375790
99375734
99375708
99375682
99375286
99375284
99375206
99375198
99375162
99375060
99375002
99374996
99374940
99374792
99374604
99374434
99374412
99374304
99374244
99374172
99374078
99374050
99373780
99373668
99373474
99372688
99372606
99372512
99372402
99372370
99371870
99371724
99371524
99371430
99371352
99371348
99371324
99371322
99371212
99370830
99370824
99370808
99370796
99370794
99370600
99370460
99370284
99369924
99369888
99369540
99369380
99368168
99368147
99368030
99368006
99367421
99367253
99367250
99367100
99367085
99366905
99366689
99366098
99365978
99365831
99365639
99365594
99365588
99365441
99365222
99365177
99365060
99365009
99364550
99364442
99364253
99364118
99363983
99363953
99363845
99363275
99363026
99362918
99362801
99362549
99362060
99361829
99361727
99361487
99361259
99361133
99360752
99360638
99360275
99360242
99360152
99360062
99359744
99359381
99359216
99359141
99358826
99358712
99358565
99358364
99358283
99358193
99357893
99357800
99357602
99357569
99357503
99357452
99357359
99357326
99357233
99357149
99356939
99356570
99356384
99356189
99356183
99356012
99355946
99355784
99355778
99355598
99354866
99354746
99354707
99354419
99354221
99354065
99354041
99354035
99354005
99354002
99353969
99353960
99353822
99353744
99353498
99353486
99352565
99352514
99352472
99352205
99351989
99351941
99351770
99351524
99351464
99351209
99351182
99350780
99350651
99350609
99350561
99350498
99350162
99349691
99349577
99349106
99348914
99348764
99348707
99348602
99348392
99348173
99348047
99348041
99347990
99347933
99347909
99347807
99347768
99347627
99347561
99347090
99346991
99346799
99346673
99346310
99346262
99346067
99345914
99345872
99345776
99344672
99344669
99344630
99344327
99343907
99343871
99343673
99343571
99343367
99343337
99343325
99343214
99343082
99342665
99342614
99342386
99342305
99341930
99341906
99341507
99341450
99341321
99340730
99340634
99340631
99340598
99340580
99340562
99340454
99340046
99339872
99339590
99339530
99339209
99338924
99338921
99338705
99338303
99338120
99337979
99337916
99337679
99337526
99337313
99337178
99336857
99336779
99335900
99335681
99335573
99335531
99335417
99335375
99335228
99335174
99335126
99334790
99333896
99333866
99333800
99333599
99333443
99333290
99333008
99332504
99332477
99332423
99332321
99332051
99331985
99331928
99331913
99331880
99331547
99331343
99331280
99330959
99330941
99330917
99330788
99330539
99330536
99330371
99330218
99329741
99329213
99328907
99328895
99328634
99328451
99328082
99327944
99327656
99327641
99327557
99327476
99327473
99327452
99327446
99327344
99327260
99326678
99326663
99326582
99326417
99326195
99325889
99325622
99325430
99325247
99325109
99325100
99324758
99324644
99324494
99324404
99324212
99323762
99322730
99322451
99322436
99322430
99322421
99321989
99321935
99321284
99321281
99321044
99320918
99320438
99320408
99320291
99320237
99320126
99320072
99320039
99319913
