99530397
99574932
99598677
99528006
99513350
99601911
99539751
99583701
99582864
99574935
99574926
1685828
99574941
1525142
99440147
99555225
1732789
99582954
99574938
99516715
1917673
1864622
99534165
1709656
99512066
99538128
99591651
99580746
99591639
99557979
99478094
99596991
99528003
99437815
99600882
99435904
99516285
99491626
99600351
99573798
99551373
99591654
99452321
1814149
99540129
99602724
99580854
99578919
1779164
99520034
99600798
99594501
99560352
1860309
99593979
99580335
99546837
99530703
99527697
99525441
1819535
99565884
99563208
99527967
99600288
1927465
99599997
99571224
99555270
99552690
99543690
1592237
99600087
99598602
99596592
99588495
99547212
99520853
99520850
99503230
99489442
1705068
99602505
99593994
99590010
99586170
99580848
99580710
99574044
99562314
99557028
99517070
99402676
99402544
99402148
99402136
99401179
99400537
99399910
99398725
99398527
99398074
99398023
99397795
99397792
99397753
99397324
99396703
99396430
99396427
99396199
99395254
99395083
99392956
99391513
99389575
99389416
99389065
99388783
99385990
99385537
99384787
99384682
99383437
99382363
99382291
99381698
99381684
99381300
99381244
99380820
99380818
99380776
99380260
99379794
99379406
99379304
99379184
99378878
99378656
99377506
99376974
99375996
99375846
99375702
99375028
99374640
99374610
99374084
99373926
99373890
99373822
99373608
99373450
99373420
99373144
99372980
99372554
99372336
99372310
99371924
99371922
99371866
99371846
99371788
99371696
99371236
99370068
99370006
99369918
99369050
99368783
99368528
99368135
99368129
99367727
99366839
99366836
99366827
99366815
99366386
99366365
99366104
99365999
99365879
99365540
99365312
99365036
99364820
99364694
99364448
99364163
99363203
99363170
99363158
99362297
99361589
99361223
99361040
99359774
99358733
99358547
99358052
99357347
99357308
99356711
99356708
99356627
99355829
99355442
99354782
99354482
99354389
99354248
99354224
99353966
99353126
99352721
99351863
99350126
99350027
99349982
99349346
99347942
99347906
99347615
99346745
99346460
99346424
99346421
99346112
99345896
99345488
99344471
99343229
99343127
99341117
99339767
99339428
99339347
99339341
99339050
99338864
99338534
99338450
99338369
99337829
99336677
99336416
99336059
99335894
99335666
99335297
99334655
99334523
99334442
99333797
99333581
99332522
99331052
99330725
99330191
99329759
99328658
99328424
99328403
99328250
99328115
99328019
99327983
99327731
99327698
99327464
99327233
99327215
99326978
99326708
99326354
99326063
99326018
99325997
99325850
99325808
99325112
99324737
99324650
99323981
99323210
99323141
99323066
99322745
99322649
99322277
99322214
99321746
99321464
99321386
99320246
99319997
99319682
99319394
99318887
99318656
99318110
99317540
99317294
99315578
99315572
99312238
99311911
99311662
99310365
99310104
99309612
99308376
99307545
99307500
99307086
99306699
99306285
99306264
99305403
99305364
99305025
99304848
99304326
99303450
99303009
99302760
99302655
99301962
99301452
99301413
99301383
99301065
99300984
99300951
99300750
99300252
99299838
99299736
99299658
99298023
99297975
99297942
99297798
99296892
99296730
99295095
99294846
99293865
99293754
99293409
99293361
99292986
99292251
99292137
99292032
99291843
99291702
99291243
99291201
99290982
99288053
99287324
99286880
99286775
99286184
99285659
99284981
99284591
99284588
99283793
99283790
99282497
99282494
99281633
99281630
99281441
99281438
99280916
99280913
99280598
99280595
99279881
99279878
99278792
99278789
99278738
99278735
99278687
99277910
99277907
99276851
99276848
99274487
99274286
99273623
99273524
99272195
99272021
99271967
99271427
99271157
99270941
99270833
99270558
99270528
99269607
99269514
99268557
99268326
99268197
99268155
99267969
99267837
99267732
99267417
99267393
99267120
99266241
99266082
99265950
99264894
99264597
99264378
99264210
99263751
99263532
99263280
99263097
99262695
99262386
99261225
99260776
99260002
99259915
99259672
99259414
99259144
99258820
99258496
99258010
99257206
99256717
99256573
99256567
99256477
99256294
99256039
99255622
99254515
99253561
99253330
99251797
99251536
99251533
99251284
99251278
99250900
99249124
99248902
99248677
99248461
99248104
99247792
99247159
99246853
99246814
99246352
99245902
99245554
99245350
99245137
99244996
99244738
99244297
99244243
99244126
99243682
99243376
99242893
99242809
99241636
99240970
99240646
99240226
99239785
99239449
99239218
99238648
99238639
99236995
99235645
99235579
99235420
99235243
99235237
99235087
99234349
