99533652
99593631
1490434
99533742
1726353
1438764
99484870
99543111
99501868
99578823
99534378
99571974
99591789
99571383
99565524
99545073
1710209
99578820
99516751
99516587
99501870
99498558
99533679
99498626
99496448
99567987
99533736
99510526
99510366
99505768
99504834
99498270
99567855
99567774
99550605
99546162
99545970
99509596
99503206
99498266
99601659
99573957
99543714
99510254
99496460
99496456
99600240
99567984
99557271
99533751
99533739
99515150
99511556
99600243
99572460
99567843
99566700
99555675
99533748
99491940
99490336
