1528122
1859817
1416985
99571524
99448139
99540837
1894988
1794369
99501056
99525807
99587046
99540036
1480639
1180122
99564771
1437544
99523337
209680
1420031
600461
99560496
70370
99519542
99449612
1802073
933096
99600999
1099969
99519524
99519326
1684303
1403317
99602328
99520310
99519323
99513262
99505268
99519545
99591819
99520268
99514870
1605192
99599481
99581880
99558444
99557592
99525720
99520280
99515826
99514856
99493110
99436279
99430945
99429289
99428689
99403015
99402955
99402940
99402514
99402292
99402037
99402034
99401650
99400921
99400822
99400660
99400414
99400264
99400234
99399679
99399067
99398809
99395890
99395179
99394918
99394165
99393946
99393682
99393508
99392794
99392731
99391777
99389989
99389353
99389290
99388636
99388141
99387964
99387358
99386209
99386146
99385792
99385672
99385210
99385171
99384964
99383623
99383140
99382942
99381538
99381460
99381304
99381284
99381086
99380284
99380250
99379978
99379976
99379894
99379512
99378172
99377748
99377576
99377448
99377242
99377232
99376832
99376776
99376736
99376554
99376538
99376202
99376192
99375352
99374654
99374524
99374384
99374356
99374318
99373288
99373282
99373262
99372912
99372838
99372788
99372340
99371888
99370880
99370648
99370522
99370438
99370280
99370276
99370262
99369992
99369988
99368399
99368396
99368327
99367964
99367946
99367040
99366890
99366230
99365426
99364616
99363863
99363764
99362318
99362228
99361352
99361082
99360425
99360284
99360179
99359624
99359597
99359183
99358727
99357539
99357530
99357266
99357143
99356762
99356216
99356147
99355718
99355454
99354557
99353828
99353627
99353450
99352877
99352034
99350801
99350297
99350183
99349190
99348677
99348056
99347744
99347333
99347261
99345587
99343823
99342491
99341966
99341702
99341657
99340172
99337280
99335684
99335660
99335366
99333086
99332705
99332651
99332153
99331091
99329771
99329765
99329615
99327587
99326990
99324686
99324509
99323852
99323549
99323294
99321647
99321407
99320513
99320174
99319709
99319694
99319334
99318821
99318752
99318344
99318227
99318146
99317810
99317516
99316943
99316877
99316745
99316730
99315761
99315383
99315182
99314677
99314602
99314542
99313078
99312520
99312463
99311686
99311341
99310909
99310852
99310386
99309624
99309606
99309438
99309279
99309186
99308646
99308109
99307695
99307689
99307680
99307218
99306765
99306564
99306078
99306042
99305871
99304347
99304212
99303513
99303345
99303276
99303231
99302919
99302892
99302463
99301821
99301152
99300828
99300264
99300135
99299871
99299754
99299637
99298185
99297756
99297585
99296718
99296250
99295956
99295884
99295587
99294318
99293958
99293634
99293376
99292755
99292737
99292665
99292533
99292509
99292476
99292308
99291942
99291276
99290889
99290732
99290072
99289889
99289496
99288212
99287801
99287684
99287642
99287618
99287177
99286943
99286364
99285683
99285617
99284909
99284732
99284105
99284102
99283511
99283508
99283379
99283376
99282845
99282842
99281999
99281996
99281831
99281828
99281609
99281606
99280538
99280535
99280367
99280364
99280361
99280358
99279746
99279743
99277826
99277823
99277574
99277571
99277277
99277274
99276917
99276914
99276566
99276563
99275900
99275897
99275486
99275483
99275465
99275462
99275318
99275315
99274982
99274979
99274502
99273101
99273035
99272954
99272885
99272468
99272183
99271919
99271337
99271280
99270641
99270549
99269115
99269076
99269016
99268842
99268437
99267888
99267165
99266829
99266811
99266679
99265767
99265695
99265548
99265320
99264906
99264897
99264231
99263853
99263484
99263433
99263415
99263409
99262983
99262899
99262317
99262206
99261819
99261816
99259900
99258784
99258595
99258589
99258436
99258226
99257992
99257473
99257053
99256990
99256495
99256195
99255901
99255565
99255142
99254986
99254542
99254029
99253453
99252658
99252616
99252418
99251668
99250936
99249886
99249676
99249244
99248701
99248059
99247807
99247621
99246646
99245743
99245596
99245263
99244744
99243694
99243178
99243160
99242512
99242053
99241498
99240934
99240655
99240622
99240004
99238822
99238525
99238522
99237400
99236911
99236719
99235219
99234358
99233788
99233605
99232987
99232984
99230782
99230086
99229810
99229570
99227863
99227779
99227770
99227719
99227590
99226894
99225304
99225250
99225121
99225022
99224392
99223924
99223705
99223651
99223096
99223075
99221458
99220030
99219471
99219209
99218792
99218768
99218268
99218115
99217280
99215403
99213386
99212957
99212486
99212162
99211559
99211550
99211541
99210764
