99599766
1340450
99538539
424213
99492466
1240065
99593283
1439332
99511406
99509028
99262707
99486888
99564903
1033064
1472429
99547677
99538341
1591414
99572958
1487754
1826542
1812849
99512544
1889187
99542355
1425346
1798887
997225
1632905
1900920
1111676
99581232
99446678
1707888
1718885
1485349
99471458
1822030
1151449
99492648
598636
99502996
1799196
99525189
99438878
99512546
167090
754525
1529481
99574233
1810227
1636006
426124
99538542
1475988
1326738
99516308
99508988
1744241
1756784
1728664
1392573
924227
534382
1784961
99504826
99525192
1815469
1788240
1628400
1487995
99542280
1928173
99509034
1717008
99598500
99533454
1860413
1220493
99518516
99508992
1499275
99509030
1797210
99542346
1884254
1701738
1680644
99570459
1873780
1689368
1926388
1857142
1709793
1544026
1482872
99566769
99542334
1790255
99578133
1813802
1838775
1878866
1715058
1325544
1900934
1774650
1460647
166202
99542376
1819313
1577506
1565921
1625344
1900165
1756639
1371992
99468882
1871048
1585994
1467148
1331455
99567924
99566787
99558822
99516705
99485426
99444809
1938231
1808854
1761723
1354704
99599823
99584799
99542259
1858376
1792835
99533784
99515050
99504824
1797464
1531399
1453575
1396022
1030165
99574500
99533787
99516579
99426598
1899400
1891909
1835834
1662843
1491383
1459867
1170689
99592158
99547470
99431362
1806084
1683045
1322683
1255383
541467
211766
99575883
99524447
99493794
99483360
1906508
1904042
1847170
1739806
1625657
99602598
99542328
99542286
99498138
99455843
99448695
99416077
1869469
1838489
1710968
1526713
1436652
1412565
1339072
1168997
99597708
99583257
99482138
99448403
1914969
1844794
1764956
1762323
1743336
1721641
1715544
1470726
1448168
1349947
1245906
1148729
1146404
661517
99598104
99589959
99574020
99561774
99560865
99545802
1926419
1883525
1851118
1826958
1799566
1795993
1768043
1698926
1680520
1664782
1509245
1431464
1416525
1387852
99598761
99595296
99577878
99567411
99505812
99442388
99436681
1900222
1882710
1761949
1611745
1580347
1479735
1433381
628842
43007
99595548
99588324
99554826
99544731
99542274
99522698
99516647
99470087
1862157
1853284
1831409
1830691
1823643
1791973
1765049
1750308
1730470
1609008
1607461
1532585
1465302
1439921
1292927
1251517
1220607
1155749
1095758
635185
99600780
99599346
99596463
99596232
99582069
99570030
99568803
99566334
99553644
99552306
99544692
99543417
99513088
99502182
99482262
99474914
99431878
1912702
1840194
1806656
1795578
1680434
1588068
1567331
1216973
1151601
480392
308285
99595344
99588780
99584052
99573606
99566799
99564348
99556035
99554835
99554814
99546243
99542400
99542391
99542349
99542325
99530733
99525432
99519467
99508996
99486438
99457286
1913585
1886368
1879257
1876384
1847296
1838892
1829525
1828537
1815313
1802109
1753165
1678401
1638435
1567110
1533072
1484221
1443601
1426797
1426443
1416176
1406959
1369952
1341915
623511
99602262
99600414
99598791
99597411
99594882
99594636
99592710
99577437
99577407
99576165
99572808
99564306
99562506
99560868
99556092
99556053
99556047
99542352
99542301
99542289
99531237
99530736
99524880
99218040
1922782
1895324
1859259
1854478
1835910
1809391
1803414
1801393
1792412
1785146
1758660
1754207
1716364
1712874
1710125
1665487
1505972
1499393
1444148
1410983
1384047
1380024
1277339
1238040
1163092
1060426
1057317
988602
923894
73494
99602133
99599034
99592305
99584379
99581037
99580365
99575691
99575583
99574704
99574017
99572967
99570138
99567450
99563868
99562026
99558282
99556089
99556086
99556083
99556080
99556077
99556071
99556068
99556065
99556062
99556059
99556056
99556050
99554991
99554820
99554811
99548898
99546378
99543873
99542340
99542307
99542277
99533451
99528324
99522725
99516677
99516479
99514632
99499830
99498824
99462767
99458144
1930605
1909733
1908276
1901786
1890350
1873061
1871033
1856765
1844175
1816161
1798796
1797693
1787717
1773524
1763429
1759098
1739481
1723172
1714816
1700111
1656633
1651805
1649636
1647937
1642004
1609250
1608834
1555318
1550829
1547625
1540834
1530417
1521051
1512685
1500792
1498294
1491405
1490176
1488447
1479746
1473023
1467359
1466485
1466434
1461931
1446676
1442273
1415698
1412572
1410308
1403694
1399348
1389072
1378942
1367016
1356038
