99497958
99594861
1420778
99497942
1530776
1544513
99568053
1537033
99509618
99556632
99496504
207870
1481696
1539319
99531471
99564936
1907576
99581688
99574713
1406517
1443448
1139383
1412440
99515516
1908955
99584217
99560088
99506080
99556101
1813592
1747471
99588030
99593925
99496462
1250309
1168692
99584130
99568050
99552660
99560022
99487154
1749196
99573114
99446672
99527817
99180468
1829446
1564886
1372892
1480976
1411788
99568056
99516365
1769264
99574782
99544449
225426
99597108
99580500
99576393
99488294
99487144
99181170
1728738
1283651
1263339
99596814
99592608
99585321
99581823
99580497
99556569
99549009
99542205
99513424
99487142
1877201
1473820
99602478
99601380
99600819
99596811
99595062
99594915
99586881
99583713
99450572
1735920
1474754
99602880
99599268
99598935
99596448
99591567
99562830
99556635
99553995
99546114
99544329
99487146
1894058
1867090
1844425
1768579
1751289
1705442
1694211
1658293
1391394
1193671
99602820
99602685
99601302
99601026
99597912
99590403
99588795
99588474
99573117
99569010
99563355
99555852
99542961
99500286
99492690
99439394
99430909
99402838
99402829
99402361
99401020
99399964
99399934
99399364
99399361
99398980
99398836
99398710
99398434
99397876
99397627
99397354
99396667
99396190
99395686
99395677
99395002
99394999
99394885
99394177
99393865
99393472
99393232
99393115
99392920
99392299
99389968
99389752
99389446
99388849
99387673
99387013
99386908
99386830
99385756
99383635
99383473
99382447
99380504
99380370
99379636
99379450
99379174
99379032
99378558
99378556
99378182
99376726
99375742
99374960
99374344
99374128
99374054
99373976
99373932
99373178
99372890
99372866
99372420
99371948
99371656
99371496
99370778
99370674
99370318
99370036
99368522
99368519
99367583
99367577
99367337
99367277
99367109
99367031
99366461
99366359
99365696
99364976
99363716
99363686
99363461
99362294
99361538
99361310
99360755
99360491
99360461
99359309
99358655
99357941
99356489
99356381
99356246
99355745
99355256
99355235
99355130
99353270
99352790
99349838
99346199
99345275
99344960
99344501
99340871
99339569
99338696
99336488
99334589
99330680
99326951
99325871
99325589
99323462
99321734
99320249
99319859
99319193
99318185
99317273
99316979
99316607
99316517
99314809
99314536
99314059
99314056
99313306
99312901
99312898
99312097
99311737
99310795
99310620
99310539
99309234
99309231
99309183
99309021
99308886
99306588
99306252
99306210
99305841
99305460
99305439
99304560
99304458
99304317
99303906
99303594
99303183
99303066
99302802
99301602
99301236
99300942
99300819
99300336
99299259
99299142
99299034
99298971
99298647
99297636
99295083
99294498
99293985
99292668
99292389
99292359
99291984
99290270
99290144
99290090
99289601
99289250
99289064
99288899
99288725
99288698
99288623
99288512
99288509
99288500
99288419
99288416
99288020
99287903
99287435
99286565
99286085
99286046
99285269
99284711
99283991
99283451
99283448
99281114
99281111
99280568
99280565
99278054
99278051
99277916
99277913
99277301
99277298
99277133
99277130
99276746
99276740
99276074
99276071
99276047
99275918
99275915
99275234
99275231
99275174
99275171
99275162
99275159
99275138
99275135
99274970
99274967
99274958
99274955
99274430
99274355
99274301
99274256
99274205
99274121
99273911
99273797
99273701
99273647
99273515
99273488
99273485
99273482
99273467
99273434
99273323
99273260
99273254
99273233
99273188
99273185
99273182
99273170
99273152
99273092
99273065
99273032
99273020
99273014
99272918
99272915
99272864
99272816
99272810
99272807
99272789
99272747
99272744
99272681
99272564
99272519
99272462
99272459
99272456
99272408
99272402
99272381
99271547
99271154
99270585
99270570
99270228
99270225
99270075
99269319
99269316
99269190
99269187
99269184
99269178
99269172
99269160
99268911
99268908
99268905
99268824
99268635
99268476
99268284
99268281
99268119
99267516
99267210
99266478
99266403
99266238
99265404
99264381
99264093
99263802
99263661
99263295
99263238
99262830
99262638
99262338
99262335
99261954
99261792
99261687
99261228
99260365
99259273
99259192
99259180
99258643
99258295
99257869
99257734
99257062
99255370
99254176
99253282
99253129
99252952
99252721
99252700
99251770
99251503
99250918
99249589
99249397
99248968
99248836
99248437
99247990
99244861
99244798
99244696
99243433
99243379
99242713
99242587
99241135
99240112
99239629
99237115
99235036
99234847
99233989
99233941
99233896
99233893
99233446
99231604
99231586
99231421
99231199
99231193
99230944
