99497996
1823321
99495526
1542116
1887632
99575526
99516295
99497936
99589410
1836443
1899963
99497538
1232797
99601899
1888629
99557973
99434134
1668148
1420233
1512570
99516655
1919463
1817103
1410915
1495745
99560466
99547749
99567948
99497934
1863796
99587355
1912438
1857193
1771950
1648178
1808619
99598926
1791410
830258
1229409
99521609
1680518
1541211
99574311
1823731
99578808
1855193
99558750
99566067
99540825
99572316
99567036
1889148
99568674
1901950
99602334
99597282
99591093
99539574
99591855
99540831
99446360
1929299
99566448
99513136
1540515
99594072
99539223
99488252
1628620
99510284
1860103
321275
1431669
1425854
1327275
732757
99601185
99507746
1723833
1636934
99591642
99578103
99487202
1868173
1515251
99597801
99556455
99447605
1854447
99590736
99516390
1804935
99580767
99549819
99534402
99487200
1772226
1516425
679214
251756
85847
99594039
99450167
1429271
1358644
99457304
1866845
1824641
1798786
1785375
1757127
1592248
618132
341560
99579423
99566781
99566409
99557793
99549588
99527964
99487136
1888244
1887297
1597642
99598938
99596091
99595866
99581961
99567204
99556473
99546540
99516358
99506082
99486298
1826863
1687467
1671432
1630565
1627178
1402328
99587124
99583482
99557976
1895542
1783913
1336016
99591357
99548100
99488030
1872886
1845270
1755741
1740251
1683903
1374083
1200168
99601626
99583290
99566175
99550656
99547761
99502472
99427729
1905614
1857236
1522107
1434000
99600021
99596538
99594069
99591816
99591648
99591636
99586209
99584457
99573342
99555492
99552924
99549714
99535341
99516809
99507034
99503822
99500988
99491366
1910296
1859621
1774484
1559854
1050760
708600
473939
99594444
99592329
99591807
99587505
99586815
99582810
99582102
99561426
99560670
99555144
99546438
1893285
1887022
1807001
1783321
1627106
1402959
99602322
99601833
99601632
99600537
99599457
99596595
99595818
99588111
99586257
99583911
99573618
99566955
99566064
99563589
99561708
99549408
99535170
99523670
99514858
99503774
99261510
1905592
1902840
1902027
1898764
1892940
1873608
1848734
1830268
1825030
1668508
1619771
1575158
1554418
1449862
1235264
99602250
99600483
99600417
99599805
99599508
99595848
99593526
99591804
99590718
99589884
99589626
99588207
99582426
99572610
99567951
99565191
99563547
99562104
99560214
99558396
99557907
99557706
99552861
99547857
99535476
99535284
99533409
99528213
99524487
99521648
99515426
99511698
99490028
99467828
99466727
1926124
1914524
1908315
1905808
1855420
1845911
1844651
1811087
1803198
1797200
1766030
1744228
1695561
1589825
1584730
1465833
1452763
1452160
1429552
1364704
574237
217324
110186
99602847
99602826
99602808
99602721
99602682
99602370
99601662
99601326
99600921
99600276
99599472
99598458
99597534
99597453
99597021
99596616
99596481
99595812
99594456
99594402
99593151
99592650
99592545
99592320
99591741
99590007
99590001
99589998
99589179
99588936
99586383
99583881
99582906
99578922
99578841
99578796
99577761
99576990
99564372
99563931
99546147
99544152
99542955
99542952
99542940
99542931
99538824
99518594
99513204
99512038
99493680
99480425
99480386
99480356
99480335
99480185
99480161
99480116
99459812
99458108
99436687
99430723
99430039
99430009
99429259
99417589
99417127
99403249
99403060
99402994
99402883
99402874
99402868
99402736
99402631
99402613
99402520
99402445
99402226
99402223
99401959
99401863
99401734
99401713
99401557
99401494
99401428
99401350
99401341
99401281
99401227
99401131
99401095
99400924
99400816
99400729
99400558
99400549
99400489
99400390
99400363
99400324
99400303
99400240
99400237
99400192
99399985
99399970
99399937
99399829
99399769
99399751
99399739
99399649
99399640
99399601
99399544
99399535
99399439
99399406
99399229
99399049
99398731
99398728
99398686
99398638
99398488
99398449
99398425
99398311
99398287
99398263
99398185
99398170
99398164
99398110
99398104
99398032
99397993
99397888
99397804
99397591
99397549
99397516
99397480
99397462
99397246
99397117
99397063
99397000
99396661
99396658
99396415
99396331
99396175
99396043
99396037
99395956
99395830
99395764
99395725
99395638
99395575
99395557
99395434
99395305
99395119
99395116
99395113
99395086
99395017
99394984
99394783
99394738
99394729
99394432
99394417
99394249
99394210
99394027
99393907
99393694
99393655
99393625
99393544
99393463
99393199
99393178
99392947
99392809
99392593
99392398
99392308
99392053
99392029
99391984
