99590826
1903096
1498485
99516598
825988
99600693
99399703
99393790
99386902
99385960
99381108
99374494
99372728
99367481
99366434
99365225
99364094
99362300
99354125
99354122
99343259
99341237
99338012
99337781
99326294
99306414
99305949
99303003
99298071
99297237
99295821
99294612
99289433
99285350
99281174
99281171
99279974
99279971
99279764
99279761
99278174
99278171
99277838
99277835
99273707
99272162
99272048
99263853
99260551
99260539
99260362
99257530
99255571
99254002
99231682
99228052
99223423
99217514
99217508
99214832
99213872
99212513
99211004
1764159
543302
