99571797
99445883
99552750
99575163
99531738
99553296
99535467
1412274
77986
99542595
1893671
819679
99511728
1642395
99531243
99547713
1913097
99489684
1851606
1631226
1926017
99580002
99549786
99545745
1908297
99600102
99567261
99563175
1836142
99600561
99597861
99596265
99589251
99562164
99403087
99402943
99402550
99402097
99402022
99401866
99401395
99401359
99401017
99400771
99400009
99399541
99399451
99399250
99399214
99397975
99397351
99397294
99396751
99396574
99396142
99396106
99395449
99394858
99394420
99394315
99394222
99393838
99393610
99392902
99391561
99390394
99389533
99388948
99387808
99386764
99386386
99386245
99385570
99385348
99385336
99385294
99385165
99385069
99384895
99384310
99383569
99383542
99383167
99382630
99382606
99382381
99382174
99382111
99381985
99381829
99381342
99381338
99381186
99380746
99380732
99380164
99380064
99379756
99379668
99379644
99379298
99379190
99379104
99378788
99378526
99378506
99378422
99377852
99377780
99377340
99376870
99375428
99375194
99375184
99375140
99374566
99374496
99374066
99373942
99372846
99372618
99372590
99372266
99371764
99371714
99371690
99371416
99371230
99371090
99370972
99370784
99370470
99370392
99369990
99369652
99368858
99368609
99368426
99368024
99367397
99366989
99366809
99366224
99365993
99365972
99365072
99365015
99364901
99364709
99364292
99363890
99363491
99363488
99363404
99363095
99362324
99362285
99361889
99361877
99361532
99361499
99360359
99359828
99359621
99359351
99358748
99358598
99358448
99358391
99357890
99357836
99357629
99357560
99356852
99356690
99356447
99356417
99356234
99355970
99355967
99354356
99354335
99354311
99354308
99352955
99350741
99349859
99347654
99346838
99342179
99339629
99331247
99323633
99323630
99322946
99321542
99320771
99319742
99319487
99319397
99319115
99318872
99318038
99317993
99317318
99317291
99317054
99316955
99316931
99316832
99315902
99315683
99314080
99313747
99312274
99312217
99310915
99310044
99308619
99308310
99307986
99307698
99307521
99307485
99307476
99307389
99307077
99306192
99305625
99305400
99304962
99304287
99304248
99303876
99303792
99303501
99301869
99301680
99301482
99299898
99299472
99299346
99298065
99297861
99297810
99297666
99297117
99296982
99296832
99296067
99295311
99294798
99294720
99293853
99293262
99293256
99292710
99292431
99291408
99291036
99289895
99289145
99287222
99287216
99286553
99286349
99284921
99284855
99284399
99284396
99283805
99283802
99283691
99283688
99283577
99283574
99282917
99282914
99282701
99282698
99282248
99282245
99279980
99279977
99279956
99278780
99278777
99278318
99278315
99278306
99278303
99278078
99278075
99277355
99277352
99277115
99277112
99277097
99277094
99276965
99276962
99276434
99276431
99275558
99275555
99275435
99275432
99275252
99275249
99273950
99273881
99273431
99272669
99272600
99272558
99272384
99272258
99272198
99271778
99271724
99271010
99270767
99270555
99270126
99269862
99269835
99269748
99269724
99269664
99269643
99269001
99268947
99268329
99267864
99267273
99267141
99266652
99266118
99265647
99265149
99265020
99264375
99264249
99264162
99264039
99263895
99263838
99263814
99263457
99263403
99263130
99263079
99262740
99262434
99259549
99258151
99257029
99256672
99256507
99256357
99256177
99255970
99255244
99254770
99254587
99254494
99253414
99251647
99251566
99251428
99251335
99250945
99250843
99250825
99249952
99249862
99248662
99248464
99248242
99248074
99247780
99246976
99246535
99246397
99246238
99245704
99245251
99244516
99243979
99243841
99243556
99243502
99243421
99242866
99242608
99242311
99242233
99242047
99241804
99241093
99240880
99240478
99240343
99240298
99240133
99239731
99239542
99239374
99238033
99238009
99237622
99237598
99236260
99236128
99235897
99235543
99234541
99233929
99232840
99232303
99232120
99231835
99231499
99231496
99231463
99231322
99231319
99230527
99229705
99229144
99228607
99228205
99228118
99227497
99227266
99226195
99225616
99224929
99224632
99224521
99224002
99223864
99223093
99223030
99222355
99222127
99221671
99221239
99221134
99221062
99220876
99220666
99219726
99219651
99219648
99219531
99219353
99217818
99217241
99216640
99216440
99216280
99216240
99216144
99216084
99216064
99215924
99215367
99215291
99214496
99214172
99213878
99213875
99213494
99212684
99212576
99211295
99210563
99210083
1028899
