316
326
1878
1879
2058
2095
2265
2405
2467
2748
2749
2750
30865
2926
3080
3396
3397
3431
3442
3666
3795
3843
3857
3961
5783
31512
5958
6250
6716
6834
7330
7331
7332
7354
7988
8415
8484
8624
32263
9698
9732
9733
10092
32570
10165
11063
11064
11065
12279
12537
12637
12766
33208
33209
33210
12794
33211
12827
13038
13045
13170
33339
13602
14200
14590
14984
33719
15105
15131
15604
15626
15630
15632
15633
16450
18842
21043
21557
21561
21563
21565
21567
21568
21572
21573
21574
21575
21576
21578
21579
21580
21581
21584
21585
21587
21588
21590
35406
21595
35413
21597
21601
21603
21609
21622
35541
22087
22433
22559
22711
22978
23130
23158
23159
23254
35843
35845
23340
23420
23424
24102
24215
24428
24429
24430
24431
25167
25169
25266
25267
36394
25270
25273
25373
36450
25706
26126
