364
379
380
381
501
762
963
1045
1135
1136
30464
1169
2038
2149
2389
2704
30896
2802
2803
2985
3514
3578
31079
3690
3776
3811
3930
3932
3938
3939
31141
4165
4164
4235
31302
4910
4911
5231
31376
5304
5305
5449
5450
5451
5452
5453
5454
5455
5456
5457
5458
5460
5461
5462
5463
5464
5465
5466
5467
5468
5469
5470
5471
5472
5473
5585
5795
31545
5923
5967
6001
6013
6042
6082
6185
6215
6252
6323
6358
6496
6498
6532
6553
6554
6799
6833
7229
7271
7273
7312
7674
7675
7782
7938
7967
7973
8044
8068
8119
8228
8381
8429
8503
8547
32211
32212
8548
32213
8549
8550
32214
8559
8619
8643
8680
8867
9168
9173
9369
9395
9502
9542
9573
9594
9782
9809
9878
32519
32520
32521
9960
32523
32524
9961
9962
32561
10381
10408
10582
10583
10584
10585
10587
10643
10726
32652
10727
32653
10807
11423
11492
11504
11505
11565
12137
12372
12373
33096
12387
12535
33124
12645
12712
12713
12738
12764
13048
13104
33314
33319
33320
13398
13400
13861
13862
14015
14148
14167
14168
33515
33516
14301
14302
33523
33527
14324
14381
14394
14395
33538
33539
14398
14399
14400
14401
14402
14403
14404
14405
14406
14407
14408
14409
14411
14412
14413
14414
14415
14416
14417
14418
14419
14420
14421
14422
33541
14446
14670
14719
14720
14727
14728
33612
14729
14730
14733
14734
14735
14736
14737
33644
14801
14972
15027
15167
15231
15365
15366
15368
15369
15371
15372
15373
15374
15375
15377
15378
15379
15380
33863
15860
33889
15876
15877
15898
33895
15899
15900
15901
15902
15903
15904
15910
33934
33935
16039
16067
33942
33944
33945
33946
16123
33955
16125
16126
16129
16200
33971
33972
16203
16204
16205
16206
33976
16254
16266
16323
16339
34000
34003
16475
16813
16853
16854
16922
17421
17422
17598
17821
17852
18036
18069
18232
18405
18495
34614
18767
18900
18968
19016
19180
19228
19366
19367
19368
19375
19386
19389
19640
19648
19760
19906
20102
20147
20424
20598
20599
20694
20746
20777
20805
20947
35234
35242
21007
21034
26218
35281
21147
21269
21297
21471
35441
21728
35461
21789
21828
21886
21887
21888
21889
21890
21995
35563
22091
22093
22347
22575
22579
22903
22904
22905
22906
35784
23104
23167
23299
35862
23364
23365
23366
23367
23368
23369
23370
23371
23372
23390
35881
35882
23391
23392
23393
23394
23395
23396
35886
35887
23433
23675
23685
23686
23814
23847
23905
23912
23949
23997
23998
23999
24000
24007
24017
36021
36022
24026
24054
24056
24057
24058
24059
24110
24518
24519
24520
24521
24522
24656
24703
24910
25061
25114
25181
25250
25288
25289
36399
25298
25467
25468
25530
25531
25534
25564
25565
25742
25845
36550
25847
36551
36552
25849
25850
25851
25852
25853
36553
25923
26183
36643
36653
26393
36654
36704
27163
27382
27434
27498
27499
