1047
1048
1049
1050
1052
1053
1342
1341
1352
1709
1711
30605
2017
2020
30694
2022
2024
30700
2030
3501
31067
3804
31107
3807
3808
4556
4557
5015
5633
6030
6031
31775
7758
7774
32231
8690
32249
8870
8871
8872
8873
9065
32309
32310
9380
32444
9787
9908
32562
32751
32752
33154
12807
33329
13700
13716
13752
14060
14061
14230
15806
15823
33921
33985
33986
16313
16476
34113
16951
17424
17425
34307
34308
17508
17766
18391
18495
34776
19193
19194
19195
19196
19197
34834
20294
20370
20406
20407
20408
35076
20474
35164
20754
23024
23407
23733
23769
36035
24118
25344
36451
36452
36453
27462
27463
37116
