30345
459
501
963
1045
30450
1136
30464
1169
1343
2038
2149
2162
2389
30790
2418
30866
30896
2800
2802
2803
2985
3310
3317
3332
3333
31031
31032
3514
3578
3718
3750
3776
3811
3937
3941
3942
4024
4164
4165
4235
4333
31302
5211
31360
31361
5231
5279
31376
31377
5398
5449
5450
5451
5452
5453
5454
5455
5456
5457
5459
5458
5460
5461
5462
5463
5464
5465
5466
5467
5468
5469
5470
5471
5472
5473
5477
31506
31516
5795
5806
5809
31524
31525
5817
5818
5819
31545
31546
5923
5967
6001
6002
6013
6035
6042
6215
6252
31650
6358
6496
6532
6553
6554
6555
31760
31761
31762
31763
31764
31765
31766
6799
7226
7229
7287
31957
7312
7938
7967
7973
8119
32155
8372
8381
8424
32190
8482
8503
8542
8544
8545
8547
32211
32212
8548
32213
8550
32214
8559
32225
32226
8619
8643
8680
8681
8682
8683
32246
8801
8842
8851
8853
8854
8855
8856
32272
8857
8858
8859
8860
8861
8867
8983
32312
9104
9168
9173
9369
4
9395
9502
9542
9573
9593
9594
32432
32433
9599
9600
32434
9601
9602
9667
32445
9668
9669
9670
9671
9673
9720
9782
9810
9811
9812
9813
9878
9879
32521
32522
9962
10004
10041
32561
10381
10582
10583
10584
10585
10586
10587
10588
10643
32655
10807
11423
11424
11492
11503
11504
11505
11506
11965
12137
33089
12372
12373
33096
12387
12645
12646
12712
12713
12764
12767
13104
13250
13251
33319
33320
13479
13861
33455
13862
13886
33487
14148
14167
14168
33515
33516
33527
14335
14366
14368
14381
14393
14394
14395
14396
14397
33538
33539
14398
14399
14400
14401
14402
14403
14404
14405
14406
14407
33540
14410
14408
14409
14411
14412
14413
14414
14415
14416
14417
14418
14419
14420
14421
14422
33541
14594
14614
14670
14719
14720
14727
14728
33612
14729
14730
33613
14731
14732
14733
14734
14735
14736
14737
33644
14801
14935
14964
14972
15027
33738
15228
15231
15261
33769
15365
15366
15367
33781
15368
15369
15370
15371
15372
15373
15374
15375
15376
15377
15378
15379
15380
15381
15503
33863
15845
15860
15865
15873
15874
15897
15898
3
15899
15900
15901
15902
15903
15904
15910
33934
33935
33942
16067
16068
16069
33944
16072
33946
16076
16117
16200
33971
33972
16203
16204
16205
16206
33976
16266
34000
34003
16665
16748
16853
16854
34199
17383
17384
34301
17598
17668
17821
17852
17979
17983
18286
34563
18360
18405
34614
18900
19016
19236
19237
19366
19367
19368
19385
19386
19389
19565
19740
19760
19855
20102
35011
20147
20148
20424
20425
35117
35119
20598
20599
20805
20927
20946
20947
20948
35234
21007
21034
35253
35281
26218
35287
21245
35311
35312
21269
35327
21297
21471
35403
21667
35441
35455
21789
21790
21828
21886
21887
21888
21889
21890
35564
35565
22091
35762
22903
22904
35763
22905
22906
35764
35784
23025
23167
23299
35862
35863
23364
23365
23366
23367
23368
23369
23370
23371
35864
23372
35879
35880
23390
35881
35882
23391
23393
23394
23395
23396
23397
35886
35887
23422
23673
23675
23685
23686
35948
23814
23847
23905
23912
23913
23949
23954
36007
36008
24007
24025
24026
24029
24030
24054
24055
24056
24057
24058
24059
36029
36030
24060
36031
36032
36033
36034
24110
24226
36071
24332
24518
24519
24520
24521
24522
24696
24703
24751
24752
24790
25056
25163
25181
25241
25250
25288
25289
36399
25298
25344
36433
25419
25534
25562
25564
25565
36461
36484
25923
26183
36643
36653
36689
27163
27293
27294
27382
27434
27466
