1252
1253
2027
3028
3270
3298
3523
31295
31296
5397
5436
5773
6401
7626
7636
7640
7644
7645
7648
7656
7658
7672
7676
7677
7679
7680
7684
7685
7686
7687
7689
7703
7705
7707
7708
7709
7717
7726
7734
7735
32041
7742
7744
7745
7749
7754
7763
7764
7765
7767
7768
7769
7770
7771
7772
7773
32078
7949
8061
32103
8082
8310
8659
9082
9277
9404
9745
9752
9754
9755
9756
9789
9793
9857
10119
10157
10600
11467
33069
12296
13502
14149
14150
14151
14152
14153
14154
14155
33510
14179
14180
14212
14234
14245
33652
14939
15012
15980
16016
18364
19241
21989
22983
23139
23245
23246
23257
24220
24489
36283
36378
25379
25793
36708
36727
27403
28541
28542
28544
28545
28546
28547
28548
29809
29880
37695
