30349
342
30350
370
30351
30369
30431
1118
1122
30614
1911
2141
30734
30733
2167
2171
2181
2185
2187
2186
2280
30816
30822
30828
30988
3424
3876
4028
4292
31288
4727
31301
31305
4878
5192
31346
31349
5208
31362
5247
5280
6129
31667
31669
31670
31674
31678
31679
31680
31681
31683
31684
31685
31686
31687
31691
31695
31697
31710
31790
31791
31792
31793
31795
31796
31799
31800
31801
31802
31803
31804
31805
31806
31808
31809
31812
31813
7242
7243
7917
7918
7919
8178
8179
32202
32494
32537
10048
43
11586
33070
33211
33273
33354
13677
33419
14417
14418
14419
14955
16148
16149
16794
17757
19615
19778
21247
21978
22325
22379
35688
22555
22699
22891
35921
23580
24135
24136
24601
36342
25167
25488
25543
36580
26077
26121
26122
26690
31683
31684
31685
31686
31687
31691
31695
31697
31710
31790
31791
31792
31793
31795
31796
31799
31800
31801
31802
31803
31804
31805
31806
31808
31809
31812
31813
7242
7243
7917
7918
7919
8178
8179
32202
32494
32537
10048
43
11586
33070
33211
33273
33354
13677
33419
14417
14418
14419
14955
16148
16149
16794
17757
19615
19778
21247
21978
22325
22379
35688
22555
22699
22891
35921
23580
24135
24136
24601
36342
25167
25488
25543
36580
26077
26121
26122
26690
