95
139
138
173
174
331
200
199
207
208
258
307
333
387
399
30355
411
450
30357
30370
559
635
645
647
660
782
882
901
30418
946
950
967
1003
1037
1126
1150
1268
30524
1335
1544
30582
1646
1717
1716
1748
1762
1763
1770
1771
30619
1836
1838
1856
1871
1879
1923
2008
2044
2048
2089
30725
2148
2170
2229
2251
2259
30764
2415
2426
2492
2493
2497
2528
2713
2763
30876
30903
2841
2858
2908
2988
2996
30970
3054
3062
3063
3099
3117
3165
30997
3389
3405
31087
3703
3704
31101
3774
3839
3905
3964
31159
4021
4036
4066
4073
31186
31189
4094
4119
4146
4184
4199
4200
31246
4370
4727
31307
4912
5157
5267
5290
5433
5461
5462
31429
31431
5510
5524
5535
5591
5595
31456
31457
31474
5682
5683
5684
5685
5707
5715
5757
5959
6029
6152
6162
6168
31612
6170
6249
31633
1836
1838
1856
1871
1879
1923
2008
2044
2048
2089
30725
2148
2170
2229
2251
2259
30764
2415
2426
2492
2493
2497
2528
2713
2763
30876
30903
2841
2858
2908
2988
2996
30970
3054
3062
3063
3099
3117
3165
30997
3389
3405
31087
3703
3704
31101
3774
3839
3905
3964
31159
4021
4036
4066
4073
31186
31189
4094
4119
4146
4184
4199
4200
31246
4370
4727
31307
4912
5157
5267
5290
5433
5461
5462
31429
31431
5510
5524
5535
5591
5595
31456
31457
31474
5682
5683
5684
5685
5707
5715
5757
5959
6029
6152
6162
6168
31612
6170
6249
31633
6355
6385
6386
31661
31688
31701
6436
6501
31711
6542
6577
31769
6694
31790
31794
31803
31809
31810
31811
31814
31823
31825
31826
31829
6831
6988
31890
7012
31892
31918
7207
31933
7243
7279
7383
7388
7394
7395
7554
7555
7556
7600
7601
32055
7828
7914
7916
7921
7929
7974
7985
32094
8006
32096
8052
8112
8309
8316
32150
8337
8365
32179
8423
8446
8707
8729
8730
8853
8858
32276
9080
32331
9130
32361
32362
9262
9395
9461
32453
9734
9736
32457
32470
9798
9806
9807
9809
9810
9813
32473
9815
9816
32474
9817
32476
9818
9820
9821
9822
9823
32477
9824
9825
32480
32479
9827
9828
32481
9830
9831
9832
9833
32483
9835
9836
9837
9838
9839
9840
9841
9842
9843
9845
32485
9846
9847
9848
9849
9850
9851
9853
32486
9854
9855
9856
9857
32489
9858
32490
9859
9860
9861
9862
9863
9865
9866
9867
9868
32491
32492
9869
9870
9871
32494
9876
9877
32495
9878
9879
9880
9881
9882
9884
9886
9893
9938
32544
10106
10119
10126
10144
10148
10203
10225
10232
10287
10325
10326
32596
32598
10554
10682
10685
32646
10687
10691
10692
32652
10737
10761
10792
32672
32677
10834
10873
32682
10875
10897
11038
11108
11139
11163
11193
11212
32727
11249
11262
11276
11338
11339
11340
11398
11429
11430
11451
11474
32828
11928
12019
12038
12041
12062
12063
12078
12079
12087
12120
12157
12185
12239
12251
12281
33091
12393
33124
12613
33145
12702
12724
12779
12785
33205
12834
33254
13022
13238
13450
33367
33375
13566
13567
13574
13622
13652
33414
13669
13681
13818
13819
13820
33451
13907
13925
13972
14028
14035
14052
14064
14234
14251
14351
14411
14412
14413
14525
14527
14528
14876
14931
33657
15056
15342
15351
15449
15525
15545
15620
15653
15654
15703
15772
15773
33875
33888
15893
33911
15997
15998
15999
16114
34043
16529
34054
16541
16543
16554
34058
16560
34060
16570
34061
34062
16577
34063
34068
34069
34071
16610
34081
34082
34083
16616
16617
34084
34085
34088
34089
16647
16751
16770
16858
16947
16964
34205
17051
34207
34208
34209
17056
17102
17461
17525
17552
17561
17649
34353
17737
17776
17957
18015
34516
18364
34572
18440
34585
34586
34634
34635
18563
18626
18680
34665
18966
34765
34767
34815
19290
19334
19389
19424
19454
19456
19717
34932
19975
34979
20113
20120
20140
20142
20143
20150
20382
20500
20559
35123
35124
20639
20640
20720
20721
20722
20723
35158
35159
20759
35204
20915
20937
35217
35231
35244
21079
21169
35317
21344
35348
21398
21412
21428
21439
35360
21492
21514
21515
21543
21581
21653
35442
21691
21703
21713
21807
21891
21926
21997
35545
35589
35625
35626
22498
22522
22524
22554
22891
22892
22993
22999
23023
23034
23121
23122
23142
23245
23378
23398
23431
23439
23447
35900
23450
35901
23453
23465
23466
23484
23600
23601
23602
23606
23607
23608
23651
23679
35944
23723
23726
23803
23973
23974
36009
36011
24038
24054
24055
24056
24059
24086
24091
36039
36040
36042
24098
36051
24232
36079
36099
24343
24345
24350
36113
36112
24353
24356
36119
36120
24529
24530
24601
24604
24619
24630
24654
36242
24696
24713
24714
24715
24716
24717
24719
24762
36258
36259
24817
24836
36284
24898
24946
36302
36303
25048
36340
25090
25096
25110
25111
25201
25205
25249
25321
25381
25385
36454
25647
25878
25938
25959
25983
25985
36590
36591
25986
26004
26039
26040
26049
26082
36608
26085
26122
26156
26182
26209
36634
26222
36637
26232
26238
26246
26249
26257
26294
26296
26306
26307
26324
26325
26358
36650
26433
26456
36665
26467
26470
26472
26473
26478
26585
36676
26611
26626
26627
36681
36684
26671
26684
26713
26739
26776
26785
26791
26795
26796
26832
26835
26866
26948
26952
26995
26996
27014
27016
27017
27029
27033
27057
27059
27060
27061
27101
27138
27150
27151
27152
27273
27441
36802
27514
36815
27726
36862
29556
29564
