30359
783
1290
1337
30590
30608
30609
30610
30611
30612
30621
1819
1821
1901
2948
3097
3211
3367
31041
31068
31184
4539
31430
31456
31457
31477
5729
6013
6526
31750
31934
31935
7270
7321
8228
8671
32278
32279
32386
10100
32584
10433
32673
32674
32675
32676
10963
11005
32814
32832
32842
32997
11873
33006
12206
12207
12272
33182
12899
12924
13052
13202
13203
13224
33364
13680
14728
14730
14959
33786
33787
15564
33849
33976
33988
33989
16318
16338
16345
16346
16347
16348
16349
16350
16351
16352
16353
16357
16359
16361
16363
16364
16365
16366
16367
16368
16369
16370
16371
16372
16373
16374
16375
16376
16377
16378
34050
16656
16743
16823
16834
16958
17056
17066
34321
17612
17617
34345
17618
34357
34358
34398
17856
17868
17869
17870
17952
18146
34513
34512
18179
18182
34519
34527
18256
18273
34553
34562
18349
18430
34589
34588
34599
18567
34637
34642
18746
18748
18762
18782
32842
32997
11873
33006
12206
12207
12272
33182
12899
12924
13052
13202
13203
13224
33364
13680
14728
14730
14959
33786
33787
15564
33849
33976
33988
33989
16318
16338
16345
16346
16347
16348
16349
16350
16351
16352
16353
16357
16359
16361
16363
16364
16365
16366
16367
16368
16369
16370
16371
16372
16373
16374
16375
16376
16377
16378
34050
16656
16743
16823
16834
16958
17056
17066
34321
17612
17617
34345
17618
34357
34358
34398
17856
17868
17869
17870
17952
18146
34513
34512
18179
18182
34519
34527
18256
18273
34553
34562
18349
18430
34589
34588
34599
18567
34637
34642
18746
18748
18762
18782
34691
18874
34703
18931
19061
19072
19085
19144
19153
34813
19382
19410
19494
34888
19783
19851
19935
19936
19980
34979
34984
20125
20342
20352
20356
20462
20525
20596
20686
20810
20811
35199
21080
21092
21151
35290
35294
21185
35309
35321
35322
35333
35375
21892
22515
22881
22904
22906
35784
35819
23141
35834
23351
23705
23848
23894
24086
24256
24257
24258
24259
24260
24261
24262
24263
24264
24265
24266
24267
24268
24269
24270
24273
24274
24276
24277
24279
24280
24281
24300
36166
24663
24865
24897
25127
25395
25426
25587
36536
36638
26673
27436
