93
92
151
150
164
165
197
198
207
208
217
218
308
344
358
427
30357
471
30311
1486
1728
30602
30603
30604
30641
1868
2172
2173
2332
2631
2695
2839
30994
3288
31113
31282
4760
5520
5591
31612
6175
6772
6796
31790
31791
31793
31796
31798
31800
31801
31803
31805
31806
31808
31809
31812
31815
31816
31819
31822
31824
31827
31830
31831
31832
31834
31836
31837
31838
31839
31841
7050
8901
9290
9325
9619
11910
12396
12536
13721
13760
13883
13884
33506
14254
15228
15550
15997
15998
16024
16518
16519
16523
16535
16545
16565
16570
16578
16580
16582
34070
16590
16598
16600
16601
16602
16604
16605
16606
16613
16619
16626
16644
16957
17231
18017
19424
19736
35012
20113
20347
21101
21152
21609
21812
21818
35488
21896
21919
22632
22637
22638
22758
23116
23142
23168
23409
23410
35900
23459
35908
23700
24057
24059
24598
24715
24814
24836
25089
25090
31803
31805
31806
31808
31809
31812
31815
31816
31819
31822
31824
31827
31830
31831
31832
31834
31836
31837
31838
31839
31841
7050
8901
9290
9325
9619
11910
12396
12536
13721
13760
13883
13884
33506
14254
15228
15550
15997
15998
16024
16518
16519
16523
16535
16545
16565
16570
16578
16580
16582
34070
16590
16598
16600
16601
16602
16604
16605
16606
16613
16619
16626
16644
16957
17231
18017
19424
19736
35012
20113
20347
21101
21152
21609
21812
21818
35488
21896
21919
22632
22637
22638
22758
23116
23142
23168
23409
23410
35900
23459
35908
23700
24057
24059
24598
24715
24814
24836
25089
25090
25098
25662
25663
27389
28264
37407
37754
37755
