139
138
173
174
331
207
208
258
307
333
411
30357
559
560
647
897
1114
30619
1815
2148
30764
2492
2493
3399
31144
4073
31186
4332
31307
5428
5508
5524
5591
31455
5715
31481
6168
31612
6170
31701
6501
31790
31809
31819
31821
31829
31843
6988
7722
8187
32179
9080
32331
9644
9810
9813
32474
9818
9822
9864
32495
32596
10692
9
12393
12547
33152
33178
12778
12779
33205
13102
13627
13968
14234
14316
14412
14413
14911
15261
33805
15632
15893
16114
34063
34069
34082
34083
16616
16617
18564
34838
19975
19984
19985
35178
35217
21926
22286
22287
23121
23142
23245
23439
23443
23445
23446
23447
23448
23449
35899
35900
23451
35901
23452
23464
23465
23484
23511
35992
24054
24055
24057
36031
36032
36033
24330
24353
36239
24814
24817
36268
25090
25096
25898
25900
25938
26632
26938
32179
9080
32331
9644
9810
9813
32474
9818
9822
9864
32495
32596
10692
9
12393
12547
33152
33178
12778
12779
33205
13102
13627
13968
14234
14316
14412
14413
14911
15261
33805
15632
15893
16114
34063
34069
34082
34083
16616
16617
18564
34838
19975
19984
19985
35178
35217
21926
22286
22287
23121
23142
23245
23439
23443
23445
23446
23447
23448
23449
35899
35900
23451
35901
23452
23464
23465
23484
23511
35992
24054
24055
24057
36031
36032
36033
24330
24353
36239
24814
24817
36268
25090
25096
25898
25900
25938
26632
26938
