111
101
112
113
135
355
425
426
541
635
933
1077
1101
1162
30471
1345
1373
1374
1871
1912
2059
2251
2277
30759
2452
2723
2811
2812
30901
30902
2902
3017
3289
3292
3296
3298
3307
3424
3703
31106
3855
31133
31159
4023
4024
31195
4259
4344
4547
4664
4697
4918
30
5308
5559
5738
5797
5798
5800
5801
5821
5823
5889
5896
5911
5922
5923
5924
5933
5934
5935
6010
6097
31587
6149
6157
6179
6180
6217
6254
6356
6426
6661
6714
6800
7055
7183
7238
7289
31972
7356
7437
7525
7527
7599
7706
7967
8202
32140
32141
8335
8370
8680
32246
8722
8736
32323
40
9382
9385
9386
9423
9567
9571
9593
9695
9903
9938
10080
10094
10144
10156
10958
11751
11912
12021
12037
12074
12127
12128
12139
12153
12154
12236
12263
12400
12593
12706
13208
13292
33349
33350
13407
13502
13504
13681
33470
14031
14047
14136
4697
4918
30
5308
5559
5738
5797
5798
5800
5801
5821
5823
5889
5896
5911
5922
5923
5924
5933
5934
5935
6010
6097
31587
6149
6157
6179
6180
6217
6254
6356
6426
6661
6714
6800
7055
7183
7238
7289
31972
7356
7437
7525
7527
7599
7706
7967
8202
32140
32141
8335
8370
8680
32246
8722
8736
32323
40
9382
9385
9386
9423
9567
9571
9593
9695
9903
9938
10080
10094
10144
10156
10958
11751
11912
12021
12037
12074
12127
12128
12139
12153
12154
12236
12263
12400
12593
12706
13208
13292
33349
33350
13407
13502
13504
13681
33470
14031
14047
14136
14156
14175
14233
14243
14390
14431
33556
14464
33573
14931
14947
15157
33751
15202
15331
15392
15391
15451
15635
15733
15778
15788
15790
15829
15842
15843
15844
16110
16217
17873
18137
18285
18795
19276
34851
19492
19940
20007
20818
21431
21475
21695
35454
21809
21878
21891
21960
22095
22097
22484
22630
22652
23076
23077
35818
23376
35870
23397
23664
23692
35990
36025
24050
24074
24076
24128
24147
36049
24154
24172
24240
36155
24400
24401
24426
57
24535
24536
24537
24547
24550
36191
36192
36203
24555
24556
24565
24566
24621
24656
24833
24846
24921
24922
24947
36313
36315
36317
25074
25075
25076
36335
36336
25104
25329
25434
25489
26894
27168
27246
27274
