30659
2212
2256
30749
2363
2364
2365
2366
2380
30882
2812
2959
2961
3030
31187
4614
4695
4738
5247
6201
6297
6614
31880
7218
31938
7335
7414
32067
32248
32277
32341
9394
9454
9550
32474
10110
10653
32803
32804
32812
11629
11829
11850
12150
12190
12330
33098
33111
12527
33337
33345
13651
33489
33498
14264
33740
15148
33742
33743
15557
15691
15922
16008
16113
16271
33992
16787
17377
18092
34697
19145
34821
20944
20976
21962
22971
35785
35836
23330
23697
23940
36002
36073
25416
25641
36534
26862
27461
