149
114
140
141
156
157
213
214
315
1027
30422
30423
1073
1516
30625
1917
30667
2265
3735
4024
31187
4136
4635
31342
31349
5408
5522
6217
6261
31674
31759
6732
31880
31896
31938
31940
31941
7662
32020
32022
32023
7663
32025
7664
7665
7668
7669
7671
36
9089
9343
9394
32415
32416
10627
10628
32625
10630
32628
11586
32811
11744
32923
11745
11746
11765
32940
11895
11935
12138
12139
33222
33223
13052
13542
13600
13693
14233
14906
14973
14977
15121
15147
33741
15209
15635
15834
16258
16710
16797
34181
34217
34225
18036
18271
19093
19840
20223
20792
20794
21502
21977
21978
35533
21980
35535
35536
21986
35537
35538
21990
21993
21994
21996
21999
22007
35679
35807
23697
23927
35995
36002
24006
36016
36017
24034
24389
24685
24985
36315
25285
36435
25414
25415
25417
36437
25420
25488
36475
36520
36534
25834
25835
36541
25836
26181
27327
