30421
3118
3394
31128
6041
31567
6312
6446
31886
7413
8047
8087
8090
8093
8094
8099
8171
9206
9558
32419
9557
9559
9560
32420
32421
9561
9658
9971
9972
9973
9974
10562
32702
12615
13148
13308
15190
15216
15498
16221
16309
16805
16806
16807
16808
16809
16821
17984
17987
34454
18074
34479
18088
18180
34543
34596
18550
18551
34634
18566
18590
18637
18638
18639
18689
34663
18853
18868
18886
19033
34773
19220
19295
19656
19783
20011
20012
20113
20185
20496
35094
20520
20793
20817
20988
21084
21092
21094
21095
35270
35271
21174
21436
21942
22415
35770
22939
23361
23362
23413
23414
23415
23416
23826
23827
23828
23829
23830
23831
23832
23833
23834
23835
23836
23837
23838
36026
24919
25143
25285
25925
25926
27436
