238
239
240
241
242
243
244
2514
2515
2516
2517
2518
2519
2520
2521
3044
31080
3889
4919
5293
5313
5314
5315
5316
5317
5318
5320
5319
5321
5322
5323
31463
6138
6139
6140
6141
6142
6143
6144
6145
6147
6148
6149
6150
6151
6152
6153
6154
6156
6157
6158
6159
6160
6161
6415
6800
7227
8357
32181
8404
8412
8413
8418
32183
8421
8426
8428
8497
8498
8918
8969
9097
9235
9236
9237
9238
9239
9240
9241
9242
9243
9244
9245
9246
9247
9248
9249
9250
9251
9252
9253
9254
9255
9257
9258
9259
9267
9876
32551
10026
32664
11137
11916
11917
11918
13841
13843
13844
13845
13847
33453
13904
14379
33594
14618
14791
14792
15014
15015
15016
15017
15018
15019
15020
15021
15022
15023
15024
15025
15275
15409
15553
15571
15596
15740
16037
16081
33950
16250
33978
16275
16451
16749
16831
16833
16843
16966
16970
17417
17674
34360
34361
34362
34363
34364
34365
17689
17699
17726
17730
17794
17827
17832
17969
18300
18327
18420
18421
18445
18450
18498
18553
18602
34646
18608
18660
18670
18671
18705
18755
34701
18883
18884
18898
18913
18925
18926
18970
18991
19057
19059
34735
19069
19110
19115
19266
19417
19435
19587
19607
19608
19825
19877
19898
19965
19968
35024
20195
35039
20240
20326
35089
20513
20514
20523
20564
20624
20625
35140
20676
20697
20762
20908
21075
21123
21124
21224
21272
21273
21274
22577
23399
23698
24005
24210
25010
25011
36347
25284
25370
36422
25396
27314
36754
36787
36788
27435
27482
27521
27522
27523
