237
343
928
1928
2782
3059
30978
3353
3354
4487
31415
5593
6628
6635
6636
31977
8032
8196
32242
8676
8867
10952
11629
11689
32881
11719
32957
32958
32995
11884
33028
11982
11992
33084
33188
12795
12841
33306
33417
14703
14704
14705
14706
14707
14708
14709
14710
14711
14712
14713
14714
14715
14716
14717
14718
14758
15127
15816
15817
15818
15819
15821
15822
16415
16454
16609
16787
17067
17403
34298
17574
34585
34586
18732
34721
34722
19449
19552
19654
34921
20251
20252
20308
20309
20889
20928
35232
21440
21710
22744
22970
22971
22989
51
22990
35785
22991
22992
22993
23023
23717
35952
25150
36369
36370
25151
25155
25158
25160
25598
26734
36733
36746
27194
27417
36779
36780
27480
27506
