319
30352
30439
30448
30457
30466
1205
1209
1211
1328
2071
30745
2335
2758
2771
2825
2964
3012
3031
3252
3280
3304
3327
3480
31062
3568
3856
4243
31272
31273
4613
5198
5301
5341
5342
5569
5570
5710
5723
5887
6073
6074
6200
6311
6548
6933
6972
7301
31997
7420
7422
7778
8331
8496
8574
8617
8718
8849
9287
9525
9540
9802
9896
9956
32508
32534
32535
10051
10355
10625
32706
32707
11788
11817
12269
12641
12732
13065
33272
13079
13100
13244
13390
13462
13493
13545
13595
13824
14163
14220
14359
14369
14373
33604
14672
14745
15462
15505
15825
15890
15938
16252
16298
16406
16747
17073
17497
17545
34484
34542
18693
34700
19143
19282
19344
19370
20538
20753
21254
21388
21566
21827
21991
22003
22349
22417
22421
22509
22908
22963
35811
23128
23747
24237
36079
24378
24454
24488
24936
25280
25568
26073
36789
36902
28114
28258
28320
37042
28460
28462
28494
28919
29854
29856
29865
30296
30297
30300
