67
72
73
1178
1179
1181
1327
1422
1737
1846
30664
1983
2277
30759
2348
2525
2526
2527
2528
30800
2530
2723
2841
3018
3064
3065
31039
3361
3767
3823
3962
31158
4073
31204
4244
31235
4350
4351
4352
31310
31311
4832
4833
4838
4916
5229
5285
5298
5484
5494
5605
5744
5756
31547
31548
31549
31550
5969
6128
6168
6169
6171
6172
6173
6221
6255
6259
31627
31628
6355
6456
6504
31710
31711
6678
6781
6782
6841
31853
6954
31892
31955
7415
7647
7682
32073
32082
7953
7971
8077
8114
8115
8179
32121
8223
8343
8342
8345
8346
8348
8349
8350
8351
32200
8563
8594
9204
32380
32392
9427
9428
9568
9571
9595
9662
9700
9701
9702
9703
9704
9705
9706
9707
9708
9709
9710
32452
9711
9712
9713
9714
9715
9716
32453
9721
9722
9723
9724
9740
9741
9976
10059
11099
11495
11560
11900
11914
11963
33029
12005
12006
12007
12140
12237
12238
12239
12240
12379
12380
12381
12382
12383
12385
33102
12394
12566
33142
12696
12706
12707
12708
12722
12792
12908
13030
33286
13259
13389
13403
13471
13473
13583
13601
13635
33410
33411
13636
13637
13638
13639
13640
13641
13642
13643
13644
13645
13646
13647
13648
13652
33414
33450
33451
13884
13935
13936
14052
14063
14066
33492
14228
14378
14584
14603
14666
14771
14773
14938
15160
33746
15212
15242
33770
15411
15457
33837
15680
15725
33883
15981
15982
15983
15984
15985
15986
15987
15988
15989
15990
15991
15992
15993
15994
16021
16077
16086
16089
16090
16091
16093
16094
16095
16096
16097
16098
16099
16100
16101
16102
16105
16108
16116
16130
16136
16138
16145
16155
16196
16201
16211
16212
16213
16232
16243
16244
16245
33977
16253
16295
16296
16305
33991
16316
16341
16342
16380
16383
34018
16416
16427
16428
16429
16430
16431
16432
16435
16436
16441
16460
16461
16462
16463
34042
34043
34044
34045
16464
16465
16466
16467
16468
16469
16470
34048
34049
16487
16488
16492
16654
16655
16671
16680
16688
16689
16706
34108
34109
34110
16707
16722
16723
16724
16725
16726
16727
16728
16729
16730
16731
16732
16733
16734
16735
16736
16737
16738
16739
16740
16741
16742
34118
34121
16751
16752
34122
16757
34124
16763
16766
16776
16781
16782
16783
16784
16785
16786
16796
16797
16819
16820
16829
16830
16836
16841
16856
34158
16859
16952
16953
16982
17002
17004
17012
34188
34189
17017
17020
17023
17034
17038
17040
17042
34201
34202
17060
17068
17072
17074
17075
34222
17076
17077
34223
17078
17079
17080
17081
17082
17083
17369
17372
17394
17397
34283
17400
17404
17409
17419
17436
17443
17444
17468
17484
34305
17488
17489
17490
17491
17492
34306
17493
17494
17496
17503
17509
17541
17543
17544
17552
17553
17554
17571
34325
34326
34327
17579
34328
34329
34330
34331
34332
34335
17587
17599
17617
17630
34351
17656
17657
17658
17659
17660
17661
17662
17663
17668
17678
17679
17694
17695
34369
34372
34373
17696
17697
17700
17701
17702
17703
17704
17705
17706
17724
17725
17728
17732
17756
17760
17762
17763
34397
17769
17770
17771
17791
17792
17804
17805
17809
17820
17828
17839
17842
17845
17865
17866
17887
17889
17890
17891
17905
17906
17909
17910
17932
17962
17972
34447
17974
18001
18049
18050
18055
18058
18059
18060
18064
18065
18097
18137
18139
18169
18170
34514
34516
18223
18224
18226
18227
18228
18229
18230
18240
18242
18250
34536
18253
18254
18255
18259
18265
18266
18275
18280
18287
18313
18347
18392
18395
18432
18433
18437
18438
18439
18440
18441
18448
18449
34590
18463
18464
18465
18466
34600
18479
18480
18486
18487
18500
18501
18502
34617
18503
18504
18505
18506
18507
18508
18509
18511
34618
18512
18513
18514
34620
34621
34622
18515
18516
18517
18518
18519
18520
18527
18528
18587
18588
18615
18627
18643
18644
18645
18646
34652
18647
18649
18650
18651
18661
18717
18719
18720
18721
18722
18758
18779
18783
18801
18830
18843
18844
18845
18846
18847
18848
18849
18871
18881
18882
18885
18887
34707
34710
18903
34711
18914
18915
18916
34717
34718
18934
18939
18941
18944
18959
18960
18961
18964
18965
18969
18985
18987
19005
19050
19060
19067
19082
19083
19107
19108
19114
34767
19120
34775
19165
19168
19169
19170
19171
19172
19174
19175
19178
34794
34795
34796
34797
34803
19200
19201
19218
19233
19234
19235
19245
19246
19249
34815
19251
19252
19255
19264
19271
19272
19273
19274
19290
19320
19328
19335
34840
34843
34844
19350
34851
19372
19391
19419
19458
34871
19459
19462
34872
19463
19464
19466
19490
34889
19541
19543
19544
19545
19546
19547
19548
19549
19550
19551
19553
19554
19557
19559
19573
19590
19595
19596
19599
19609
19623
19625
34910
34911
34912
34913
19626
19627
19719
19723
19724
19725
19741
19765
19766
19772
19777
19778
19782
19790
19795
34944
19796
19798
19799
19803
19804
19817
19837
19858
19859
19860
19861
19871
19878
19933
19943
19945
19946
19957
19964
34978
19972
19974
19976
19981
19995
20000
20003
20004
20016
20122
20123
20155
35033
35036
20184
20194
20202
20203
20204
35041
20223
20227
20231
20234
35045
20238
20239
10
35046
20246
20260
20290
20292
20293
20305
20309
20331
35066
20336
20337
20338
20344
35069
20358
20363
20376
20430
35078
20431
20432
20433
35079
35080
20449
20461
20464
20468
20472
20473
20482
20495
35092
20499
20507
35097
35098
35099
20508
35100
20509
20510
20511
20512
20539
20547
20551
20554
20557
20558
20563
20565
20566
20567
20568
20601
20602
20613
20614
20615
20616
20618
20619
20622
20623
20629
20630
20631
20632
20633
20634
20635
20636
20640
20641
20642
20643
20645
20646
20647
20648
20650
20651
20654
20655
20656
20657
20659
20660
20690
20699
20700
20701
20711
20717
20718
20719
20730
20750
20755
20756
20775
20807
20808
20813
20814
20815
20854
20857
20859
20861
20862
20863
20878
20879
20893
20919
20993
20999
21000
21002
21010
21014
21016
21022
21023
21025
21026
21027
21028
35249
21029
21030
21033
21035
21048
21052
21058
21066
21090
21104
21109
21132
21134
21157
21161
35288
35289
21162
21173
35295
21192
21201
35302
35303
21250
35323
21282
21286
21291
21338
35339
21345
21346
21347
21381
21384
21409
35352
21411
35353
21412
21422
21434
21472
21473
21476
21477
35368
21479
21490
21497
21503
21521
21523
21533
21549
35421
35424
21631
21632
21634
21635
21636
21637
21638
35427
21639
21640
35428
21641
21642
21643
21644
21645
21646
35429
35430
21655
21668
21690
21727
21786
21792
21793
21794
21795
21799
21810
21815
21816
35487
21817
21818
35488
21905
21969
21970
21971
21972
21973
21974
1
35531
22131
22150
22155
35585
22158
22162
22163
22164
22165
22166
22167
22168
22169
22170
22171
22172
35591
35593
35594
35595
35596
35597
35598
22173
22174
22175
22176
22177
22178
22179
22181
22182
35604
22183
22534
35685
22551
22723
35716
35717
22724
22725
22738
22739
22742
22803
22864
22865
35750
35751
35752
22866
35753
35754
35755
35756
35757
22867
35759
22884
35760
35761
22887
22919
22944
22945
22949
22953
22954
23131
35838
23301
23378
23379
23380
23384
23385
23479
23512
23514
23726
23751
35990
23914
23924
23925
23931
24014
24019
24024
24032
24051
24052
24330
24467
24567
24568
36214
24569
24570
36218
36259
24797
24914
24924
24930
24955
24956
24957
24958
24959
24960
24961
24962
24963
24964
24988
25026
25041
25062
25065
25085
25105
25287
36408
25378
25384
25407
25408
36444
25480
25546
25548
25549
25550
25563
25599
36483
25653
25680
25685
25688
25694
25695
25696
25697
25698
25699
25700
25701
36502
36503
36504
36505
36506
36507
36508
36509
25728
36513
36514
25730
25731
25861
26162
26163
26171
26177
26178
26346
26816
27261
27309
27316
27329
27380
