102
103
126
127
143
142
159
158
169
168
170
172
171
182
181
203
204
211
212
216
215
224
223
225
222
227
226
245
416
445
1763
1820
1838
1879
1930
1981
2025
2048
2099
2259
30902
30903
2841
30997
3165
3649
3701
3888
4009
4015
4017
4021
4204
4370
5456
5466
5470
5472
5510
5530
5866
6030
6187
6246
6709
6798
6801
6831
7313
7397
7649
7922
7930
32094
8014
8057
8109
8217
8364
32164
8707
8709
8861
9211
9310
9502
9507
9726
32469
9868
9938
9987
10022
10137
11102
11627
11734
11759
33022
33035
12157
12238
12248
12333
12380
12608
12722
12797
13020
13082
13128
13129
33327
13472
13598
14028
14316
14617
14674
14947
33658
33659
15211
15231
15342
15350
15500
15545
15593
15620
15663
16112
16399
16457
16756
16767
16837
16947
16965
16968
17056
17402
17421
17485
17513
17557
17562
17717
17875
17926
17927
18004
18074
34485
18260
18262
18342
18347
18413
18459
34602
18695
18840
19114
19181
19318
19409
19421
34889
34903
19687
19711
19712
19713
19757
19999
35014
20249
20403
20425
20426
20676
20890
20956
20957
20971
21059
21128
26218
21229
21256
21303
21412
35361
35366
21609
35452
21954
22053
22054
22055
22174
35599
22182
22317
35625
22459
22698
22710
22770
23029
23041
23317
23398
23527
24025
24466
24563
24571
24905
36319
25039
25425
25493
25647
25979
26122
26125
26152
26171
26247
26590
26678
36691
26679
26684
26920
27034
27098
