30348
430
486
655
717
899
30511
1270
1272
1273
1310
1314
1316
30535
30536
1463
1531
1638
1646
2319
2421
3827
4292
4321
4764
4783
5718
6314
6361
6828
7249
7272
7368
8252
8464
8493
8640
32548
10007
10104
10284
10432
32667
32665
32721
11231
11431
12219
12221
12801
13584
14388
14389
15138
15640
15656
15786
18368
34932
19967
20155
35304
21536
21539
21540
22135
23167
23237
23238
23668
23739
23740
23742
24313
24317
24661
24672
24708
24720
36249
24737
24769
24771
24793
25443
25950
25951
25970
25980
26011
26070
26321
36664
26727
27143
