1028
2128
2464
2895
2926
3281
3282
3283
3311
3955
3959
4000
4224
4477
4478
4729
5778
6080
6471
6735
6840
6992
7031
7040
7851
8052
8050
8051
32117
8910
32284
8913
9394
9573
10267
10414
10415
12011
12265
12365
12576
12867
12868
12889
13755
14065
14071
14383
14505
14512
14582
15251
15546
15547
15548
15549
15550
15728
33932
16328
34048
17216
17233
17326
17327
17339
17636
17747
17790
17912
18247
34544
19080
19139
34977
20247
20257
20570
20702
20703
20709
21437
21452
21453
21454
21502
21983
22058
35557
22925
22926
22931
22932
22934
22936
35866
24482
24918
25022
25072
26884
27844
27884
27886
27906
27911
27958
27959
27960
36872
36874
27964
36879
27969
27979
27989
27993
28015
28016
36916
28031
28034
28047
28073
28098
28133
36970
36971
28223
28242
28277
28304
37014
28334
37015
28340
28443
28453
28476
