99497948
1630271
1132806
157531
99521606
99597051
99588366
99588276
99539313
99588984
99527565
99499376
1666375
1582536
99560121
99500214
99560115
1669911
1563110
99557109
99544815
1528479
1369606
99516363
99600141
1811368
99600861
1613669
99519374
99567588
99527820
99525132
99569580
99590856
99551094
99583776
99544821
99514366
99442382
99583770
99588735
99592521
99583056
402247
99598995
99546117
99510582
99447035
99547608
99600705
99593838
99570393
99480752
99599796
99559008
99562266
99542742
1856730
99574587
99566094
99539484
387808
99570534
99564783
99560094
99556515
1912591
99588978
99581991
99548769
1909393
257970
99528147
1525118
99592173
99588432
99516421
99505538
99476172
99444740
1678817
1468892
99565758
99541923
99523706
99423313
1859012
1507358
99593841
99556605
99548829
99548160
99542556
99284267
92124
99602601
99585270
99570561
99547632
99540999
99529509
99527805
99503068
99425278
99421396
1693504
99598833
99594468
99590670
99583485
99580098
99572427
99563094
99550155
99541908
99469106
99415207
1899111
1891206
1816910
1795975
1749333
1723926
1005824
877642
99601215
99596760
99595950
99590808
99573078
99563856
99559683
99558393
99554997
99548145
99545433
99539976
99534231
99531492
99528090
99526617
99499948
99487500
99423175
99411697
1886633
1855787
1750578
1739211
1739131
1590079
1578688
1393206
1373075
99601590
99601533
99600795
99599925
99594642
99594153
99593562
99590454
99587193
99584232
99581721
99580362
99577014
99575130
99574947
99569211
99561339
99554682
99553545
99552180
99551796
99550917
99549228
99546450
99540804
99539397
99538119
99526614
99525729
99522434
99516820
99514814
99513796
99507606
99493478
99485136
99437887
99431965
99429463
99428683
99427795
99423085
99422605
99422587
99421249
99418213
99403096
99402640
99402535
99402106
99401992
99401932
99401740
99401641
99401176
99401140
99400567
99400222
99399646
99399643
99399613
99399556
99399481
99399178
99399166
99399115
99398968
99398878
99398716
99398698
99398680
99398536
99398224
99398116
99398077
99397903
99397879
99397843
99397813
99397759
99397672
99397669
99397348
99397204
99397144
99396934
99396832
99396733
99396730
99396724
99396583
99396412
99396235
99396079
99396022
99395986
99395647
99395632
99395038
99394996
99394960
99394951
99394924
99394768
99394597
99394024
99393844
99393580
99393253
99393244
99393241
99393052
99392827
99392317
99391996
99391672
99391558
99391120
99390838
99390589
99390526
99390481
99390268
99390241
99390166
99389269
99389224
99388702
99388246
99388084
99388015
99387934
99387925
99387865
99387430
99386836
99386791
99386701
99386698
99386602
99386533
99386515
99386434
99386305
99385849
99385837
99385396
99385393
99385342
99385207
99385117
99384991
99384823
99384745
99384382
99384364
99384142
99384013
99383323
99383263
99383074
99382639
99382636
99382432
99382162
99381901
99381608
99381602
99381502
99380764
99380588
99380520
99380494
99380330
99380274
99380026
99380008
99379902
99379848
99379824
99379680
99379548
99379520
99379386
99379378
99379030
99378972
99378798
99378600
99378434
99378362
99378018
99378000
99377930
99377876
99377834
99377736
99377622
99377504
99377450
99377348
99376862
99376826
99376582
99376528
99376488
99376438
99376416
99376172
99376104
99375954
99375910
99375852
99375826
99375608
99375594
99375578
99375476
99375340
99375224
99375174
99375096
99375068
99375022
99374572
99374544
99374456
99374430
99374426
99374268
99374234
99374158
99374148
99373682
99373610
99373542
99373514
99373308
99373052
99372858
99372722
99372618
99372594
99372574
99372334
99372138
99372026
99371820
99371770
99371366
99371364
99371316
99371284
99370420
99370306
99370238
99370136
99369752
99369470
99369464
99369209
99369092
99369032
99368990
99368894
99368591
99368456
99368285
99367832
99367742
99367592
99367139
99367136
99367106
99367052
99367049
99367007
99366953
99366449
99366362
99366239
99366170
99365933
99365678
99365564
99365432
99365393
99364916
99364622
99364586
99364499
99364403
99364370
99364325
99363896
99363428
99363290
99363257
99363185
99362798
99362528
99362411
99362378
99362375
99362150
99361577
99360896
99360434
99360335
99360086
99359633
99359531
99358904
99358859
99358607
99358553
99358277
99358091
99358031
99357734
99357728
99357725
99356639
99356606
99356339
99356213
99356099
99355949
99355862
99355655
99355652
99355577
99354911
99354509
99354218
99354053
99354050
99354020
99353894
99353669
99353657
99353564
99352670
99351947
99351683
99351560
