1889196
99587820
473159
99513986
548423
99514926
1636321
99515562
1536976
99514940
99514054
99401635
99396664
99396028
99394771
99394375
99390010
99388861
99388282
99387796
99386128
99381474
99380298
99379036
99374582
99374176
99368657
99367634
99362891
99359363
99353429
99351131
99350612
99350306
99349343
99348305
99347633
99347264
99347198
99347045
99346991
99346757
99346337
99346169
99345818
99344783
99343820
99343811
99343634
99343109
99343094
99342125
99340652
99338180
99338147
99338144
99336449
99336125
99335510
99333119
99332444
99331202
99330845
99330362
99329879
99329351
99328904
99327431
99327074
99326603
99326267
99326129
99325412
99324842
99324383
99323930
99323048
99321857
99320654
99318737
99317789
99312484
99312241
99309297
99301884
99301827
99297555
99294570
99293679
99289676
99288884
99285476
99283505
99283502
99278975
99278972
99270896
99269223
99269217
99268854
99267063
99265080
99262416
99259378
99256372
99248761
99238483
99233860
99232048
99228286
99225298
99219994
99218334
99212318
99210386
1353262
