1657400
1803424
1872242
1682343
99600828
1598856
1296880
1837339
99432508
99489640
99568539
1562863
99577395
99440786
99516456
1762048
99597882
99533856
99452282
99597567
99554535
1803088
99540717
1767003
99551700
99534066
99515959
1713216
819074
99597537
99590415
99564810
99554334
99502768
99493116
99430897
99429367
99428815
99428047
99428041
99427909
99427903
99403258
99403255
99403231
99403219
99403177
99403168
99403102
99403090
99403084
99402937
99402925
99402901
99402871
99402832
99402811
99402805
99402733
99402721
99402682
99402637
99402553
99402496
99402469
99402385
99402337
99402334
99402301
99402289
99402268
99402214
99402076
99402070
99401998
99401908
99401896
99401800
99401761
99401731
99401614
99401602
99401599
99401596
99401569
99401527
99401449
99401440
99401419
99401377
99401365
99401347
99401317
99401299
99401275
99401230
99401197
99401182
99401170
99401092
99401077
99400954
99400951
99400879
99400831
99400762
99400690
99400666
99400594
99400573
99400516
99400417
99400312
99400306
99400297
99400288
99400255
99400216
99400207
99400198
99400189
99400138
99400117
99400114
99400096
99400093
99400045
99400039
99399955
99399847
99399838
99399802
99399793
99399781
99399760
99399742
99399736
99399733
99399724
99399718
99399691
99399673
99399586
99399532
99399529
99399520
99399505
99399496
99399469
99399424
99399391
99399373
99399334
99399328
99399319
99399310
99399283
99399202
99399190
99399118
99399064
99399058
99399046
99399037
99398998
99398935
99398914
99398866
99398734
99398665
99398659
99398641
99398605
99398599
99398587
99398569
99398500
99398497
99398494
99398476
99398458
99398422
99398404
99398305
99398290
99398278
99398248
99398227
99398179
99398173
99398158
99398086
99398071
99398038
99398014
99398002
99397987
99397966
99397894
99397837
99397831
99397750
99397693
99397648
99397597
99397573
99397399
99397201
99397183
99397090
99397054
99397030
99396961
99396946
99396916
99396913
99396883
99396862
99396772
99396763
99396745
99396742
99396736
99396712
99396706
99396682
99396622
99396556
99396535
99396403
99396394
99396391
99396328
99396274
99396238
99396187
99396181
99396127
99396103
99396052
99396049
99396001
99395902
99395635
99395593
99395581
99395572
99395551
99395515
99395491
99395482
99395413
99395362
99395359
99395251
99395239
99395167
99395146
99395137
99395077
99395020
99394966
99394957
99394942
99394873
99394849
99394726
99394693
99394675
99394654
99394594
99394591
99394576
99394537
99394492
99394441
99394411
99394405
99394402
99394381
99394360
99394312
99394267
99394213
99394186
99394180
99394168
99394012
99393988
99393979
99393901
99393847
99393826
99393823
99393820
99393706
99393700
99393664
99393643
99393619
99393613
99393604
99393601
99393547
99393499
99393481
99393469
99393460
99393454
99393427
99393379
99393340
99393319
99393274
99393268
99393205
99393094
99393085
99393031
99392899
99392896
99392821
99392818
99392812
99392758
99392752
99392743
99392650
99392572
99392545
99392539
99392494
99392407
99392359
99392344
99392206
99392185
99392143
99392113
99392083
99392038
99392017
99391981
99391966
99391945
99391729
99391726
99391690
99391687
99391675
99391660
99391627
99391615
99391579
99391570
99391453
99391417
99391414
99391333
99391234
99391231
99391216
99391165
99391066
99391015
99390994
99390988
99390901
99390829
99390790
99390787
99390676
99390673
99390658
99390622
99390439
99390430
99390376
99390364
99390340
99390313
99390310
99390262
99390253
99390229
99390223
99390193
99390088
99390031
99389815
99389779
99389749
99389722
99389674
99389662
99389602
99389584
99389554
99389524
99389482
99389467
99389455
99389407
99389389
99389248
99389245
99389239
99389212
99389197
99389173
99389167
99389080
99389071
99389059
99389053
99389050
99389038
99389026
99388921
99388792
99388591
99388588
99388585
99388576
99388558
99388516
99388450
99388426
99388405
99388378
99388276
99388195
99388111
99388102
99388057
99388045
99388039
99387901
99387868
99387850
99387787
99387658
99387652
99387616
99387595
99387553
99387532
99387526
99387511
99387397
99387337
99387322
99387247
99387175
99387115
99386983
99386920
99386896
99386884
99386758
99386755
99386713
99386674
99386668
99386629
99386608
99386581
99386569
99386509
99386473
99386458
99386371
99386347
99386260
99386230
99386191
99386152
99385885
99385879
99385774
99385723
99385645
99385594
99385534
99385522
99385375
99385318
99385300
99385291
99385273
99385228
99385183
99385156
99385087
99385054
99384937
99384754
99384736
99384727
99384655
