99577608
99541842
99428875
99402181
99401929
99400090
99398944
99394216
99393514
99386083
99384511
99384460
99383770
99382768
99380744
99379778
99377950
99377900
99377258
99376274
99375746
99375406
99374584
99374502
99372556
99371830
99371784
99370268
99370016
99369526
99369308
99369200
99368858
99368849
99368555
99364865
99364673
99362051
99362039
99361139
99359108
99358745
99357827
99357488
99356999
99356600
99356072
99356030
99355877
99355661
99355505
99352208
99351518
99351110
99350351
99349949
99349547
99349196
99349166
99349025
99348452
99347714
99346910
99346730
99346352
99346193
99343841
99343667
99343151
99342773
99341423
99340388
99338726
99336932
99336908
99336248
99334892
99333977
99333374
99332942
99332573
99332084
99330875
99330548
99329960
99329720
99329459
99326996
99326393
99325103
99324995
99324575
99324413
99324275
99324092
99323819
99323447
99323252
99323000
99322997
99322994
99322496
99321998
99321635
99321461
99321344
99320006
99317681
99316616
99316163
99315359
99313654
99313366
99312625
99307677
99304251
99303522
99300765
99300177
99298962
99298377
99298305
99297279
99292314
99291498
99291006
99289973
99289685
99289640
99289637
99288944
99287885
99287591
99279689
99279686
99279458
99279455
99276200
99276197
99276062
99276059
99271841
99271739
99271406
99264672
99263226
99262533
99259873
99258415
99253912
99251380
99247543
99247378
99243709
99243358
99241510
99241255
99240670
99238360
99235273
99228673
99227866
99225091
99224299
99222892
99220075
99218753
99217560
99216844
99216664
99216512
99213731
99209804
99209651
99209648
99209645
