99578832
1593447
99403222
99401830
99400159
99400057
99399295
99397942
99397363
99394714
99392590
99390043
99389293
99389272
99388042
99387733
99385381
99385105
99384319
99381919
99381758
99378850
99377014
99376494
99376394
99375806
99374926
99374712
99373750
99373374
99372818
99370478
99369788
99369672
99361811
99361655
99359876
99358421
99356006
99355349
99355091
99355079
99353918
99350906
99349697
99347135
99345134
99344681
99344543
99344489
99344432
99341195
99340184
99339998
99339296
99337250
99336122
99335336
99334295
99334205
99333920
99333422
99332936
99330716
99328202
99326789
99325376
99325205
99325130
99323642
99323492
99322982
99322979
99320720
99320555
99317903
99312535
99309507
99309339
99308151
99298557
99298326
99295680
99293523
99291561
99289403
99289106
99288539
99287189
99286484
99284681
99275636
99275633
99274043
99270704
99270135
99269814
99268953
99261483
99260029
99259096
99254950
99250618
99249265
99242341
99240901
99239293
99237238
99237235
99230872
99225766
99223330
99220615
99220087
99217977
99216504
99215567
99215495
99212168
99211112
99211109
