99504568
1768736
99600432
1717207
99403276
99400441
99394120
99392203
99387094
99382690
99381811
99380894
99380720
99380292
99380184
99379196
99377924
99375730
99375466
99374892
99371668
99369642
99369311
99368798
99368045
99367838
99366569
99365147
99363485
99359813
99355799
99355070
99353690
99353573
99349397
99348953
99348560
99348275
99347471
99345341
99344687
99340931
99340694
99338051
99337286
99335804
99335783
99335675
99335042
99334832
99334487
99333401
99333293
99332480
99332144
99332141
99332129
99331643
99331118
99329636
99329147
99328472
99326915
99323273
99320813
99317939
99317711
99317552
99317477
99317246
99316682
99315947
99309657
99302694
99302322
99302226
99298629
99295713
99292785
99291918
99286871
99285203
99276971
99276968
99274391
99273584
99272585
99271505
99271004
99268245
99263886
99263670
99259402
99254746
99251248
99247546
99247255
99245374
99242590
99240682
99240679
99238696
99228784
99225340
99220777
99215780
99213125
99211340
99210704
