99497960
99575337
99437338
99567258
99599820
186925
99494874
99544935
1912054
1736656
1824293
1824009
1852454
1872341
99581694
99594894
1727633
99556860
99537054
99500100
99582465
1850501
1825651
99488484
1378733
1872963
99546477
99598689
99597771
99488504
1387838
1479236
99459677
1881346
1671896
1597532
99532629
99488520
1521446
1758103
99600366
99543684
99545028
99497520
99441902
144601
99575211
99516696
1452596
99592776
99586251
99577356
99551691
99496750
1762471
99597855
99540615
99492840
1888790
1422732
99602151
99600948
99599511
99592641
99588510
99565611
99561261
99545181
99537576
99502080
99488382
99468722
99452144
1781259
1532420
99602589
99602172
99601608
99601365
99600690
99598914
99598662
99591384
99584313
99582915
99582252
99580830
99580428
99574473
99537348
99527790
99513874
99468752
99441068
99438275
99436894
99432019
99430135
99429199
99428761
99428539
99420859
99420463
99419599
99403288
99403234
99403213
99403132
99403117
99403045
99402802
99402763
99402592
99402487
99402472
99402454
99402412
99402409
99402169
99402139
99402112
99402013
99401857
99401806
99401758
99401710
99401593
99401587
99401554
99401479
99401473
99401458
99401443
99401323
99401293
99401203
99401065
99400978
99400819
99400780
99400759
99400732
99400696
99400684
99400681
99400675
99400639
99400561
99400501
99400495
99400456
99400396
99400336
99400291
99400252
99400156
99400099
99400012
99400000
99399922
99399919
99399871
99399706
99399670
99399490
99399478
99399418
99399343
99399277
99399265
99399232
99399076
99399070
99399061
99399040
99399025
99398929
99398773
99398614
99398479
99398446
99398443
99398368
99398365
99398356
99398350
99398332
99398218
99398194
99398068
99398065
99398062
99397882
99397846
99397561
99397510
99397504
99397495
99397486
99397342
99397225
99397111
99397084
99397036
99397033
99397024
99397012
99396919
99396856
99396610
99396592
99396511
99396502
99396352
99396325
99396301
99396298
99396244
99396214
99396172
99396166
99396163
99396160
99396157
99396154
99396145
99396139
99396130
99396007
99395977
99395923
99395863
99395851
99395800
99395797
99395791
99395788
99395746
99395728
99395701
99395671
99395662
99395617
99395410
99395353
99395212
99395068
99394939
99394879
99394831
99394810
99394789
99394756
99394498
99394489
99394363
99394330
99394327
99394324
99394219
99394174
99394159
99393784
99393757
99393727
99393715
99393451
99393259
99393196
99393166
99393154
99393136
99393046
99393043
99392881
99392857
99392629
99392599
99392446
99392437
99392434
99392383
99392365
99392329
99392164
99392149
99392110
99392071
99392032
99391924
99391807
99391705
99391654
99391645
99391636
99391630
99391492
99391354
99391348
99391345
99391282
99391222
99391189
99391138
99390961
99390913
99390847
99390820
99390496
99390487
99390454
99390142
99389974
99389854
99389611
99389593
99389503
99389317
99389260
99389233
99389170
99389137
99389131
99389008
99388996
99388924
99388894
99388798
99388687
99388600
99388528
99388498
99388396
99388345
99388090
99388063
99388027
99387655
99387649
99387592
99387529
99387520
99387481
99387454
99387451
99387202
99387157
99387070
99387007
99386977
99386959
99386827
99386821
99386815
99386776
99386530
99386422
99386419
99386374
99386350
99386332
99386179
99386101
99386026
99385978
99385906
99385900
99385813
99385798
99385762
99385726
99385690
99385684
99385624
99385483
99385477
99385468
99385465
99385099
99385063
99385045
99384790
99384502
99384178
99384154
99383995
99383959
99383926
99383896
99383875
99383872
99383866
99383806
99383566
99383533
99383233
99383197
99383080
99382957
99382549
99382498
99382474
99382429
99382381
99382321
99382303
99382297
99382186
99382117
99382066
99381994
99381991
99381934
99381793
99381756
99381754
99381712
99381694
99381640
99381590
99381566
99381510
99381498
99381416
99381378
99381234
99381228
99381226
99381212
99381178
99381140
99380974
99380734
99380712
99380696
99380692
99380658
99380608
99380580
99380540
99380452
99380206
99380192
99380188
99380152
99380142
99380136
99380002
99379906
99379868
99379844
99379798
99379676
99379602
99379594
99379432
99379426
99379410
99379324
99379314
99379232
99379194
99379142
99379090
99379088
99379054
99379026
99378970
99378928
99378836
99378786
99378778
99378772
99378760
99378742
99378714
99378710
99378684
99378478
99378378
99378368
99378180
99378112
99377962
99377922
99377820
99377804
99377784
99377580
99377442
99377438
99377378
99377282
99377274
99377238
99377206
99377142
99377108
99377034
99376994
