99575748
99403048
99401038
99400333
99400204
99400024
99399796
99397552
99395953
99391525
99388651
99388423
99386389
99381080
99379686
99379544
99378654
99375906
99375350
99374326
99373456
99371028
99370948
99370932
99370696
99369416
99367436
99366983
99366617
99364997
99364850
99361478
99358841
99358145
99357203
99352124
99345884
99345551
99345176
99343358
99342131
99340814
99338495
99332795
99332456
99332243
99329498
99328595
99328481
99326441
99324653
99324626
99324224
99322892
99322640
99317486
99316316
99316313
99315401
99310239
99309105
99305763
99301542
99300441
99291066
99289520
99288089
99286076
99284261
99284258
99278834
99278831
99274679
99270842
99260374
99259993
99259342
99257617
99256624
99255928
99255469
99254965
99253309
99252868
99252814
99250600
99250207
99249697
99248809
99248608
99244417
99243721
99242263
99241600
99241105
99239854
99239752
99239716
99238687
99238684
99237718
99234889
99232072
99231316
99227479
99226579
99224824
99224680
99220384
99217938
99216696
99216680
99214349
99212951
99212348
764582
