1833365
99597447
1757024
99509648
99602616
99600888
99513382
99402415
99401746
99400843
99400711
99397822
99397777
99397744
99397444
99397438
99397435
99397375
99397339
99397075
99395980
99394954
99390130
99390016
99389761
99388864
99388822
99386566
99386134
99384952
99384868
99382045
99381122
99380870
99380786
99380446
99379342
99378686
99377604
99377032
99375698
99374702
99374156
99372922
99371648
99370390
99368498
99368423
99368237
99365909
99365903
99364064
99363254
99363200
99361994
99361475
99360125
99358814
99357215
99356486
99353954
99353081
99352808
99351515
99349967
99349760
99349622
99349526
99349337
99346838
99346760
99345308
99341399
99340991
99337097
99336389
99335279
99335264
99334490
99333842
99331313
99328493
99328370
99328025
99327200
99326330
99326069
99324590
99324365
99322988
99322424
99321035
99320861
99320348
99319964
99319844
99319400
99318866
99317336
99313663
99313660
99311869
99308139
99306834
99306411
99305739
99304491
99304398
99304293
99304200
99304023
99303852
99302340
99302085
99300711
99299490
99297765
99295131
99294468
99294273
99294270
99294090
99294087
99292104
99291747
99291282
99290847
99288662
99284897
99284699
99282695
99282692
99279302
99279299
99276983
99276980
99276929
99276926
99276104
99276101
99275852
99275849
99274592
99274019
99273836
99273425
99272738
99271634
99271352
99270540
99269544
99269307
99269286
99269124
99267882
99267303
99267009
99266127
99263883
99263847
99263001
99261411
99260680
99259624
99258583
99257911
99257434
99257362
99255556
99252877
99252874
99251404
99251362
99251299
99250693
99250363
99250144
99249856
99249325
99248188
99248179
99247447
99246598
99246271
99245932
99244270
99243598
99243586
99243148
99243055
99242401
99240220
99238678
99238216
99237631
99237628
99236491
99235924
99234907
99234778
99233749
99233506
99232591
99232315
99232249
99231703
99230488
99229075
99227596
99227224
99226960
99226873
99226804
99225805
99224233
99224179
99224041
99224038
99223717
99223060
99222493
99220759
99219949
99219227
99219206
99219191
99219116
99219014
99218388
99217893
99217704
99217593
99217370
99216916
99214947
99212819
99212756
99211784
99211379
99211235
99211139
99210974
99210674
99210647
99210584
99209921
