1781178
99564762
1907278
99540855
99516678
1816934
99580206
99488298
99541143
1744702
99601341
776069
1731106
99550857
1278348
1463938
1479700
99601344
1536098
1807716
99553011
1656560
99584709
99574968
99583470
99560472
99488300
99488284
99488296
1631343
99597984
99597144
99506278
99577452
99431896
1769995
99587037
99580494
99563262
99486524
99482286
1629697
99598197
99596574
99580353
99572220
99529005
99516154
99506344
99436735
99417997
99417187
99417133
99416521
99403243
99403009
99402979
99402742
99402706
99402478
99402343
99402274
99402217
99402196
99402094
99402079
99401974
99401824
99401785
99401662
99401608
99401581
99401575
99401572
99401392
99401191
99401116
99400981
99400882
99400738
99400636
99400393
99399916
99399412
99399352
99399322
99399211
99399145
99398932
99398896
99398860
99398857
99398821
99398818
99398692
99398593
99398590
99398557
99398122
99398101
99398098
99397960
99397849
99397834
99397771
99397762
99397603
99397582
99397456
99397357
99397240
99397057
99396979
99396955
99396835
99396646
99396625
99396523
99396487
99396397
99396280
99396076
99396004
99395995
99395992
99395989
99395950
99395887
99395884
99395782
99395470
99395128
99395122
99394840
99394825
99394816
99394747
99394723
99394720
99394570
99394435
99394336
99394273
99394240
99393997
99393967
99393850
99393841
99393811
99393721
99393592
99393433
99393382
99393376
99393163
99393079
99392797
99392662
99392485
99392281
99392242
99392233
99392041
99391939
99391870
99391855
99391834
99391594
99391516
99391504
99391483
99391174
99390892
99390889
99390772
99390709
99390610
99390550
99390334
99390250
99390229
99390217
99389986
99389893
99389839
99389701
99389422
99389401
99389371
99389356
99388963
99388603
99388369
99388306
99387760
99387631
99387589
99387583
99387517
99387310
99387220
99386647
99386560
99386551
99386485
99386380
99386089
99386068
99385912
99385897
99385669
99385663
99385642
99385639
99385633
99385630
99385618
99384649
99384313
99384124
99384022
99383983
99383494
99383392
99383368
99383188
99383146
99383134
99382954
99382642
99382441
99382399
99382345
99382279
99382219
99382156
99382060
99381832
99381612
99381574
99381450
99381444
99381158
99381134
99381130
99381106
99380778
99380648
99380558
99380502
99380488
99380476
99380450
99380408
99380320
99380224
99380146
99380134
99380058
99379932
99379770
99379666
99379526
99379390
99379362
99379338
99379294
99379262
99379220
99379078
99378902
99378838
99378812
99378438
99378420
99378404
99378320
99378152
99378062
99377782
99377638
99377540
99377104
99377102
99377026
99376986
99376982
99376916
99376740
99376660
99376610
99376562
99376328
99376266
99376112
99375856
99375626
99375582
99375442
99375308
99375264
99375254
99375228
99375088
99375084
99375058
99374990
99374964
99374778
99374728
99374724
99374580
99374470
99374362
99374358
99374104
99374052
99373966
99373918
99373880
99373838
99373782
99373744
99373586
99373520
99373502
99373358
99373276
99373266
99373216
99372964
99372926
99372768
99372522
99372240
99372036
99371836
99371780
99371712
99371710
99371624
99371480
99371068
99371044
99370816
99370734
99370712
99370670
99370300
99370242
99370054
99370004
99369970
99369956
99369882
99369856
99369786
99369744
99369720
99369614
99369604
99369576
99369502
99369496
99369119
99368942
99368282
99368231
99368213
99368117
99368081
99367622
99367565
99367562
99367226
99367127
99367067
99367064
99367019
99366848
99366722
99366413
99366284
99366200
99366167
99366086
99366062
99365858
99365837
99365786
99365765
99365735
99365729
99365660
99365609
99365576
99365570
99365246
99365237
99365126
99365024
99364880
99364790
99364784
99364781
99364778
99364754
99364727
99364289
99364127
99364022
99363965
99363926
99363908
99363632
99363554
99363320
99363077
99363065
99362987
99362852
99362849
99362696
99362579
99362576
99362423
99362372
99362252
99362000
99361964
99361817
99361784
99361772
99361697
99361679
99361373
99361298
99361196
99361160
99360683
99360650
99360635
99360506
99360449
99360380
99360305
99360302
99360215
99360200
99359651
99359375
99359288
99359066
99358754
99358751
99358694
99358676
99358517
99358184
99358052
99357878
99357527
99357347
99357161
99356801
99356585
99356114
99355928
99355547
99355538
99355424
99355412
99355295
99355232
99355085
99355004
99354980
99354890
99354812
99354698
99354608
99354128
99353741
99353504
99353477
99353288
99353204
99353159
99353108
99353105
99352811
99352775
99352697
99352160
99352115
99351929
99351920
99351743
99351713
99351632
