1733462
99585411
99399133
99398233
99384613
99382891
99382858
99381218
99381070
99380830
99380672
99378594
99378168
99376924
99370024
99368807
99368579
99368546
99364247
99358466
99346214
99327524
99326405
99318767
99317564
99313645
99312877
99310134
99309198
99302982
99296946
99296274
99296088
99294999
99293928
99293061
99292818
99285080
99281090
99281087
99275708
99275705
99273389
99273095
99268803
99265815
99264813
99262383
99261597
99256684
99255955
99255424
99253246
99251683
99245803
99243289
99242839
99228685
99221638
99220129
99217917
99217626
99215703
99215459
99215023
99214019
99212423
99210575
99210407
