99563397
99567645
99600549
1559765
99424876
1775289
99563976
348765
99571707
99492044
99535944
99579603
99552918
99529059
99583524
796381
99602019
99571182
99562995
99561615
99556194
99462578
1625980
99600585
99575973
99560943
99538554
99525777
99506532
99480449
99480350
99480308
99480167
99425146
99425050
99424957
99413527
1786010
99566262
99480452
99480419
99480290
99480281
99480257
99480248
99480242
99480179
99480119
99480089
99425140
99424951
99424828
99403057
99403054
99400534
99400327
99399370
99398176
99395704
99395455
99391720
99391603
99390598
99388624
99387256
99386257
99385384
99380994
99379430
99379420
99379020
99378770
99378658
99378118
99377700
99377676
99377674
99376632
99373484
99373472
99372308
99371254
99370752
99369444
99367070
99366587
99366242
99365849
99364520
99364331
99362846
99361271
99360965
99360938
99360917
99359759
99358697
99357449
99356558
99356462
99355841
99355742
99355388
99353558
99345887
99343580
99338105
99329537
99327362
99321509
99319046
99318755
99318548
99316043
99315914
99314737
99312145
99312019
99311254
99310161
99310155
99309816
99309621
99309531
99309528
99308868
99307671
99306531
99305961
99305160
99302952
99302196
99301782
99301767
99298536
99298329
99298182
99297438
99296721
99295830
99294876
99291417
99291120
99290753
99288134
99286787
99285737
99285734
99285605
99284945
99284918
99284024
99284021
99284000
99283997
99282134
99282017
99282014
99277982
99277979
99273665
99272396
99272243
99270629
99269841
99269622
99268788
99268485
99268005
99267591
99265665
99264825
99263307
99260338
99259999
99258733
99257638
99256654
99253576
99253219
99252208
99252193
99251578
99251083
99250732
99247852
99247333
99245518
99244900
99244849
99243469
99243313
99238654
99237898
99237439
99236815
99236743
99234895
99234034
99233326
99232597
99231370
99231367
99231106
99230539
99229969
99229864
99228901
99227464
99226930
99225733
99225571
99224107
99222151
99220198
99219440
99218810
99218678
99218627
99218226
99217028
99214814
99214655
99214259
99213698
99212375
99211265
99210722
99210689
99210686
99210365
99210290
99210098
99209573
99209555
1493759
62362
