99468500
99579489
99567963
99437635
99397282
99397237
99397156
99396232
99395182
99393394
99393103
99391135
99390565
99389500
99389497
99381072
99380140
99379992
99375770
99375756
99371752
99369011
99364832
99364040
99361037
99358454
99356177
99354767
99354629
99347000
99321215
99320636
99319952
99318023
99311689
99307752
99305169
99304998
99302883
99301110
99298113
99296673
99294585
99293658
99293553
99291003
99290396
99290009
99288353
99287594
99287159
99282158
99282155
99273686
99272390
99271373
99270429
99268992
99267471
99265503
99265380
99263730
99258718
99258208
99257125
99253606
99252379
99246658
99241663
99240874
99239149
99238402
99237217
99236206
99232777
99229930
99229357
99227707
99226234
99225295
99224893
99224755
99224578
99222700
99221518
99219008
99218825
99217962
99217665
99215695
99212651
99211958
99210923
99210776
