99532146
99525744
1758210
1520779
99590850
99543093
99576750
99560508
99550077
99545238
99590862
99545499
99585021
99565755
99545511
99584103
99577389
99556173
99545508
99244153
1906476
1803257
1480267
99581319
99530328
99527829
99519896
99516286
1292295
99599517
99594195
99588138
99558432
99402100
99399559
99399325
99395173
99393256
99392473
99389311
99386989
99386980
99383506
99380736
99380388
99378806
99378768
99378398
99377738
99375878
99371220
99369368
99369071
99368567
99361580
99360665
99359924
99359135
99358928
99354251
99354095
99353417
99353273
99351548
99321698
99321485
99315659
99315473
99314482
99312961
99312271
99309774
99309036
99308577
99307725
99306258
99303714
99302439
99300663
99298863
99298602
99296076
99295341
99293406
99292923
99292695
99292686
99291933
99291855
99290820
99288185
99288056
99286739
99286289
99281219
99281216
99280910
99280907
99278666
99278663
99278360
99278357
99276188
99276185
99274055
99272141
99271499
99270444
99270369
99270339
99269925
99264213
99264111
99261168
99260548
99260092
99259390
99257902
99257587
99254740
99252136
99250000
99247693
99245521
99242470
99239881
99239860
99238264
99237748
99233263
99232420
99231091
99230773
99230584
99228796
99225172
99224347
99223855
99223540
99221164
99219791
99217587
99215571
99215475
99215287
99215139
99213923
99210404
678298
127722
