1608390
99591852
1411144
99487856
99582006
99512696
99503494
99558453
99591864
99591858
99576174
99488040
1336855
99602058
99597036
99588969
99582003
99554832
99516697
99501938
1901514
1382737
99591870
99516474
99430123
99420457
99419647
99403153
99403108
99402916
99402847
99402772
99402745
99402712
99402304
99402001
99401938
99401902
99401605
99401263
99401104
99401071
99400984
99400909
99400900
99400357
99400279
99400129
99400108
99400084
99400072
99399820
99399817
99399463
99399262
99399196
99399001
99398830
99398551
99398428
99398266
99398152
99398134
99397939
99397807
99397720
99397699
99397636
99397336
99397198
99397195
99397171
99397135
99397066
99397048
99396967
99396964
99396577
99396565
99396220
99396217
99396202
99396010
99395539
99395398
99395206
99395110
99395056
99395053
99394864
99394744
99394732
99394522
99394444
99394261
99394258
99394234
99394126
99393883
99393880
99393853
99393769
99393553
99393409
99393397
99393139
99393088
99392680
99392614
99392458
99392275
99392047
99391951
99391813
99391810
99391399
99391396
99391372
99391363
99391312
99391300
99391171
99390751
99390691
99390679
99390574
99390490
99390208
99389383
99389380
99389143
99388735
99388684
99388519
99388489
99388363
99388228
99388183
99388177
99387955
99387949
99387817
99387691
99387622
99387412
99387376
99386860
99386851
99386794
99386752
99386710
99386497
99386443
99385984
99385615
99385579
99385459
99385408
99385078
99384862
99384751
99384709
99384622
99384415
99384394
99384367
99384232
99384139
99383944
99383698
99383656
99383341
99383221
99383095
99383014
99382933
99382867
99382783
99382390
99382366
99381856
99381781
99381628
99381508
99381466
99381344
99381176
99381098
99380986
99380940
99380626
99380612
99380384
99380096
99380046
99380038
99379930
99379806
99379786
99379750
99379738
99379660
99379624
99379542
99379398
99379042
99379022
99378884
99378674
99378532
99378492
99378308
99378252
99378244
99378238
99378190
99378020
99377910
99377664
99377642
99377294
99377190
99376962
99376944
99376920
99376744
99376650
99376618
99376578
99376544
99376534
99376326
99376310
99376260
99376196
99376164
99376094
99375976
99375804
99375718
99375700
99375612
99375514
99375400
99375356
99375196
99375190
99375188
99375178
99375102
99375032
99374902
99374858
99374820
99374808
99374660
99374634
99374618
99374466
99374452
99374182
99373630
99373302
99373190
99373162
99373132
99373114
99373072
99372928
99372696
99372690
99372672
99372592
99372572
99372408
99372234
99372184
99372124
99372042
99371734
99371666
99371620
99371600
99371598
99371084
99371078
99371002
99370836
99370774
99370750
99370682
99370602
99370398
99370330
99370154
99369942
99369938
99369934
99369716
99369670
99369624
99369440
99369438
99369350
99369170
99369146
99368762
99368741
99368723
99368717
99368696
99368675
99368486
99368207
99368204
99368183
99368141
99368084
99367922
99367895
99367799
99367484
99367460
99367457
99367172
99366878
99366656
99366611
99366500
99366494
99366440
99366347
99366293
99366128
99366014
99366011
99365984
99365867
99365825
99365801
99365666
99365282
99365279
99365120
99364907
99364523
99364208
99364172
99364136
99364058
99363938
99363788
99363779
99363515
99363410
99363365
99363299
99363266
99363152
99363071
99362675
99362651
99362504
99362414
99362168
99361826
99361760
99361748
99361244
99361148
99360974
99360842
99360644
99360350
99360239
99360167
99360065
99359852
99359552
99359024
99358703
99358400
99358319
99358067
99357572
99357524
99357515
99357500
99357401
99357329
99357101
99356969
99356729
99356420
99356207
99356054
99355814
99355499
99355139
99354830
99354551
99354512
99354467
99354152
99353495
99353360
99353258
99353231
99353087
99352940
99352928
99352796
99352583
99351638
99350855
99350744
99350648
99350189
99349277
99349112
99348878
99347867
99347771
99347606
99347360
99346988
99346709
99346073
99345542
99344741
99344654
99344651
99343331
99342866
99342785
99342284
99341615
99341348
99341234
99339869
99339713
99339536
99339041
99338906
99338897
99338102
99338093
99337109
99336575
99336047
99335687
99334859
99333485
99332945
99332585
99332495
99332117
99330293
99329510
99329186
99328910
99328100
99327917
99327203
99327050
99326591
99326327
99321725
99321722
99321707
99321701
99321650
99321641
99321524
99321500
99321497
99321347
99321146
99320909
99320525
99320030
99319799
99319631
99319523
99319292
99318995
99318836
99318749
99318665
99318557
99318269
99318224
99318206
99318065
99317420
99317360
99317138
99317135
99317123
99316982
