1419651
1826899
99534534
99534453
99596493
99534450
1852322
1892131
99538545
99534540
99601785
1428925
1687353
99582975
99534546
99495268
99595806
99534528
1714554
1624834
99496228
1857829
99592920
99553251
99546624
99540786
99585525
99538419
99480524
99414430
1883542
1741742
1447387
99578217
99574251
99546675
99543003
99534525
99482290
1857431
1413250
1130956
425147
99602787
99600669
99598614
99596808
99594453
99582972
99542979
99542970
99516425
99466031
99456974
99437911
99426808
99423721
99403204
99402919
99402817
99402388
99402121
99401968
99401842
99401818
99401737
99401422
99401239
99401080
99400972
99400699
99400387
99400330
99400273
99399967
99399880
99399877
99399619
99399349
99399235
99399136
99399103
99399013
99398845
99398701
99398608
99398095
99398053
99398008
99397963
99397912
99397741
99397717
99397714
99397696
99397588
99397585
99397213
99396538
99396499
99396295
99396016
99395845
99395821
99395401
99395320
99395317
99395263
99395224
99394690
99394513
99394456
99394450
99394390
99394237
99394183
99394006
99393973
99393805
99393649
99392851
99392824
99392806
99392707
99392491
99392416
99392311
99392272
99391780
99391768
99391564
99391369
99391330
99390457
99390409
99390097
99389983
99389947
99389299
99389104
99388954
99388858
99388741
99388444
99388339
99388204
99387973
99387709
99387079
99386140
99385891
99385603
99385600
99385144
99385033
99384979
99384925
99384292
99383650
99383599
99383374
99383281
99383011
99382960
99382504
99381688
99381042
99380914
99380842
99380768
99380730
99380728
99380686
99380632
99380454
99380266
99380226
99380000
99379984
99379940
99379732
99379702
99379538
99379240
99378910
99378848
99378832
99378744
99378646
99378568
99378196
99377816
99377792
99377670
99377608
99377112
99377068
99376892
99376890
99376386
99376270
99376208
99376200
99376180
99376056
99375880
99375726
99375692
99375654
99375532
99375438
99375386
99375240
99375230
99375138
99375080
99375064
99374796
99374636
99374422
99374418
99374282
99374230
99374204
99374126
99374100
99373978
99373914
99373812
99373808
99373718
99373664
99373108
99372546
99372430
99372330
99372032
99372030
99372004
99371756
99371554
99371398
99371354
99371220
99370800
99370474
99370378
99370272
99370232
99370158
99370030
99369874
99369864
99369848
99369702
99369668
99369620
99369572
99369524
99369466
99369290
99369218
99368603
99368444
99368306
99368258
99368051
99367748
99367373
99366914
99366419
99366350
99366257
99365738
99365636
99365501
99365138
99365045
99364853
99364757
99364616
99363386
99363173
99362999
99362912
99362810
99362681
99362393
99362123
99361703
99361661
99361610
99360899
99360839
99360386
99360365
99360041
99359771
99359753
99359432
99359420
99358214
99358082
99357794
99357065
99356798
99356669
99356666
99356642
99356510
99356198
99356141
99356060
99355589
99355559
99355112
99354986
99354434
99354287
99353651
99353600
99353594
99353552
99352781
99352742
99352649
99352025
99351830
99351764
99351026
99350393
99350207
99350030
99349847
99349835
99349163
99349067
99348836
99348812
99348512
99347879
99347606
99347084
99346964
99346943
99346922
99346694
99345356
99344984
99344579
99344246
99343868
99343343
99343244
99343205
99342629
99342560
99342398
99342167
99341528
99341186
99341144
99341078
99340979
99340280
99340265
99340235
99340202
99339995
99339602
99339245
99338855
99338849
99338594
99338510
99338261
99338018
99337886
99337442
99335528
99335285
99335249
99335153
99334976
99334952
99334901
99334718
99334709
99334247
99334034
99333659
99333383
99333287
99333056
99332927
99332213
99332081
99332024
99331937
99331688
99331604
99331319
99331244
99331151
99330869
99330653
99329756
99329072
99328877
99328769
99328685
99328673
99328622
99327593
99327272
99327092
99326600
99326450
99325763
99325544
99325172
99324710
99324488
99324269
99323933
99323822
99323543
99323267
99323261
99322934
99322931
99322886
99322268
99322265
99321392
99321179
99321167
99320903
99320705
99320630
99320627
99320609
99320507
99320108
99320090
99320015
99319919
99319748
99319007
99319001
99318980
99318794
99318395
99318335
99318266
99318221
99318215
99318212
99318209
99318203
99318200
99317888
99317549
99317321
99316973
99316883
99316847
99316772
99316739
99316616
99316508
99316325
99316145
99315908
99315857
99315803
99315629
99315407
99315254
99315197
99315071
99314431
99314299
99314155
99313843
99313759
99313375
99313336
99313252
99313129
99312910
99312832
99312712
99312547
99312214
99312211
99312193
99311644
99311587
99311560
