1821355
99458495
1849353
99516662
1665093
1658873
880563
99547011
99600825
99543336
99484614
1763028
47475
1713191
99583215
1245327
150994
161775
99518990
1844322
1770598
1897913
99589194
99516442
1904302
1605436
771744
155390
99597027
99596628
99577530
1605115
99601572
99584487
99533208
99529707
99515692
99401869
99401398
99400555
99397258
99397255
99396673
99396286
99396151
99395626
99395419
99394021
99393970
99393595
99393517
99392641
99392626
99391324
99391249
99390121
99389848
99389473
99389110
99388825
99388408
99387523
99387364
99386854
99385648
99384448
99383260
99382192
99380958
99380854
99380122
99380112
99379630
99379608
99379606
99379494
99379422
99379272
99378736
99378582
99378502
99378394
99377730
99377384
99377030
99376922
99375980
99375034
99374734
99374554
99374360
99374264
99373334
99372716
99372626
99372612
99372396
99372216
99371660
99371468
99370802
99370440
99370212
99369516
99369062
99368804
99368702
99368291
99367724
99366992
99365873
99364328
99363605
99362969
99362786
99361715
99360038
99359780
99359777
99359675
99359546
99359357
99359171
99358199
99358172
99357575
99357257
99357167
99356915
99356363
99355685
99355682
99355472
99355259
99352745
99352739
99350702
99350699
99350195
99350144
99348905
99348722
99348308
99347381
99347075
99345974
99344387
99342272
99340322
99340013
99338033
99337025
99335357
99334634
99333071
99332258
99331931
99328292
99323897
99323561
99320528
99319781
99319481
99319478
99318824
99318740
99317876
99317837
99317255
99317114
99316337
99316241
99316067
99315755
99315497
99314981
99313855
99313675
99313669
99313393
99313291
99312895
99312640
99311287
99310041
99309246
99309159
99309009
99308811
99308736
99307881
99307743
99307314
99307260
99305880
99305541
99305253
99304440
99303381
99303192
99302793
99302757
99301506
99300228
99300078
99299481
99299061
99298755
99298350
99297996
99297927
99297732
99296589
99294933
99294759
99293079
99292803
99292335
99291318
99290985
99290444
99288758
99288554
99287963
99286547
99286346
99285317
99285188
99282713
99282710
99281267
99281264
99280409
99280406
99279323
99279176
99278774
99278771
99277289
99277286
99277199
99277196
99277169
99277166
99276422
99276419
99274472
99273437
99273218
99272882
99272498
99272189
99271808
99271715
99271349
99271172
99269976
99269667
99269457
99269097
99268677
99267444
99265971
99265362
99265359
99265290
99265071
99263181
99263145
99262596
99262428
99260671
99260290
99260203
99260185
99259612
99259606
99259093
99259042
99256636
99256261
99256096
99255502
99255349
99254488
99254398
99253753
99253054
99252820
99252595
99252592
99252487
99252328
99252040
99250744
99250624
99249766
99249259
99249052
99248368
99246325
99245761
99244465
99243565
99241939
99240484
99240001
99239470
99239422
99239254
99239068
99238975
99238912
99238897
99238222
99238069
99236380
99236323
99235129
99234460
99233071
99231460
99229537
99229534
99229054
99228646
99228559
99228346
99227455
99226456
99225991
99225736
99224026
99223912
99223318
99223021
99222760
99222073
99220780
99220753
99220480
99219934
99219827
99219803
99219504
99219371
99219038
99217451
99217409
99216644
99216380
99215820
99215483
99215311
99214935
99214913
99214601
99214403
99214400
99214394
99214184
99214028
99213983
99213980
99213686
99212867
99212189
99212078
99210791
99210218
99210038
99209939
1829193
1470040
1114296
578543
