63534
63625
43387
63708
63725
63735
63850
28203
43503
63903
63974
43555
64095
43605
43621
64163
43708
43717
28207
43860
28581
64714
43917
28700
43944
43977
64913
43987
65226
65221
28917
44204
28926
65246
65334
65303
28954
44282
44300
65478
65595
44405
44419
65670
44501
29124
44526
65879
65929
65966
29235
65980
66082
29228
66278
66247
66084
29291
29306
66422
66310
44774
66313
44790
66513
44883
66606
66529
44945
29515
45009
66778
29610
29626
67049
65149
29632
45084
45108
66917
66924
66950
67021
67052
45203
67162
29765
29826
45335
67246
67236
68559
67321
67350
45409
67480
45424
45484
45421
29913
45473
67591
67620
67700
30144
45680
67944
30164
45714
67890
45690
45792
45784
68106
30324
68105
45825
68228
45811
68296
68273
68508
45846
45968
68664
45932
46070
46079
68505
68536
46043
46089
30633
46165
30611
68835
30660
46377
30654
46459
46354
46534
30716
69095
46379
69174
69229
30896
46536
69324
69341
69383
69483
69548
31000
69445
46778
69744
69692
69669
31379
46879
47077
46989
70025
69885
69956
47076
70097
31505
47164
47373
47183
31596
31644
47178
47288
70467
31656
70651
47391
47428
70778
47442
31707
70876
47611
47813
47966
32470
47770
71223
47954
47749
71103
47948
47829
47657
47677
48030
71442
71411
47827
71321
32468
47970
32412
71664
48110
48224
71763
48445
71902
71933
71891
71953
72320
32856
72712
72188
33056
48703
32715
48412
72478
72448
48764
72486
33274
48788
72590
32717
49261
33017
72717
48818
72705
33241
72565
72834
48775
48933
49008
72856
49013
49258
73016
73068
73240
48957
49230
33371
50088
48929
49194
49162
49166
73368
49205
49038
33674
49083
73268
73791
73872
49323
49397
73623
49433
49459
34135
49429
49523
73654
73900
74105
49776
49507
73899
50427
49722
36131
49720
49678
74079
74471
49737
49740
49656
49572
50006
50103
50117
50094
50364
74962
