63551
63606
43410
63814
28227
63974
43548
63985
64095
64099
43611
28303
43621
28292
28325
43675
43681
64281
28347
28348
28362
28379
43764
64433
43769
28430
43782
43781
64463
43795
43802
28476
28713
43818
43823
64558
28529
43837
43860
28224
64652
43866
64670
43870
28581
43884
43886
43893
64750
43914
43905
43917
43927
43977
43991
64882
28789
64887
44030
44033
28819
28818
44056
65101
28852
44118
44120
28861
65122
28879
44152
44151
44204
65246
44221
28966
44256
44269
65515
29055
44344
65648
44394
44456
29106
44495
29129
44521
65879
29158
44549
65873
65885
44635
29201
44621
29215
66029
66041
66022
66096
29262
44691
66295
66159
29303
44714
66236
29335
29333
44792
44790
66513
44868
44847
29406
44949
29460
29436
29478
29480
66600
29515
44985
29542
66685
44992
29581
44968
29566
45010
45011
66858
29666
45182
45147
45222
29735
29715
67231
29742
45199
29736
45247
45220
45248
67275
67284
67317
45283
67330
45298
45371
45333
45357
29863
45484
29955
30022
45480
45473
45467
67620
30055
67650
30053
30126
30003
30116
30078
30110
45629
67781
45677
30164
45755
45690
45739
45851
30262
68299
68174
30337
68297
68282
45921
45920
68348
45952
68454
30469
30489
45974
45932
46041
69003
68536
30556
45998
30578
30521
68662
30503
68896
46441
68719
30643
30660
69384
30673
68927
15624
30732
30768
30761
30787
46536
30905
31034
46507
46522
31092
46538
31022
46608
30986
69548
69440
31146
46777
70035
46782
46845
31208
46859
31314
31377
46851
31324
31291
47066
70053
31432
69955
31591
70075
47374
31505
47086
47140
47164
31508
48284
31888
47401
32003
31731
31872
70651
31813
31728
47428
47391
47436
47535
31904
32072
47474
47483
47407
47413
32363
47793
70876
32109
32262
32207
32375
47971
71122
47522
32040
47928
47967
47752
23031
47966
71250
47948
32222
32248
48044
47874
32364
32306
32376
32392
32435
48101
47970
