63529
63534
63538
63551
63555
63576
63578
63625
43361
63622
43365
43376
63655
43387
63662
63676
63691
63708
43422
63728
63735
43463
28183
63814
43475
63824
43486
63846
63850
63852
28203
63885
43503
43510
63903
63928
63954
63961
43531
43535
43534
43536
28247
63974
43548
63985
43555
43557
43559
43563
43575
43578
64044
64095
43605
64114
64113
43616
43621
43626
64154
64163
43640
43639
28302
64186
28321
64209
28318
43659
64229
28325
43675
64247
64244
28329
43708
64267
43691
43714
43717
43749
43748
64427
64433
64420
43775
43781
64519
64474
28461
64509
64486
64488
64492
28480
28489
28507
64558
28528
28534
64637
43848
43860
64652
64670
43870
28581
43877
28574
64678
43893
64714
43389
64742
43923
64778
43917
28700
64794
43929
28704
28726
43942
43944
43937
43954
64833
28757
43977
64913
43987
64874
64887
64947
43999
64945
64944
64996
64966
44032
28811
64993
65035
65101
28849
44108
44125
65152
65176
28878
44141
65257
65226
65221
44168
28917
44204
44177
28926
65246
65334
65255
65301
65288
65303
65305
65310
64291
28954
65379
65364
44265
44269
65369
64383
65410
44286
65488
44282
28992
65473
65450
65449
65465
65481
44305
65478
44322
65538
44345
29055
29048
65648
65571
44360
44364
65595
29046
65674
29058
44405
65673
65670
65668
65672
65830
29109
44465
44456
44462
44458
29132
65831
29141
29124
44501
65878
65847
44526
65839
65879
29146
44549
65929
44556
65921
65938
65931
29201
44593
65966
44588
44603
29213
65996
66082
65980
29235
29228
66035
66023
44640
66096
29244
66278
29262
66247
66076
44674
66084
64758
29310
66159
66163
29291
66170
64829
44728
66198
66237
29306
44744
66227
44720
66252
66236
66240
66228
44724
66422
66402
29335
44775
44792
44768
66313
44791
44790
66513
44788
66376
66389
44840
44824
44806
44883
44986
66491
66489
66606
66529
44895
66562
44926
44945
44914
29515
44937
66619
29513
44985
66685
29511
66690
66657
45007
29553
29563
66841
66815
29566
66778
66767
29610
45075
66839
66853
29626
67049
29632
65149
45084
45107
45108
66850
66871
45100
66924
29698
66927
29676
45154
66950
66959
67021
45158
67005
45142
45192
45130
67006
67013
67175
67028
29742
45241
67094
67231
67052
45243
45247
45203
45220
67162
67163
67122
67139
45297
45369
29765
67210
29797
67234
67274
29826
45335
67190
67282
67246
67236
68559
45372
67330
45371
29840
67350
67371
67386
45341
67338
67381
45456
67476
45350
45426
45437
29863
45409
45429
67488
67480
45394
45424
45484
29991
45434
45421
67463
67607
29913
29919
67604
45473
45510
67528
45504
45447
45470
67591
67570
67632
67620
67700
45582
67650
45524
45543
45581
67645
67717
45544
67869
67769
67742
45622
30144
45680
67944
45674
67842
67830
45676
67825
67856
30164
30173
45657
45672
45714
45655
67890
30151
67964
45727
45690
68036
67997
68033
67955
68060
45741
45736
68020
45792
45784
30224
68053
68010
68106
68220
68226
68105
45825
68228
45811
68174
68188
45859
68296
68273
30312
45871
68282
68508
45846
45968
68240
68256
46036
68268
68254
68664
30680
68329
68366
46015
45952
46014
46019
46133
46039
45974
30436
45932
30373
30385
45981
46070
46079
68507
68490
68505
46187
46031
68536
68601
46043
68498
30443
68707
46089
30509
46094
68705
68616
46181
68662
68679
46112
30575
68632
68792
30568
46127
69253
68789
30682
68726
30633
68896
30551
46165
68719
30611
46184
46188
68952
68835
16308
30610
68892
46234
30660
46267
46269
46459
30654
46354
69092
46369
46534
30716
46476
69015
69095
46466
46603
46379
69174
46461
69229
46575
46605
31008
69175
46402
47152
69196
69329
46590
69550
46487
46549
46594
69272
30958
31066
69436
46522
69341
69364
69383
46609
69548
31000
69483
70045
69440
69445
69452
69406
31146
30943
46778
46628
46784
46649
46627
69677
69530
69533
69749
70035
69744
31190
31205
69671
69502
46701
69970
46868
69764
69669
31131
69818
46958
31379
70048
46797
31370
46747
46839
69643
69864
69877
46879
47077
47221
31321
46940
46989
47384
67076
69885
46898
47050
69785
70025
70107
70026
46947
31456
46990
70028
47090
31474
47165
31482
46938
70181
31458
69956
46935
70180
70051
47029
70097
31678
70300
31505
47164
47086
70283
70170
47139
31754
47373
47183
31596
31644
27089
47178
70575
47288
70398
70464
70391
70467
31695
47184
31888
31656
70603
70623
31825
70651
31839
47297
47344
47364
70745
70822
47391
47289
70620
47428
47904
70832
47337
47436
47585
47474
47578
47453
47476
47407
70888
47413
47782
31993
31707
47789
47442
47793
47738
70876
47666
70976
47599
47736
47830
70928
71017
47971
47937
47956
71025
47611
47813
47522
47538
32143
47966
47641
32101
71223
47770
71225
71103
71130
71216
47749
32137
47954
48081
71236
47948
47679
71237
47943
47860
47677
47891
32370
48030
47657
48044
48046
32513
32335
71446
47707
71442
71350
71411
47663
71320
47827
71423
48069
32544
47892
47899
32465
47970
71321
32468
47887
71433
32412
48193
48259
32538
71557
71596
71601
48090
48231
71775
71658
48110
48236
71888
71664
48224
48093
32457
48260
48219
48301
71763
48160
48207
48211
48241
71820
48296
48445
72990
71932
48303
71933
32697
48384
48279
71902
32809
71770
71891
71760
71953
71982
32662
48348
72197
72212
72028
72320
48442
71910
48605
72057
72712
32856
72152
72188
32715
33056
48412
48703
32786
49066
72478
48394
48648
72448
72156
48623
48764
72021
72225
32769
74038
48838
72486
73025
48610
48788
33274
32717
72511
33054
49261
72529
33204
33206
72614
48715
33017
49483
72528
48697
48566
33523
32895
72509
72749
48818
72705
49405
72717
48756
48638
72565
48658
33240
48823
33241
48775
72834
49013
48933
72856
49008
49258
34060
49491
48941
73197
72812
73016
49155
72782
73050
73068
33726
48957
73240
48964
49073
49230
48977
49249
73312
33371
73324
48929
50088
73399
48954
49054
48851
48877
34133
73041
73380
49029
49279
73195
49194
25536
73797
74321
73368
49162
49166
25519
49038
73424
27910
73268
33863
49083
50086
33674
73791
33834
73621
33552
49309
49195
33791
49397
49435
73796
49469
73623
73872
73666
49433
73785
49526
49459
73805
73717
49523
73456
49439
73459
49429
49431
49403
73654
73900
34214
74069
49407
49470
74116
74105
49776
74173
49565
49599
73899
34170
49507
33864
50427
73940
74167
76238
49722
74319
49735
36131
49986
49662
49711
74079
49737
74082
74336
49656
49743
74471
49669
74159
49678
50006
49572
74499
74571
50200
49812
50005
50103
49820
50117
49969
50013
50020
34762
50001
74480
50004
34342
50406
51650
49988
70587
75033
50094
50799
50333
74962
50344
50643
20891
50300
49967
50008
50529
74848
34361
50389
74943
36129
50136
75017
75027
50367
50533
50370
50132
50433
50282
50445
34634
50586
34724
50161
50357
50442
75085
50301
75122
50304
50673
75137
35399
50675
75513
50526
75474
50335
50479
50353
50738
35030
75381
50531
50710
50582
75492
50471
50585
50690
50699
75377
16285
75392
50470
52092
75875
75207
50477
50727
50670
50716
50724
75278
35432
50890
50708
50468
50836
15378
35423
50623
75354
50749
75765
50713
35279
51227
50719
53791
50698
50646
35041
50661
51177
35192
76206
50886
75926
75814
50887
76012
53855
75887
51095
23280
76134
51299
50979
51161
51082
75890
76390
51108
36296
23356
51141
76137
17928
51316
52018
75861
75961
51080
51209
75592
75604
75898
35496
75671
75915
75932
36120
36283
36727
76397
51962
76445
51022
36046
76107
76362
51657
76127
51692
36030
51336
51548
51587
51795
52026
76564
77780
27133
51426
51283
76117
51450
51866
76985
51293
77013
51573
51581
76146
35931
36156
36328
76550
51551
51589
36364
51256
76581
51560
52044
36731
51461
51561
51470
51564
51553
51624
51858
51918
52017
52414
35697
36320
52061
26982
51985
76882
77787
36437
52007
51910
52010
52385
36539
51721
76805
51976
76813
36580
51783
76893
77081
52104
77174
15663
15957
52055
77027
52019
36345
76875
19919
53207
52097
77539
76720
36483
76730
77952
51742
52065
36158
52089
52649
36183
51997
52676
77073
28105
36394
52040
52358
37093
36465
52106
77234
52419
77752
52459
77753
52020
52232
52461
76683
52053
52144
77270
52153
52200
54718
77047
77058
36616
53050
52488
77853
77604
77877
81541
52567
77613
36137
36753
52502
77968
36143
52626
77984
37487
77757
23531
77271
38286
52523
52524
77429
52495
77590
24037
52540
52763
80805
36873
77392
52237
52995
52538
78636
52497
78553
52471
52526
53096
52998
78499
52498
78525
53023
52946
23621
53053
78217
36693
52744
53153
52377
53187
24205
37319
52836
77292
36553
52505
53142
37030
52969
53100
53308
78275
52830
78709
78510
52856
78025
78546
25892
53245
78257
78666
53109
17922
78739
53114
53683
79488
53147
78557
52752
53170
24917
53022
53193
24921
24267
53024
55500
53019
16210
21636
24209
53110
53569
37007
78914
53709
78997
53215
79510
53714
79594
53794
79609
53955
37436
53811
79459
36922
53746
53116
53826
79293
53874
79314
53722
53884
79331
27242
53806
79336
53743
26647
53629
53814
78803
79480
27842
27221
53340
53730
27283
23368
26824
53774
53837
15355
24381
37788
53775
80369
53988
37581
79791
54050
26629
39130
54118
79676
83432
80304
53989
24288
53759
80664
38792
79916
26499
24166
80371
54135
79763
80319
37779
38438
80669
23065
54072
79974
17858
54113
80201
80272
39481
79866
39596
54057
80363
17121
15614
38051
80563
38187
80565
80307
80591
54017
80328
20030
37931
20630
79711
16909
22872
85216
38150
87826
39378
81204
81452
23626
26372
38856
20049
27533
38402
80745
80746
81533
27623
80779
39069
80851
27482
81020
28035
24459
27681
81911
39197
80921
83440
98320
21822
19687
24512
18185
40721
27549
82337
82918
82979
83114
39730
82317
84446
84447
26512
83417
27361
40353
84449
82197
83694
84082
84489
84085
84287
40238
84811
85190
84068
41476
84530
27827
84532
39200
84381
84386
83924
85194
17211
39863
84025
41416
85823
86539
86892
41606
86031
23112
27749
85702
41547
41408
40028
86364
86456
85676
86549
85699
87397
88971
88809
90247
88965
88352
88808
88903
88121
88774
87974
88026
88330
88351
87836
90203
90223
41017
98297
87955
90244
42497
92979
42535
91477
90768
87954
91034
91300
91487
95547
42299
95557
90782
90836
91883
42098
91889
91881
90937
92071
92078
90612
42126
93719
91267
42740
42960
95713
98273
42864
94509
94363
43278
98241
94329
43299
94358
