43349
43361
43415
43434
43435
43460
43483
43484
43507
43506
43573
43539
43556
43613
43658
43659
43699
43704
43743
43747
43750
43755
43754
43756
43787
43833
43901
43909
43910
43920
44007
44008
44025
44065
44093
44128
44148
44168
44262
44272
44282
44289
44319
44367
44400
44428
44429
44465
44445
44479
44511
44498
44526
44527
44565
44528
44655
44768
44785
44804
44819
44895
44894
44893
44954
44955
44999
45085
45158
45192
45130
45131
45132
45129
45128
45161
45162
45227
45226
45311
45340
45341
45342
45409
45410
45379
45381
45411
45449
45485
45488
45524
45525
45601
45600
45599
45645
45719
45688
45792
45763
45793
45833
45832
45881
45882
45883
45884
45942
45940
45941
45943
46044
45983
46041
45984
45982
46042
46043
46040
46094
46098
46096
46097
46152
46095
46153
46207
46208
46211
46209
46210
46151
46271
46272
46329
46330
46331
46327
46328
46398
46397
46403
46399
46400
46404
46401
46402
46487
46482
46485
46555
46483
46559
46486
46484
46558
46557
46628
46629
46627
46710
46711
46707
46709
46800
46708
46797
47293
46799
46798
46898
46904
46896
46897
46900
46901
46902
46899
47185
47092
46997
47190
47187
47093
47182
47183
47188
47096
47186
47421
47184
47410
47300
47419
47297
47301
47296
47420
47414
47536
47681
47294
47298
47682
47417
47418
47411
47837
47416
47409
47412
47415
47541
47540
47684
47542
47543
47544
47539
48003
47538
48006
47680
48002
47678
47672
48001
47836
47674
47758
48008
47679
47673
47677
47685
47841
48004
47676
47675
47683
47838
48007
47833
47839
47840
47842
48009
48486
48147
48133
48144
48136
48146
48302
48135
48145
48303
48137
48139
48304
48305
48138
48140
48142
48306
48309
48310
48493
48487
48652
48308
49855
48307
48491
48490
48653
48654
48488
48655
48660
48872
48659
48657
48658
48662
48656
48871
48687
48882
49085
48883
48873
48875
48878
48876
49088
49035
48877
49078
48881
49080
49089
49090
49081
49082
49322
49079
49076
49083
49314
49318
49323
49324
49328
49087
49327
49329
49325
49326
49316
49321
49573
49574
49315
49583
49587
49588
49578
49576
49577
49580
49582
49585
49575
49586
49589
49850
49864
49846
49572
49859
50532
50195
49853
50200
49854
49856
49857
49860
50539
49861
50190
49858
49847
50202
50534
50198
50529
50535
50527
50537
50533
50536
50192
50191
50193
50186
50188
50189
50182
50183
50526
50531
50522
50542
50523
50185
50194
50893
50900
50541
50540
50890
50902
50904
50884
50899
50888
50905
50885
50886
50892
50894
51778
50897
50887
50889
50882
51331
51340
50901
51338
51316
51313
51785
51773
51336
51309
51330
51339
51781
51795
51333
51342
51315
51344
51317
51318
51329
51312
51322
51323
51332
51341
51314
51797
51326
51343
51308
51328
51337
51310
51793
51774
51782
51325
51335
51776
51327
51345
51779
51320
51780
51796
51775
51783
51777
51788
51771
51792
52224
52226
52230
52221
52232
51772
52227
52229
52254
52821
52247
52249
52228
52240
52252
52817
52242
52245
52225
52251
52234
52246
52239
52819
52237
52815
52215
52816
52216
52217
52800
52818
52244
52812
52843
52238
52844
52241
52837
52838
52841
52835
52845
52836
52825
52686
52810
52829
52811
52820
52830
52795
52831
53467
52804
52807
52824
52799
53466
52803
52796
53469
52806
52798
52808
52801
53431
52802
52809
52839
52794
53432
53440
53441
53326
53456
53457
53458
53459
54090
53454
53463
53455
53470
53445
53446
54137
54124
54143
54125
53962
53425
53447
53451
54118
53453
54120
54135
54094
54113
54127
54083
54100
54131
54084
54133
54134
54093
54122
54111
53961
54144
54114
56903
54116
54102
54104
54119
54091
54108
54110
54097
54099
