20840
43541
43568
43581
43587
43601
43600
43702
4696
43796
43852
43895
43996
44090
20718
44120
44164
44267
44286
44549
44548
44604
44740
44781
44780
44908
44927
45103
45253
45182
45865
45181
24358
45213
45301
45276
45303
45302
45472
45437
45436
45557
45473
45591
45624
17221
45592
11739
45558
45707
45674
45748
45862
45781
45747
45863
45911
45913
45864
46023
46074
24378
46073
46071
46371
46072
46251
46313
46249
46367
46250
46459
46370
46369
46368
46525
46526
46600
46771
46677
47152
46681
46676
46679
46602
46678
46680
46601
46769
46965
46769
46965
46772
17445
11740
46859
47059
46964
46963
47153
47055
47054
21145
47149
47056
17166
47256
47058
47485
47150
47257
17364
24307
47374
47489
17602
47373
47487
47492
47620
47488
24534
47494
47486
47625
47259
47922
48588
47624
48076
47931
48082
47929
47779
47621
48078
47924
48080
47774
47928
47923
47773
47932
17531
47776
48081
47933
47925
47926
48079
48264
20905
48259
24588
48261
48262
48256
48257
21236
48260
20636
48417
48415
48418
48782
48412
48414
48597
48593
48413
48786
17271
48590
48784
48785
48594
48595
48788
17366
21122
48596
21122
48783
17197
48790
49243
50065
48789
48791
17453
48792
50074
17362
48990
50066
48983
50075
49246
49249
50073
49248
50072
48984
48987
49234
50071
49236
49250
17260
48982
49242
49480
49240
50754
49239
49241
49479
17596
49478
17193
49473
49481
49482
49476
49477
17185
20638
21132
17712
49753
49754
49752
51628
50077
17553
17181
50401
20891
50403
20983
20983
17519
50400
50397
50398
17195
50395
50443
24391
20987
20838
17189
17443
24425
17506
50759
51169
50753
50757
20962
24319
51175
21242
53226
50752
50756
50758
24395
56529
20722
17168
20722
17552
53855
17527
24466
17471
51171
51172
21140
17191
17421
24510
17577
51174
17465
24313
24401
20981
24437
17199
52070
20975
51618
21011
51625
51627
17175
51624
21218
21230
21218
52578
24376
17171
17254
24370
24320
17173
17598
20634
52074
17449
17579
17267
24364
52071
52585
52073
52575
52582
52573
24407
24564
17716
23913
21130
17708
21240
20720
24508
20720
24470
24586
17544
24633
24637
20724
20641
24487
24303
17252
24445
24497
17718
20979
17515
17473
17502
24613
17269
17504
21120
17258
17263
20628
21118
21226
21124
24399
21124
24399
24479
17606
24485
17219
20861
24311
24514
50402
17451
20842
11741
20901
53224
17428
17513
17550
24359
24455
20895
24365
24631
17179
24435
24530
24532
17417
17540
24524
24506
20970
24304
24447
24477
24481
24643
53858
21134
17447
24326
24451
53848
17201
17455
24472
17567
24556
24381
24560
17546
17510
17215
17430
17265
21116
20968
24575
17523
24462
20968
24575
17523
24462
17548
24468
17517
20893
20857
17419
20972
24526
24542
21213
24330
17217
20836
24361
24625
17538
20626
24348
17205
24558
24615
17177
17360
21126
17469
21128
24516
24566
17608
20622
24346
24536
17187
20912
17207
24380
17358
17610
24627
17459
24350
24522
17461
17521
17710
20630
24383
24495
24582
17183
24552
24641
20897
17256
20919
22959
22959
24328
17604
20960
24504
20910
24473
24489
20655
24322
24354
17209
17573
20899
24562
24342
24344
17529
21232
24439
17592
20908
17432
24443
24337
24352
24460
17542
20844
24340
20908
24439
17432
21222
24335
24540
17508
24433
24403
24550
24554
24459
20717
17463
24339
20846
20998
20849
24548
21216
24372
21108
24374
24441
20917
17575
21152
24619
20851
21090
24639
20964
24520
21238
24629
21224
24397
24617
17423
17525
24512
24580
24584
24317
24518
17594
24363
24457
24572
20632
21228
17162
24568
24333
24429
24475
24499
24389
24501
24427
20966
24427
17569
17714
24635
17426
21234
24570
17600
24528
24385
24483
24538
20914
20887
24387
17434
20985
20989
24324
24578
20977
24297
24493
17211
24621
24315
17164
20889
17213
24393
24431
24491
20863
24544
20903
20859
24366
24332
