63711
63967
64195
64215
64305
64475
64550
64699
64700
64738
64825
64926
64962
65009
65043
65042
65238
65260
65259
65662
65710
65711
65879
66096
66064
66273
66244
66190
66189
66336
66369
66370
66548
66584
66966
67132
67182
67234
67394
67610
67858
67922
67923
68003
68075
68227
68144
68299
68228
68229
68230
68296
68297
68375
68452
68545
68621
68619
68802
69345
69001
69110
69111
69483
69482
69633
69634
69632
69898
69763
69899
69900
70052
70053
70054
70050
70180
70051
70329
70327
70328
70492
71055
70861
71056
71054
71248
71250
71249
71252
71449
71450
73073
71680
71936
71932
71933
72203
72204
72200
72202
72483
72478
72480
72482
72481
72479
72739
72740
72741
72742
73072
72776
72738
73066
73075
72744
72737
73071
73067
73077
73074
73430
73431
73432
73068
73069
73793
73434
73795
73426
73428
73429
73797
73433
73427
73791
73796
73799
73802
73798
73792
73801
74161
74163
74165
73800
74164
74162
74167
74589
75044
27529
75043
75490
75041
75492
75497
75494
75499
75500
76011
76012
76016
76088
76010
27461
76014
76561
27553
76572
76564
76565
77228
76560
76566
76567
76563
27478
77227
27451
77221
77224
77229
77972
77230
77231
77225
77971
77974
77966
27543
77968
77970
27551
27507
27455
77969
27467
27513
27498
27457
27480
27459
27531
27566
27490
78749
27517
27463
79592
78750
78747
79594
78748
79598
79600
27488
27523
79593
79596
79588
79589
79601
80682
27509
27545
27547
27486
27535
80678
27505
27519
80681
27555
80688
80692
27560
27453
27571
27559
27465
27537
27469
27557
27527
81927
27501
27494
27515
27521
27567
81916
27539
81917
27492
27533
27482
27564
81907
27541
81918
81925
81911
27503
81926
81928
27484
27549
83407
83419
83408
83414
83421
83417
98303
27569
27525
27496
98296
27562
85190
85194
85199
85193
85198
85202
85204
87398
87401
87397
90247
87403
90252
90254
90246
98297
90244
98274
98290
98292
98276
98277
98281
93989
93997
93981
94008
93990
98289
94007
93987
98251
98258
94004
93986
94001
98272
98263
98273
98269
98261
98266
98270
98271
98253
98241
98249
98268
98265
