63531
63546
63662
43405
43439
63745
63812
63885
63954
43538
28260
64092
43581
28275
64102
43658
64255
64352
64397
64408
64430
28438
63634
64481
64542
43821
28496
43825
64650
28229
28229
43884
64677
64680
28593
28594
43909
43920
43970
64862
43408
64981
44043
44056
44073
44072
28866
28858
44121
28938
65288
65365
44330
65527
65524
44382
44471
44431
44526
44591
65924
66049
66141
29280
64829
29321
66277
66245
29339
66346
44849
44847
66414
66433
44886
29426
44881
29456
44946
44902
66632
66619
29514
44942
66711
44992
44988
44968
66757
29551
66829
45174
45204
66952
66982
29699
45207
67187
29909
29835
45275
67315
67323
67292
45322
29893
45376
29858
45366
30029
45506
45444
45518
29937
29971
45475
45554
30098
30086
30073
30073
67802
45670
68003
45813
68294
68144
45809
30391
46023
68355
68334
68638
45956
68481
30519
68645
46062
30559
30596
68836
68876
30820
30677
30644
46330
30814
68915
69115
30735
69299
46465
69205
30783
69193
46499
31093
69247
46683
69361
31117
46761
46775
69612
46650
46742
31284
69725
31153
31469
31283
31238
31361
31311
69869
31322
70084
46899
70175
17807
47092
31381
70113
70293
47240
47202
31507
31542
47164
70333
70326
70222
31551
31726
31888
31918
70668
70518
70667
70711
31756
47352
70682
47512
70782
32100
32142
32052
47725
32363
32146
32066
32128
47597
71040
32018
32152
47615
32153
31954
32678
32102
32522
32244
47768
47815
47836
32093
47723
32325
47760
48428
71431
48072
48424
32453
32396
71649
32437
71457
32748
48276
32604
48222
49168
71889
48137
72136
48407
72105
48390
33277
33292
72036
72143
48395
72260
33223
48394
32869
22821
72243
33066
72409
48490
48700
32872
49003
33191
48548
74072
33380
33227
33262
72242
72675
72693
32898
33479
33318
72565
33400
48752
48966
48969
49757
73083
33186
33351
49023
25288
73085
49019
72844
48990
33742
72795
49160
72905
33370
