63858
64582
64644
65736
65831
65878
65899
65946
66214
66403
66612
66712
66749
66876
67787
67665
67786
67729
68143
68294
68293
68292
68226
68295
68373
68618
69232
69343
69481
69762
70045
70046
70048
70044
70179
70664
70665
71050
70860
71246
71052
71049
71051
71247
71053
71447
71444
71446
71445
71675
72197
72193
72196
72477
72476
72736
73423
73424
73787
73785
73786
73784
74158
74159
74571
75037
75036
75038
75488
76553
76550
76556
77952
77208
77949
77962
77957
77961
77951
77953
77954
77959
78738
78740
78733
78736
78739
78741
79578
79582
80666
80655
80657
80659
80652
80664
80661
80653
80669
80649
80651
80663
80656
81880
83386
83392
83397
83383
85182
87383
85185
87360
87356
90183
90229
90191
90192
90203
90223
98158
93962
93930
98168
98173
98167
98186
98220
