45406
45216
45277
45326
45304
21809
45327
45361
22686
45362
21702
45440
45363
45364
45441
45439
45474
45438
45476
45477
45519
45559
45475
45628
21811
45560
45561
45627
45593
45633
45626
45680
45632
45681
45630
45710
45629
45631
45676
22471
45679
45675
45677
45712
45709
45678
45713
45708
45823
45866
45783
45711
45820
45782
45822
45824
45819
45868
45821
15044
45867
45918
45914
22778
45916
45917
45915
46026
46076
45971
46135
46133
46027
46079
46024
46136
46077
46257
46078
46193
46134
46132
46192
46191
46254
46258
46253
46255
46529
46252
46256
46314
46462
46316
46374
46315
46375
22492
46463
46372
46376
46528
46534
46604
46464
46466
46603
46682
46461
46605
46465
46684
46533
46535
46527
46866
46532
46536
46530
46531
46683
22870
46686
22780
23107
21866
46685
46775
46863
46867
46773
46868
46865
22930
25806
46862
46870
46968
46864
46971
47068
46869
46970
48433
47067
47071
46969
47066
47154
47384
47384
21351
47158
47630
47069
47060
47064
47379
47070
47385
47063
47157
47268
47261
47159
47376
47155
21940
47264
47267
47377
47381
47260
47383
47496
47265
47500
47262
47263
47380
21797
47382
47504
47503
47636
47501
47497
47495
47635
47632
22672
47378
47787
47783
47502
47634
47637
47628
47638
47498
21332
47790
47784
47786
47782
47789
48266
47631
48087
48088
22727
48087
48088
47936
47937
47944
47788
47945
47939
47941
47940
48430
47943
48428
48265
48086
48089
48423
48084
48420
48437
48424
48795
48268
48269
48431
48602
48427
15042
22793
48436
48434
48421
48429
22469
48996
48432
48435
48994
22912
48422
48599
48426
48606
24850
48425
48604
48605
48800
48601
48797
48802
48600
49000
48793
48805
48603
48993
49256
48799
48805
48607
48997
21531
52078
49489
49002
49003
48796
25291
49261
48803
48794
48804
49254
49483
48998
49001
49497
49255
23178
49492
48991
49252
22473
49757
25288
49487
49258
21484
21690
49756
49253
48999
49493
50778
49490
49491
49484
49485
48995
49259
49251
49767
24802
49488
49496
50082
25784
49755
49494
50081
50088
23186
50770
49495
49760
50764
22953
49764
50091
49763
49765
50086
50419
25728
22756
50404
51639
22729
49759
50773
21363
49486
50412
50765
50776
49758
49768
50763
50093
50087
50771
50092
50084
22682
50426
51185
50090
25742
50425
21488
50427
50409
49761
21803
50766
51647
50421
50777
50762
50080
50410
50772
22699
51632
50408
50414
50416
51648
21656
51183
25845
50424
51186
21336
50405
51634
51651
23210
50761
50422
21349
22693
50407
51650
50423
22504
50767
50406
51641
50769
51642
22680
50775
23956
51653
50774
22703
22691
51192
51631
51191
51194
24776
22904
51198
23182
23102
25750
21805
51643
21918
22694
51637
50768
51649
27006
51638
50760
52092
52604
25738
21858
51644
21836
21338
51646
52083
51635
53237
22718
51182
52593
21920
51177
23137
52594
22864
52603
52603
51645
22949
21928
22924
22676
23168
24786
52084
52602
51176
51184
51195
52087
51187
52081
23152
52082
52600
25711
25808
22736
22866
51197
24690
51178
52588
51179
51199
51180
51178
52588
51179
51199
51180
51188
25821
51181
22898
52094
52599
24737
52591
23220
24790
51636
52076
52086
22483
25740
23155
52597
52605
24733
24848
52590
52608
25791
21887
25730
23249
23218
21887
25791
21342
21642
21680
25730
21344
23119
52598
24721
23174
25795
14814
25799
52080
52589
21820
22908
23238
26982
52085
22667
24766
52090
21807
22860
24667
21719
52090
24755
52610
24804
52596
21730
21838
21856
22475
21874
22697
52088
23200
24719
52089
52614
25847
25786
21942
21824
25789
21678
21945
23228
25797
52587
25836
25758
24840
21813
24840
21813
22782
24687
22714
23164
25838
25745
27008
25734
25830
25816
53236
23180
24081
25817
25756
21854
21340
53244
27914
53250
22485
53254
21868
25727
53242
21244
25732
53247
21868
25727
53242
23204
53243
22665
25783
25293
53253
22688
23234
24796
25959
53241
53256
24681
53258
23239
53259
24741
24825
23852
53235
21686
22055
22922
25722
20646
21638
24821
22914
23145
21645
23116
23198
24663
24833
25819
25773
22490
22557
24651
24700
23206
24685
25747
21682
22885
23147
25911
53900
24694
22742
21636
23110
24683
25743
23058
25715
22708
23058
24683
25743
22708
25715
22479
24806
53878
21330
24673
53867
22754
23960
25736
53868
23946
53902
23139
53873
53891
53892
23114
53866
21347
21864
24794
24846
53884
22690
22720
24827
21864
24794
24846
53884
22690
22720
22897
53863
53874
53864
21830
21482
21684
21832
21922
21950
24844
53880
23232
23944
27939
53901
21334
22788
24764
24814
53869
21354
25787
21354
25787
53869
23154
53871
53887
53903
21930
24723
25713
25840
25842
22891
22893
23948
24768
22735
23172
25793
21949
22696
22710
22887
21725
22740
24780
23122
24816
22760
23251
24784
21734
23952
25775
21299
21876
22725
24743
22868
23176
23244
24675
24747
25832
24661
24749
22732
22874
21359
22477
23128
21860
21934
23159
21545
21799
23135
22926
24698
22494
21654
22743
25804
22494
23223
24702
24671
24727
27010
22920
22872
22487
22791
23166
21733
22706
22910
23124
24646
24739
23954
25825
23847
24759
24774
22902
23194
24706
23134
23196
21723
23134
23196
24762
25721
22701
25754
25954
23236
21870
23202
21523
22678
25823
21932
22749
24725
24788
22750
22947
25813
24729
21801
22671
21884
22758
24735
24782
21490
21944
24782
21490
21944
22707
24837
24772
22916
23242
23132
24810
24778
21652
25802
21357
24665
24753
22721
24855
23241
24842
25717
22669
23958
21834
21486
22674
22955
25771
22745
22876
23958
23212
24692
25752
21688
21728
21926
24677
21822
22733
24852
23780
25760
21828
25762
25811
24704
25779
22712
22752
22784
23109
23151
24679
24835
22928
23113
21947
23126
21361
22496
24761
25765
22723
22481
25719
22786
23247
24645
25724
24800
23141
24669
23227
21862
22738
24830
23216
24751
25709
21692
21929
21640
22663
24823
25827
21878
21880
24715
24731
25827
21878
21818
24659
21882
23208
25815
22500
22716
23120
24798
62018
22684
24745
23149
22906
22895
24770
22884
23143
23819
22498
21924
23163
24812
24717
24696
24818
22878
22737
24696
24818
23104
23190
23246
23188
24757
22889
23112
22728
23170
63433
21648
22502
24657
63437
23214
101859
