69211
69322
69550
69213
69320
69622
69749
69615
69617
69744
69620
69746
69740
69739
69741
69745
69742
69743
69747
69881
69886
69887
70025
70026
69885
69883
70028
70029
70024
70022
70293
70300
70168
70169
70170
70294
70299
70295
70297
70469
70472
70474
70465
70464
70466
70470
70467
70468
70635
70830
70827
71898
70833
70832
70834
71027
71030
71028
71031
71219
71228
71223
71224
71227
71220
71225
71222
71218
71415
71629
72151
71411
71413
71412
71627
71628
71633
71635
71897
71896
71902
71895
71892
71894
72149
72145
72150
72152
72432
72154
72430
72143
72153
72147
72148
72160
72155
72156
72158
72434
72440
72157
72433
72690
72703
72704
72693
72694
72695
72689
72691
72705
73006
72697
72698
73018
73015
72702
73009
73017
73365
73016
73362
73005
73367
73377
73380
73368
73375
73732
73366
73381
73379
73376
73720
73723
73727
73733
73735
73724
73731
74074
74087
74084
74498
74088
74086
74078
74501
74079
74496
74079
74081
74502
74082
74487
74499
74080
74486
84565
74083
74964
74484
74489
74935
74937
74958
74962
74963
74941
74966
74946
74961
74938
74942
74943
74932
74933
75383
75393
75385
75372
75373
75381
75392
75377
75390
77792
75910
75913
75916
75917
75906
75909
76426
75898
75915
75899
76438
75900
75904
75918
76445
77790
76432
76421
76437
77780
76441
77785
77786
76421
77782
76434
77787
77802
77041
77042
77052
77053
77069
77071
77063
77073
77048
77065
77066
77054
77068
77064
77051
77067
77808
81541
77058
77060
77047
77794
77801
77804
78525
78529
78550
78553
78549
78563
78542
78560
78532
78539
101332
78559
78546
78561
78531
78543
78535
78554
78557
79327
79347
79349
78558
79352
79340
79343
79328
79333
79336
79326
79329
79331
80369
80367
80330
80371
80321
80359
80324
80329
80348
80349
80319
80338
80339
80317
80318
80352
80322
80340
80316
80342
80363
80332
80355
80356
80372
80360
80328
80368
81496
80368
81545
80333
81553
80320
81522
81533
81552
81529
82914
81535
82917
81513
81514
81544
82921
81515
81511
82898
81507
82913
82936
82883
82916
82891
82896
82931
82933
82887
82918
82887
84543
82881
84513
84538
84567
84569
84530
84532
84511
84520
84649
84566
86539
86461
86513
86546
86474
86532
86533
86488
86505
86560
86525
86558
86536
86456
86541
86467
86478
86480
86456
86541
86470
88920
88964
88923
88965
88971
88933
88938
88953
88927
88903
88979
88952
88894
88898
88929
88901
88975
88912
88918
88967
92132
92125
91993
92063
92118
91993
92063
92118
92033
92080
92131
92102
92065
92071
92121
92013
92078
92052
92090
92062
92110
91998
92055
92100
95677
95639
95661
95624
95722
95637
95684
95655
95662
95643
95690
95648
95611
95713
95662
95626
95674
95698
95717
95620
