28543
28572
28787
28828
28976
28990
29010
29106
29124
29413
29732
30029
29950
30107
30293
30255
30700
30701
15321
30592
30752
30702
30891
31116
31115
31196
31114
31276
31275
31464
31373
31563
31562
31564
31565
31925
32045
31797
31798
32198
32527
32355
32674
19767
32526
32528
32525
32866
32867
33505
33992
33507
33506
33738
33737
33736
33990
34557
34862
34268
34862
34265
34556
34555
34269
18821
34856
34857
34860
34859
34861
34863
19740
22337
35194
35192
35195
35193
35525
35915
35527
18894
35529
35912
18856
35530
35913
22571
25096
36341
36341
36344
36345
26885
36339
26045
36762
36766
36757
36763
36340
22205
36767
37285
37288
26603
36761
37282
26634
37283
17111
39041
39043
26664
39035
38394
38391
38400
37812
37815
37812
37815
37807
37808
38398
37816
39033
37811
41646
37804
39793
25672
39044
40638
38402
39046
39032
24594
39791
41638
39789
41639
39792
41647
15015
39808
39810
39807
39806
40649
40649
40641
40636
28046
39809
40650
39805
40645
40652
40639
40654
40643
41636
41648
41634
41650
42524
42530
42537
42531
43273
43278
