28178
29194
29343
24138
30253
30254
18435
30366
25060
30590
30751
30820
31044
31193
31113
31194
31274
31463
31924
32353
32354
32673
32524
32671
32672
32865
33268
33267
33504
33734
33735
33989
34259
25466
34260
34261
34548
34547
33988
23016
34853
34855
35904
35905
19122
35189
36334
24915
25468
26951
36752
36332
26605
26230
36753
25676
36750
37274
37275
37276
26943
37278
38382
37277
24932
38386
39026
37800
37802
38387
37801
26274
39787
41625
22374
15003
41620
41632
41621
40628
40631
41631
41616
39785
39786
41615
40632
41624
42516
42519
42518
42522
42513
42517
42520
43265
43270
43268
43266
43267
43264
