43513
43520
43579
43592
43609
64195
43675
43715
43739
43732
64495
43799
43802
43958
64926
65043
44083
44103
44107
44121
44184
44207
44326
44352
44427
44443
44444
44456
44495
44478
44507
44539
44551
44629
44652
44667
44642
44653
66096
44680
66244
44743
44871
44872
44889
44891
44892
44971
44888
44953
66652
45081
45061
45080
45082
45107
45153
45222
45221
45308
67132
67189
45369
45336
45373
45335
45334
45372
45371
67405
45481
45565
45482
45483
45876
45715
45755
45875
45756
45787
45830
68075
45831
68227
45927
68229
68230
68299
45925
68243
68297
46036
68314
46133
46035
46034
46146
46033
46325
46085
68621
46199
46145
68802
46262
68833
69345
69001
46390
46476
46389
46473
46886
46546
46544
46547
46616
46475
46784
46785
46700
69510
46985
46887
69898
69899
46786
69900
45307
46989
46987
69930
70053
70054
46988
47082
70180
47081
47083
46986
47171
70327
70211
47660
47496
70328
47287
47079
47284
47282
47283
47812
47659
47170
47401
47397
47286
47398
70532
47281
47285
47400
47513
47518
47976
47653
47974
47516
47971
47979
71054
47813
47977
47967
47980
47517
47975
47815
47814
47816
47657
71450
47655
48467
47970
48107
71490
47969
71680
48290
48111
48289
48110
48108
48286
48287
48285
27249
48288
48613
48465
48836
48466
48457
72203
33056
72202
72478
48461
48628
48838
48458
48464
48839
48842
48627
48837
48460
48462
72538
48629
27173
72776
49040
48631
48634
48638
72737
72744
48834
48635
48636
48831
48832
49541
49048
73432
49043
49041
49187
73433
49036
49046
73151
49047
50404
73791
49283
73802
49284
49286
49287
49282
49538
49285
49540
49536
50144
49542
49539
49535
49532
49537
73876
49805
49807
49809
49803
49798
49799
49812
49802
49806
50148
50142
74679
50145
50131
50143
75044
50133
49811
50146
50129
50481
50150
50151
50134
27529
50136
51248
50137
50130
50138
50483
50841
50132
50135
50152
50149
50473
50486
27270
50478
50469
50479
50485
50471
50484
50476
75500
50477
50487
50470
50482
27213
50474
50832
50468
50825
50826
50837
27201
51255
50831
50828
50833
50822
50824
50839
50843
51246
52588
76014
51257
50840
51251
50842
51706
52086
51261
76560
51260
51250
51256
51247
76567
51249
51724
51258
52700
51720
27278
51722
51252
51725
52687
51721
52161
51714
51723
52139
51704
51726
27272
51705
77227
27451
52163
51700
51701
51716
52140
52141
52158
27177
52136
52160
51708
51699
77229
51715
52152
51703
27189
52153
52164
51717
52155
76692
52150
52162
27168
27543
52143
52710
52148
52149
52137
52713
27260
52151
52712
27507
27551
27232
27163
52704
27513
77392
27170
52694
52706
53356
52711
52689
27225
27244
27199
52696
52708
27238
52695
52707
27171
52697
27205
52688
27531
27566
52692
27490
52693
52714
53150
52702
27181
27230
27463
27228
53967
27262
27217
27203
53332
53337
27209
53344
53346
53353
78747
79600
27175
27488
27179
27242
53329
53331
53355
27221
27236
27207
53340
27195
27211
27545
27258
27227
27509
27253
27167
53989
27183
56682
27547
53982
27535
27197
53969
54000
53976
27486
53966
27555
53974
27266
27560
53981
80694
53983
27537
27571
27246
27264
27185
27453
27559
27191
27527
27501
27257
27276
27557
27268
27567
27494
27521
53977
27223
27533
27492
27539
27482
27564
27169
27541
27503
81911
27193
27240
81918
27219
27499
27234
27549
82198
27215
27496
27525
62185
27569
27187
39226
85543
90267
90266
93981
94024
94363
94361
