28123
63573
28132
63603
43357
63611
28136
63625
43367
43403
63707
63724
63766
63772
28189
63849
63856
43530
64265
28289
64163
28316
64274
64351
64330
64358
28387
28391
28395
28407
28409
43798
28469
28523
64561
43852
28561
28581
64677
28593
28668
43928
28700
43979
28795
28797
64983
44062
28859
44157
44164
64291
44247
65397
64383
44294
65458
65512
44363
65613
65628
29076
65683
44463
44549
44591
65952
65963
66058
66099
66247
66157
15040
66389
44831
44869
66425
66529
66597
66658
44994
66738
44995
66778
29577
29640
66962
45179
67027
45272
45250
29823
24226
45334
21809
45361
45480
45786
67694
67829
45635
67650
30067
30089
45746
30293
45754
68106
68136
45814
45849
45856
46037
68516
30473
46115
46072
46367
68794
68890
23273
68864
30647
68934
46396
46390
68916
21475
46447
69292
46589
46583
69178
69304
69435
21866
31286
69969
31261
31314
31253
31232
47071
69947
69990
69955
47160
70363
70421
31840
31871
31976
70724
70569
31988
32004
70703
47457
47784
47779
32071
47627
47791
47923
71168
32383
32480
49216
48190
71725
71476
32671
48276
48132
48452
48749
48418
25291
72618
73196
73365
72896
48975
49015
22272
49239
73623
33859
49504
49148
22809
73613
76668
19834
15364
49464
49794
34585
74128
49668
50037
50115
50016
74740
74909
74737
24172
50473
50395
50431
50459
50728
50437
50815
35201
75818
50837
75765
17168
51217
51973
25135
51132
52591
51698
77181
77194
52108
52201
37879
101427
52614
52635
23470
77604
54718
52771
78519
17119
53135
78275
53051
15636
79141
25462
53858
53913
25955
37333
53921
15560
21830
23154
23157
79118
15939
21220
79916
38378
78998
80079
18495
14898
24361
27609
17358
21934
80696
80456
80581
17573
15376
23978
15752
39760
24100
38266
15778
27937
39869
24333
26337
27496
15751
84134
83623
16913
84027
40278
85417
28006
87398
90012
90011
87865
88007
42584
91300
