28133
28165
63749
63756
63786
63810
63825
43545
64003
28279
43603
64177
64196
28320
28319
28335
64293
28343
28355
28366
28368
28462
64567
64618
28605
28662
28725
64836
15653
44021
65041
65058
44122
44149
28896
28914
44169
65225
28937
28942
28949
28951
65348
44264
44306
65494
65545
29034
65703
29095
29103
44447
29118
44468
65785
29115
65911
29183
29301
66146
29302
66233
66251
29331
29361
29343
44782
66403
66345
29429
66740
29576
29585
45054
45111
66925
67015
67048
29777
67265
45315
29799
45286
67363
67356
67482
67481
67469
45531
67584
45579
45580
30038
67744
67907
45663
30221
68160
45915
69575
45905
45944
45987
30511
45985
30464
30496
30467
68687
46098
30544
68793
46156
15076
30785
68917
69078
30861
31012
31011
69447
46606
31064
46688
46646
31088
69694
15102
31095
46632
46713
31210
70452
46918
31333
69841
15259
69881
31299
31298
47017
69981
70406
47085
31398
31511
70500
47305
70340
47192
47393
32002
31981
15283
47338
32267
32590
31965
70747
31727
47579
31937
32366
71142
32346
71311
48178
71165
71173
32062
32395
48016
32348
71355
48084
32426
15652
32218
71467
32330
71672
71559
48261
48602
48257
32529
48421
20587
71795
48343
48142
32579
48350
72524
48604
48362
72365
32969
32796
72241
32710
72257
32896
72670
74320
33170
73246
48692
48713
33628
33417
48999
73080
33615
72939
33376
33601
49135
33665
34258
33956
20579
34072
34040
73723
49332
74181
49387
34412
73821
49771
33857
15252
73915
75677
49865
74555
50410
50762
34745
74391
35071
74696
34726
34359
34683
74831
51641
34315
50208
34335
34316
50398
35635
34629
15251
75079
50622
50922
35354
50718
50984
75575
35247
35261
34960
34965
34990
50561
35905
34934
75597
50967
35660
35458
75703
75741
75780
76245
75617
35928
36055
76472
76135
35529
35658
36076
15236
51640
36207
36836
76880
51735
15285
36442
36463
37579
15268
76731
