65206
65318
65589
65697
65764
65934
66348
66597
66935
67152
22807
67244
45546
67630
67750
67749
67808
67888
68028
68104
68255
68408
69035
69036
69268
69270
69269
69399
69400
69401
69403
69528
69674
69951
70394
70549
22939
70935
71311
47951
71313
71316
71515
71765
71517
72040
72038
22804
72301
22821
72571
72574
72854
72856
73191
73192
22858
73552
73554
73558
73916
73917
73915
73923
74317
76190
74740
74736
74737
75177
75176
75175
81041
75173
22819
76193
76194
76192
76191
22840
76757
76756
76761
77447
76759
77443
77453
77442
23814
28112
78217
78224
78221
78225
78227
22799
78216
78219
78970
37785
78965
78969
79911
79916
94526
79918
79905
22941
81036
23812
81037
81016
81017
81020
81023
81040
22945
82329
82328
82347
82337
82350
82332
82349
83874
83894
41270
83844
85722
85702
85710
85720
85699
85731
87956
87987
87992
88006
87974
87976
87982
87993
87955
87954
90850
90863
90836
94542
94533
94509
94511
94513
94510
94512
