43336
43345
43346
43347
28134
43364
43412
63700
63711
43418
43422
43430
43433
43439
63754
43454
43466
43472
43478
43480
43499
43495
43494
63882
43517
43519
63936
43534
63967
43543
43546
43562
43565
43566
64035
43578
64043
64078
43594
43597
43627
43631
43629
43642
43647
43664
64294
64215
64250
43685
43730
43698
64311
64305
43719
43749
43767
64420
64465
43792
64475
64486
43810
64520
64517
64567
43844
43855
43864
43866
43890
64700
64701
64738
43923
64907
43929
43955
43953
64825
43954
43970
43977
43979
64948
64962
44033
65009
44042
65049
65042
44072
65300
44101
65541
44126
44147
44151
44157
44176
65238
44199
65260
65259
44222
44238
44258
65336
44248
65355
65401
65410
65421
44299
65523
44316
44330
44315
44338
44329
44359
44394
44382
65768
65612
44411
44391
44409
65662
44408
44418
65710
44435
44422
65711
44438
65725
65754
44519
44518
65837
65879
44557
44587
44621
44605
44592
44610
66036
66057
44663
44646
66090
66064
44647
66073
44674
66139
44675
44722
66189
44734
44735
44706
44758
44760
66321
44736
44778
66281
66336
44792
44798
66364
66369
44791
66370
66377
44847
66548
44867
44883
44881
44882
44986
66484
44947
44946
44923
66729
14906
66601
44922
66584
44966
66593
44987
66790
66673
44964
66736
44965
66728
45073
45071
66748
45099
45074
66818
45075
45145
45100
45146
45118
45206
45204
66966
67068
67103
45205
45272
45245
45271
45297
67182
67254
67200
67202
45246
67204
67234
67275
45355
45428
45400
67366
45440
67365
67394
45402
45401
45426
67456
67487
67610
67486
45425
67803
45462
67693
45427
45464
45463
45507
45548
45505
45547
67634
45583
67651
67619
45582
67647
45620
67636
67715
45621
45623
67788
45622
67773
67740
45704
67823
45668
67858
45738
67922
25414
67913
45823
68003
45812
45777
45852
45851
68144
68114
45962
45849
45907
45850
45961
68228
45908
68296
68503
68364
45971
46061
