28173
28410
28440
28701
28843
28855
28912
28958
29131
29157
29200
29265
29305
29430
29705
29731
29749
29856
30022
30023
30137
30166
30138
30207
30248
30324
30397
30532
22210
30811
30585
30690
30748
30810
30812
30880
30881
31035
31263
31181
31358
31361
31360
31550
31445
31782
31666
31909
31551
31780
32026
32025
31910
31779
22242
31911
32023
31781
32024
32179
32180
32501
32503
32181
32331
32182
32329
32333
32842
32330
32659
32844
32843
32504
22250
32845
32658
32657
18011
33034
25262
33237
33035
33476
18498
33239
33241
33240
33242
33473
33696
33699
33475
33474
33695
23807
33697
17758
33951
33953
33949
34805
34216
16151
18563
34815
35141
34217
34219
34517
34518
34511
34509
34809
34812
26618
34516
14727
22454
34519
34514
35148
16978
35146
35474
35147
35868
35861
35144
35860
35864
36301
35469
35473
35481
22372
35862
17047
35856
36297
36293
35866
35479
35468
36294
36296
17928
23092
20047
36299
35478
36718
35867
36300
36302
36717
36708
22401
38322
36715
18460
36719
16246
25973
19806
16921
36716
25650
36713
17921
18621
19678
37235
16972
22320
16951
37759
18567
37238
37240
37241
26118
26238
20457
24917
37247
25913
18573
23838
37246
17813
38332
18500
16341
18431
37244
38324
19681
38319
21290
37749
37756
37757
38329
18462
16283
38328
24893
38331
38334
38972
37747
37758
16955
26739
20030
16986
18607
37745
19731
38973
19748
39728
39711
38983
38986
39702
38326
39706
38976
39726
38974
38978
17828
22419
38985
18068
24869
38980
28057
16219
39707
40561
17983
40537
39730
40557
40558
16081
40565
40536
40560
40541
40567
40549
40553
40569
40572
40564
22241
39727
39719
17967
40568
39715
41517
39724
39714
41520
41527
41534
28047
41541
18578
40539
41530
41540
40543
41521
41529
41533
41538
42455
42444
41509
42463
42460
42448
42468
42470
42457
42462
42466
42456
42442
43230
43235
43218
42469
42472
43216
43217
43237
43223
43224
43232
