43338
63616
43365
43372
43376
43380
43395
43396
43398
43403
43410
63697
43425
43431
43442
43445
43448
43450
43449
43451
43463
43459
63804
43470
43481
43485
43486
43493
43496
43510
43522
43526
43523
43529
43532
43538
63972
43540
43542
63979
43544
28249
43552
64008
43564
43570
43572
43574
43575
64038
43589
43591
43595
43593
43598
64098
43605
43604
43611
28284
43614
43616
43620
43619
43625
64144
43632
43636
43641
43648
43649
43663
43660
43670
64241
64228
43688
64273
43713
43717
43720
43722
64352
64356
43738
64412
43751
43761
43760
64433
43781
43785
64442
43788
64463
63634
43794
64496
43806
43807
43815
64542
43821
43825
43826
43824
43835
43882
64606
43846
43851
43850
43854
43859
43860
64651
43856
43868
64652
43871
43881
43894
43897
43908
43912
64781
43918
43927
43924
43926
43932
43946
43944
43939
43948
43956
43971
43978
43983
64889
43990
65005
44034
65031
44047
44041
44048
44056
44057
44062
44063
44073
65045
65013
44064
44077
44076
44091
44097
65054
44088
44098
44089
44106
65109
44105
44118
65136
44142
44156
44158
65202
44173
44178
44179
44204
44177
44183
44212
44200
44201
65277
44223
44225
44226
65335
44224
44232
44239
44259
44260
44266
65404
44277
44301
65422
65440
44300
44302
65453
44322
44325
44317
44324
44331
44323
44339
44347
44340
44348
44374
65552
101336
44383
44360
44361
44376
44393
65607
44419
44392
44410
44452
44436
44474
65718
44451
44453
44472
44473
65782
44489
44487
65815
44503
44504
65929
44534
44545
44560
44546
44558
44561
44559
44575
44574
44591
44589
44590
65930
44602
44588
44603
44623
44626
65990
44624
66041
44664
44638
44622
44625
44640
44619
1206
44676
44611
44689
44648
66074
44665
66128
44690
66191
66157
44691
44677
44678
66190
44761
44738
44779
44739
44795
44849
44796
44834
66405
44797
44793
44794
44815
44835
66414
44851
44886
44818
66477
44848
44949
