43337
63565
43366
43414
43423
28158
28165
28170
63752
43455
28185
63825
63944
63959
28237
63982
63980
28248
43544
63983
28251
64000
64020
28259
28271
64120
64128
64151
64181
43653
64212
28320
28319
43665
28335
43730
28343
43704
64299
64318
28355
28368
64358
28393
43762
28408
64405
43767
28423
28444
28440
64458
64479
43810
64497
64530
64562
28503
28498
64587
64596
43842
64615
64601
64633
64624
28543
64659
28565
64683
64660
28575
28576
28568
28592
43885
64690
28608
43900
28605
28611
64733
28612
28620
64730
28626
28715
28664
64768
28683
28687
64795
28749
64850
28755
43960
44130
64885
44006
28821
64909
64952
44023
64992
65021
44072
28830
44060
65106
65084
28847
65091
65214
65133
65178
65167
28888
65166
44129
28885
28914
44171
28929
28933
44191
65258
65263
65286
65281
65287
65318
44218
28959
65345
65330
65358
28963
65377
65403
65419
44304
29000
65475
65513
29011
29021
65536
65575
65574
65599
65592
65615
29073
29059
65649
65653
29084
29103
65699
65730
29097
65747
44449
29100
65765
44481
29112
29114
65826
65813
65816
65822
65888
29154
29178
29173
66012
66021
44598
29223
66009
29221
66057
44632
66129
66093
44650
66146
29295
29309
66205
44696
66243
66292
66291
66276
44782
29339
66301
66331
44852
29330
66334
66342
29364
66364
66345
44772
66368
66354
66350
44887
66458
66530
66537
66494
44866
66491
44875
29490
29486
66659
29503
29530
44992
66730
66687
45014
29576
45025
66771
66755
66806
66840
66851
66931
29674
66991
66997
67031
67029
29728
45196
29712
67070
29745
24924
29716
29719
67305
67108
45223
67107
67214
67229
25019
67241
29837
67383
29827
45313
67320
29893
67351
67357
29885
67623
67431
67429
67487
45389
67631
29873
45414
45382
29938
67462
67532
29969
29944
45489
30095
67634
67618
67638
67621
30075
67681
67656
68117
68217
67692
67722
67723
67687
45630
30077
67950
67735
67800
67859
30122
67834
30159
67899
30215
30249
67897
67876
67999
68058
67951
30241
30246
67989
30227
67975
68025
67952
45716
30285
68014
30346
30300
68092
68108
68135
45789
68189
30319
68246
68245
45836
45835
30398
30391
68339
68349
30428
68395
30453
46005
46048
30701
30513
30587
46132
68611
46191
46212
46102
68747
46253
46209
68847
68799
30962
46155
68761
46281
30609
30820
30826
30882
46265
30814
30671
30757
68946
30975
69046
69084
69096
69086
30692
68922
69137
69123
69057
31023
69182
69147
69168
69222
46527
69200
30861
30774
46771
69248
69281
31009
31029
46492
69209
31012
31026
69279
69256
69432
31059
69387
46571
31060
31002
69420
69477
69579
69729
31183
69768
69628
69637
31194
31269
70046
31165
31163
69697
31199
31362
69752
31358
69833
69852
69723
31187
69893
70673
31380
69809
31411
46875
46915
31231
70040
69968
31345
47054
69791
69962
31472
31299
69870
69876
23322
31425
31348
47108
31448
31360
69936
31326
47114
31449
31511
31445
31395
31500
70116
70088
47192
31782
31501
70304
70214
70375
70376
70236
47107
70374
31560
47100
70287
70493
47660
70215
70458
70479
31551
31712
47351
70356
70571
31861
31714
31981
70672
70643
70583
70757
70536
31910
47740
70527
31889
70858
31827
47536
32056
47638
70682
32078
70727
70922
70762
70791
47417
32149
32186
70993
70880
71259
70883
31836
31850
70927
31977
71046
32516
70921
70948
32192
71036
32199
71048
71205
32103
32298
32300
32503
32215
47995
71171
72016
32467
32216
71239
32389
71263
71158
71331
71240
48233
32424
71109
47687
32321
71289
47697
32402
47964
32681
48116
71355
32317
32505
71400
71566
32426
71316
71338
47844
32394
47851
71421
71426
47990
71440
71482
71552
48163
71546
48220
71672
71647
71671
32552
71639
71643
72065
71565
48283
71569
48098
71487
71598
32437
71502
32637
71653
32526
71690
32648
32836
32830
71779
32844
48446
48133
71924
71744
71877
71913
32553
32991
72164
72007
32811
32645
71950
72142
32624
72063
72075
74175
32601
32627
72049
33255
48601
33078
32652
71957
48362
72179
33002
72198
48666
72121
48314
72348
72423
48667
72267
72019
48470
72456
72291
32923
32761
33226
72452
33034
72467
32766
72472
72492
72684
72254
72255
72257
33103
32729
33227
48796
48903
72714
33049
33704
33057
33482
72720
33434
33435
33479
49492
73246
33348
72543
72666
33957
33318
33570
48684
33142
33496
72820
33146
33374
72821
48939
72895
72816
72806
73032
72818
74667
33501
72878
33711
33580
33392
73167
49276
72887
33341
33556
73213
33372
49110
33376
75055
33498
33522
49014
73205
33583
33520
72837
49004
33555
33961
49114
73165
73932
49115
73192
73410
49274
33820
73043
34216
73408
33872
73553
73939
49566
33818
49051
73497
49099
73271
33604
73409
49150
73715
73411
33994
73685
73609
73612
73494
34953
73520
74113
33902
49758
73782
74098
73500
73864
73514
73643
73681
74285
33684
73558
73583
73767
34441
74177
74279
74141
34662
49341
73863
34146
49521
33858
75755
34235
34569
34286
49775
49525
73585
33856
74107
74139
34547
34665
51106
34287
34231
73947
74095
74145
34746
34700
49549
49865
34882
49618
74333
34407
49921
74100
73879
75192
34273
74600
74104
74232
34483
34696
74442
14864
74464
34831
34237
49595
35298
34283
34745
74374
51960
74417
74486
50128
74414
34528
34820
35003
50532
74298
74521
74712
34726
49894
74703
34365
34645
74565
34591
49821
34626
34304
34542
74332
34381
74777
50151
50224
34774
34321
75021
34709
49890
75022
50742
75023
34398
74616
34614
74818
34480
34770
74883
74942
34647
35586
74767
34913
50492
74793
34673
74688
34633
74689
76207
35312
35350
35618
51995
19719
50242
35148
50495
34630
50276
34719
34659
75296
50812
75070
75341
26139
50515
75154
35380
50581
35280
50587
35138
51045
50491
35474
75141
35861
50476
35608
35354
35367
75197
75571
34842
75277
35407
75311
35347
35159
75422
36262
35683
51056
35151
34990
36058
35563
35402
75922
34950
75785
35181
75788
26224
75569
35878
35091
37115
35580
36266
75866
35897
36297
50894
81043
35189
51531
75576
35121
75833
75994
35722
36294
35820
36308
75741
50938
51002
75831
76349
75696
76395
75700
75738
51188
35534
76476
35539
50992
36368
51313
51011
36406
35917
35614
76472
51235
76114
35394
17824
36196
35440
35824
51405
36324
51849
77777
76558
82379
35886
51339
35600
51374
76416
25635
51502
76485
35881
51314
51877
76596
26754
51968
36773
35656
36840
51872
51730
25332
51831
52214
36207
51409
36224
36329
51267
36417
51894
36198
76457
76862
36626
52015
35670
35883
77078
36173
37033
35811
51806
36543
52549
76813
36200
36625
77175
36474
36644
51726
77166
18616
76863
36972
36152
36715
38322
36436
36081
52071
77380
36138
36480
77087
52316
76705
51816
36015
54790
52267
52670
76919
36687
52171
36724
37043
77887
36466
37062
52566
36472
52569
77338
77682
36787
51853
52162
36918
52305
36540
77854
36932
77680
25077
36631
37431
36381
36529
37028
77817
36537
37039
37227
77570
78523
37064
52917
37264
77418
77832
52174
52760
26804
77504
77649
36971
52217
77509
78119
37084
77518
52720
52931
77557
78123
77384
78157
52728
77574
17937
77502
52193
53242
77646
77506
36937
52895
78279
37018
52727
77637
25499
52852
78166
78359
36733
37297
52853
53267
78628
78273
78707
37251
52948
78326
37477
53174
78586
78035
78627
78531
78567
37565
78209
78267
78396
78397
78686
37660
26317
37266
78165
22327
37479
53905
37316
78911
37247
37255
78285
37149
53111
78159
79278
37213
78395
79228
78120
78987
79484
53627
79241
78851
79048
36922
79285
37884
79051
38332
53955
26819
37385
53409
27909
79234
16341
78809
81936
25215
53863
79516
37478
53875
78952
78889
79049
78891
38491
79396
19126
79230
79448
53546
85544
79512
37132
38724
79316
37165
37778
37530
38615
79975
85963
37158
80127
90260
54003
80052
37645
37782
79811
80100
38716
79029
54202
80122
80606
38876
80611
39585
79729
80048
80142
38334
80814
54075
80238
37831
90823
25178
54127
38794
26739
37747
79990
80681
39107
39232
87824
26253
39255
39417
79813
80109
80496
91208
16927
23378
38414
39164
79842
80111
80497
20280
37548
37682
37869
54184
80119
24599
37558
39320
80026
37568
40574
38699
80179
37509
37592
23124
38232
38356
38906
37841
39274
39461
81221
39009
80551
37881
38663
38830
39016
37773
79681
37775
79733
26243
38713
38786
38986
91209
37543
37678
38789
38647
40780
80922
54219
81568
38742
39787
81649
22960
38182
38904
38779
39113
39399
81864
88651
88654
38261
39706
81522
38735
39515
24735
38326
54225
38514
38754
39227
81671
39317
39755
81485
38109
38134
39017
39075
81023
38010
38572
38770
39592
38706
39245
39601
80848
28008
39911
38263
80918
38427
40373
39579
37995
38887
39358
60052
81153
81845
83018
38252
39163
38103
39177
40153
38691
80923
38135
82876
85462
40583
16084
38065
80857
38079
39475
40361
40615
38698
38027
38578
40351
83050
85001
19924
41219
39848
82057
84168
82170
39196
83307
18496
40558
83360
88300
83368
84080
87821
22993
82257
40349
83192
97088
40489
82450
40536
83243
40782
84048
82198
40034
82230
40926
19920
40126
40353
40604
40610
83217
24570
40265
40436
40664
84077
84496
40464
84937
84798
83740
85138
22241
40410
82173
84321
40276
40112
40480
83998
85107
39324
84933
85764
40447
84658
84124
61869
84159
84046
84212
41000
41028
39351
84643
39844
83648
94406
40699
39619
40928
84820
85100
40761
84833
40979
39785
41363
39226
41247
83654
41327
41709
63494
84887
41608
84120
40951
39964
40890
39988
40221
41101
85791
86632
40590
40754
41534
61340
86946
41541
85710
85989
85722
41436
86623
87233
40576
85874
89411
40125
86932
39953
85411
87038
40617
41405
41600
98316
40094
40678
41605
87243
98319
86860
85586
85884
89072
85638
40198
85444
86369
87229
85464
27998
41464
85635
86985
89234
89670
40543
40891
89292
89801
40835
89857
41859
89019
40862
41276
41652
85907
89150
89567
88826
39972
41561
89278
40834
89383
40836
89948
93391
88874
88900
87606
93107
93538
40825
89686
93195
89720
40905
88929
40838
89501
63437
88163
88661
92748
97208
87655
87663
88245
91320
40901
93227
41438
88967
88398
92139
42293
92162
93297
42296
42484
92258
93015
41650
91919
43323
93528
88225
92391
43251
87781
92940
95426
91918
92320
92596
91833
97139
42551
90524
91184
92429
92830
98290
97060
41923
90864
96528
91253
91972
92324
98235
42200
92339
93148
41819
91916
91730
93997
42190
91788
93067
41967
92601
93077
41986
41816
92135
42480
90686
91911
42132
91667
92958
91013
41790
91991
42948
92749
91907
42118
42956
91185
91601
42894
90765
95550
97004
41911
42171
92592
96009
96636
43242
91118
91874
42045
42203
42663
91124
42952
43253
93777
42863
92476
96885
97573
91193
92579
42899
43122
94028
42199
42380
43011
96169
94540
96205
42214
96775
97369
42968
95832
98220
42345
42924
93666
96759
95416
95729
96233
42469
93859
95740
95807
96491
95157
97919
42489
97441
97461
43218
98251
97543
43014
97563
96271
43089
95611
96526
94163
95690
42359
42925
96755
43265
97830
43287
97411
95674
43217
94491
95289
43010
95717
97485
95727
97221
98263
42857
94443
95201
97300
42973
94268
95318
95322
43040
94831
43294
94505
63509
94323
94332
94361
94956
