63546
63612
63660
63668
63680
63694
63709
63778
63779
63790
63830
63846
63841
63866
63877
63902
63921
63929
63952
63975
63990
64002
64004
64032
64037
64062
64063
64081
64102
64111
64150
64153
64189
64193
64213
64237
64264
64277
63762
64316
64325
64335
64359
64373
64384
64391
64410
64461
64436
64481
64504
64548
64593
64603
64608
64629
64631
64630
64684
64693
64694
64702
64703
64764
64804
64823
64860
64866
64896
64911
64989
64988
65037
65000
65016
65092
65074
65093
65115
65150
65162
65161
65160
65183
65226
65227
65301
65302
65285
65310
65304
65374
65327
65344
65343
65375
65398
65501
65482
65524
65562
65579
65578
65580
65596
65597
65617
65639
65640
65706
65705
65752
65773
65869
66005
65939
65938
65955
65973
66029
66058
66083
66115
66152
66232
66264
66294
66322
66390
66430
66466
66472
66496
66550
66603
66573
66602
66632
66697
66698
66699
66738
66782
66829
67001
66861
67010
66900
66945
66999
67000
67052
67051
67053
67105
67212
67210
67211
67266
67315
67314
67369
67368
67423
67488
45506
67421
67489
67490
67491
67538
67593
67537
67643
67644
67646
67829
67708
67645
67770
67831
67824
67827
67830
67825
68351
67911
67980
68123
68125
68192
68195
68194
68205
68274
68265
68353
68354
68352
68419
68428
68527
68784
68427
68590
68589
68591
68691
68692
68693
68872
68690
68689
68775
68740
68875
68881
68876
68874
68873
68966
68960
68962
68967
69065
68961
69068
68964
69063
69083
69066
69298
69070
69300
69071
69301
69069
69299
69061
69303
69193
69304
69185
70005
69196
69190
69191
69192
69195
69188
69184
69186
69187
69360
69443
69437
69444
69460
69438
69441
69445
69440
69599
69610
69593
69594
69584
69591
69592
69582
69597
69609
69583
69595
69716
69586
69588
69590
69710
69718
69709
69862
69863
69717
69715
69720
69852
69719
69853
69864
69856
69861
31408
69854
69859
69858
69860
