68186
67822
67821
67907
67906
67970
68051
67971
67973
67974
67975
67976
68049
68121
68050
68122
68189
68187
68188
68263
68345
68341
68422
68514
68423
68584
68679
68676
68764
68765
68861
68866
68863
68864
68951
68867
68950
69291
69290
69056
69292
69055
69176
69175
69177
69178
69180
69563
69427
69561
69694
69699
69567
69692
69700
69693
69697
69698
69838
69841
67097
69839
69974
70120
70253
70248
70255
70250
70252
70254
70249
70418
70415
70417
70419
70421
70582
70580
70576
70578
70579
70770
70771
70778
70768
70774
70775
70767
71170
70966
70968
70969
71171
71173
71355
71357
71356
71352
72342
71557
71560
71559
71563
71813
71818
71820
71823
71814
71819
71811
71822
71815
71817
71812
72074
68424
72070
72071
72072
72073
72075
72348
72350
72343
72345
72347
72614
72618
72611
72918
72613
72616
72617
72916
72925
72920
72917
72923
73257
72922
73261
73255
73256
73625
73621
73620
73623
73616
73618
73612
73611
73624
73613
73614
73981
73983
74394
74386
74389
74391
74395
21694
74836
74828
74831
74830
74833
74841
75248
75765
76291
75759
75766
76283
76288
76281
76292
76295
76885
76369
76879
76880
76882
76886
77592
77593
77597
77604
77586
77595
77590
78359
78357
78352
78354
79141
79123
78351
79136
79124
79132
79137
79135
80074
80079
80080
80072
80089
81247
81248
81241
82572
81236
82601
82581
82592
84165
84168
84158
84144
84154
84159
84145
86020
86031
88357
88359
88370
88381
88391
88369
88384
88389
91292
91293
91300
91305
91306
91291
91277
91283
94976
94984
94971
94979
94985
94990
94966
94968
