28288
28360
28416
18860
28807
28819
28840
29081
29096
29095
26157
29156
29224
29368
29369
29662
29645
29909
23840
29846
30093
30353
30469
30739
30577
30578
30579
30626
30627
31023
30939
31092
26931
31426
31247
31342
31248
31994
31885
31752
32144
32142
32145
32146
32295
32143
32294
32461
32464
32631
18901
32632
32990
33659
32795
33419
33655
33657
33420
34768
34464
35099
22403
34181
17066
34465
35094
34463
35804
4724
34462
35100
35805
35095
35426
34767
35802
35424
35425
35098
35423
35806
26106
35097
35096
35427
14947
36226
35807
39597
36220
36623
36223
36224
36627
26100
36626
36625
36628
36629
36630
26069
19723
41396
17074
18407
38228
14840
26895
37151
37674
37148
37670
37660
26766
18112
37669
37150
37147
37665
37149
17853
37664
37671
17950
14991
22423
42337
37673
37661
38870
26774
39596
38220
38871
38231
38229
39595
38232
38227
39593
39603
38230
39592
39601
39598
39600
16991
38872
38873
40427
39602
40429
43121
40428
41402
39604
39599
41394
40426
14941
40423
41400
40422
40432
40431
41403
41388
40424
41387
41406
41401
41405
41386
42328
42335
43122
43111
43119
43110
43125
43118
43115
