44685
44645
44656
44657
44698
44644
44700
44699
44715
44671
44672
44773
44808
44701
44809
44697
44716
44717
44812
44751
44774
44752
44811
44788
44789
44823
44861
44810
44860
44827
44860
44824
44843
44825
44828
44826
44899
44898
44917
44900
44919
44918
44937
44942
44940
44939
44941
44962
44961
44982
45002
44980
45030
44981
45003
45004
45031
45032
45001
45028
45048
45168
45050
45049
45072
45070
45068
45069
45096
45091
45094
45093
45092
45095
45116
45114
45167
45169
45142
45199
45141
45140
45173
45198
45172
45238
45200
45237
45236
45235
45393
45234
45268
45288
45267
45284
45286
45290
45291
45285
45287
45289
45319
45321
45396
45456
45347
45397
45394
45459
45395
45398
45460
45392
45421
45423
45419
45458
45457
45502
45455
45501
45576
45579
45543
45542
45581
45541
45616
45577
45580
45545
45544
45614
45612
45613
45701
45699
45663
45700
45702
45730
45662
45731
45732
45729
45734
45733
45770
45773
45843
45774
45804
45772
45805
45803
45801
45806
45807
45844
45900
45901
45902
45897
45898
45952
45956
45954
45953
46053
46054
46008
46001
46051
46003
46004
46007
46005
46006
46224
46112
46111
46169
46170
46171
46229
46227
46228
46231
46348
46283
46285
46286
46290
46350
46289
46347
46353
46288
46436
46287
26426
46433
46428
46575
46421
46430
46429
46432
46425
46426
46434
46422
46424
46583
46427
46435
46431
46582
46499
46501
46576
46577
46579
46584
46502
46497
46573
46585
46498
46503
46572
46735
46732
46734
46648
46649
46646
46647
46650
46651
46739
46736
46923
46932
46738
46824
46825
46823
46820
47212
47216
46822
47209
46926
46817
46930
47017
47012
46929
46934
47021
47020
47211
47016
47120
47018
47122
46935
47015
47013
47022
47119
47023
47024
47121
47217
47323
47455
47449
47330
47321
47331
47334
47322
47339
47332
47335
47328
47336
47337
47338
47577
47454
47578
47453
47441
47579
47445
47447
47574
47726
47441
47442
47456
47725
47729
47572
47575
47570
47576
47879
48178
47720
47718
47869
48175
47713
47715
48042
47878
47881
47871
47722
47724
47875
47719
48044
47872
47723
47723
47874
47717
47721
47877
48188
48190
48181
48189
47882
48191
48185
48043
48192
48036
48038
48338
48040
48341
48342
26531
48347
48340
48344
48345
48177
48351
25926
48343
48348
48348
48353
48529
48703
48354
48527
48530
48528
48531
48702
48534
48537
48536
48706
48708
48538
48698
48709
48700
48701
48535
22769
48533
48704
48715
48539
48697
48690
48719
48712
48711
48712
48920
48716
48926
48689
48713
48692
48696
49948
48695
48921
48714
48914
48916
48912
48927
48924
48925
49145
48919
49135
49142
49137
49149
49388
49136
49138
49150
49144
49144
49148
49382
49384
49140
49133
49395
49390
49648
49383
49375
49386
49377
49387
49380
49389
49381
49378
49649
49950
49930
49922
49926
49637
49644
49657
49933
49924
49633
49651
49663
49929
49655
49931
49645
49660
49662
49939
49634
49927
49654
49921
49935
49661
49650
49915
49641
49656
28076
49940
49917
50986
49951
49946
49947
49916
49937
49942
49943
50266
52941
50270
50258
50267
50261
50607
26577
50279
50282
50272
50283
50273
50276
50278
26649
50603
50605
50280
50284
50617
50277
50625
50609
50602
50618
50621
26430
50622
50606
50608
26564
50984
50991
50623
50624
26483
50997
50976
51007
51010
50979
51098
21293
51421
26527
50988
52357
50982
50994
50996
26509
51002
51006
50989
26455
50978
51898
50992
51011
50975
50985
51431
50975
51417
51440
51418
51878
51436
51886
51453
51903
51422
51423
51449
51426
51437
51428
51456
51444
51877
51434
51448
51450
51427
51438
51451
51900
51887
51432
51435
51438
51451
51900
51887
51432
51446
51894
52343
51902
51443
51891
51897
51885
51899
51890
52339
26377
26547
52342
26562
52358
52340
52359
52360
26505
26491
52336
25630
26487
52348
26524
52349
52337
26473
52362
26526
52943
52354
52364
26383
26356
26394
26364
52951
52361
26403
52363
26451
52957
52970
26362
26501
52368
52963
52966
52967
24946
52954
52968
52366
52964
52966
52967
24946
52954
52968
26437
26550
52974
26399
52952
52953
52945
52955
52948
52973
26518
52950
26348
52978
26507
52939
52969
26360
26456
26643
26368
26522
26387
26409
26409
26432
26374
25416
26529
53569
58310
53571
26460
53574
26543
26375
53579
53581
53573
53583
26560
53560
53586
26655
26441
26641
53580
26415
53554
53556
26539
26573
26647
53584
26415
53580
26556
53572
53558
25055
53576
53562
53566
57109
26379
26958
26458
26420
26434
26499
53578
26447
26472
26567
26520
26571
26370
26385
26419
26653
26413
26366
26535
26350
26637
26397
26350
26470
26417
26639
26427
26372
26407
26453
61177
26381
26569
26401
26354
26575
26651
26537
26462
26479
26541
26497
26411
26428
26645
26495
26392
26468
26566
26493
26558
26449
26464
26545
26439
26485
26516
26352
26512
26554
26436
26466
26514
26445
26481
26474
26477
26389
26511
26489
