28164
28227
28317
28335
28383
28380
28529
28615
28797
28848
28877
28975
29046
29128
29263
29515
29578
29576
29577
29598
29618
29683
29684
29877
30051
30092
30132
30203
30280
30429
30428
30468
30426
30427
30522
30738
30625
30678
30675
30677
30676
30937
31019
30935
30868
31166
31018
31020
31022
30936
31090
31091
14725
31246
31167
31341
31244
31245
31531
31532
31340
31533
31650
31647
31649
31750
31751
31648
31749
18290
31992
31993
31991
32291
32293
32139
32292
32137
32138
26149
32459
32460
32628
32458
32457
32630
32629
32788
32626
32627
32987
32793
32983
32985
32792
33415
32984
16052
33417
33183
33186
33188
33413
33651
33187
33906
33412
33650
33910
33904
33653
33652
18456
33908
33909
34459
34178
34173
34179
18122
18611
35086
34456
34458
34457
34762
34454
34450
34453
35084
34758
34455
35798
34448
34451
35418
34759
34761
35800
35422
20443
35414
35416
34756
34757
35090
35088
35091
36216
35092
16297
35089
35412
25661
36209
36208
36207
36211
26232
36212
36205
36617
36214
36218
36612
25381
16240
25454
25458
36616
36618
36619
26151
36610
36613
36607
36608
38219
18165
36615
36611
18897
14852
18823
37134
18187
37136
37140
37135
38862
37132
37142
37133
37131
37141
22552
26910
37145
25648
37137
37656
39585
38865
37658
37654
24941
18484
39587
17843
37651
37659
37652
38856
26222
38866
17832
28051
38852
16139
38216
38218
39579
38214
38215
38205
38208
38212
39586
38204
38217
39568
39572
38211
25072
25252
40416
39583
40410
41381
40401
39576
41373
41375
40411
42320
42313
42318
43105
42316
42317
42321
43106
