17589
4067
16956
1205
28132
28134
28135
28138
28140
4068
28144
28153
18814
28165
28166
28167
28180
28181
14693
28206
28220
28233
28244
28261
28269
28276
28277
28319
28332
28342
28344
28352
28409
28415
28429
28461
28713
14702
24875
28517
28560
28571
28600
28631
28610
28721
28750
28792
28801
28818
28825
28841
28846
28870
28861
28935
14758
28892
28945
28970
28969
28978
29023
29021
29022
29031
29055
16903
29077
29103
29164
29197
18170
29187
29210
29235
29261
29262
16184
29289
29313
16100
29324
29365
29334
29352
25702
29382
15297
29460
29442
29574
29478
29461
29477
29491
14699
29511
29615
29614
29573
29659
29640
29725
29641
29643
29681
29680
29698
29699
29767
26102
29724
29741
29790
29812
29841
29839
29840
29905
29873
25240
29968
29932
30002
30001
30126
30003
30273
25946
30195
30196
30151
30274
30235
30234
30346
30313
30314
30347
30345
30312
18478
14911
30422
30421
30385
30511
30566
30513
30567
30459
25142
30568
30729
30620
30789
30565
30571
30573
30572
30672
30731
30673
30671
30923
30919
31008
31010
30787
30791
30921
31009
30922
30920
17072
8984
31323
31076
31007
31077
31157
31235
31156
31006
31153
31325
31234
31413
31324
31409
31517
31408
31411
31233
31320
31231
31232
33384
31154
31321
31322
25383
31326
31327
31518
31631
31406
31412
31632
31634
31635
31633
31407
31737
31733
31736
31735
31515
31734
31873
31973
31872
31870
31871
32123
31976
31869
32277
31975
32120
32124
32278
32271
31868
32121
32433
32274
32275
15300
26815
32436
14769
32432
32276
28071
32273
32270
32435
32438
28036
32437
32606
33387
32604
32608
32607
14879
32605
32956
33627
32773
32776
32774
32777
32768
32957
32772
32975
22343
32769
33152
33153
33155
25379
32962
32963
33158
32959
18168
33151
33382
32961
32960
33617
33388
33159
22984
33618
33619
33390
33624
33392
33615
33156
33157
33621
33383
33870
33625
35037
33623
26961
33626
33871
33620
33616
33869
18445
18817
33863
25941
34132
33868
33859
33860
34708
16072
24137
735
35364
15329
33866
34129
22226
34704
35740
34412
33864
34406
34703
34408
15346
17817
16096
36131
34403
34407
23001
25680
34128
34131
34402
34705
34130
34706
22581
34718
34712
34405
35361
34125
34126
18120
14943
34709
34398
34401
35040
36126
35373
36129
26026
34711
17864
20439
16919
35366
34719
35372
34721
34716
34713
18177
25422
34715
35030
35045
35369
34720
34717
35360
26343
36162
37071
35367
34714
35026
35365
35027
35368
23072
35034
17987
16942
25440
35036
35039
35041
35032
35046
35042
28102
36155
35748
36157
36127
25684
22995
36159
36153
15319
36154
16104
35738
35751
36161
35736
36156
35744
26876
1207
36556
35735
35746
35737
36124
36151
16169
37072
25450
36150
35733
35743
38098
23039
36550
36566
25212
36152
36141
16102
28077
36546
14838
36563
35739
36132
16935
17910
36148
36565
36158
36138
37579
25659
36134
15332
36551
36140
22559
37046
36135
37062
22972
36136
18891
36160
26679
26888
36557
37043
36143
36145
17154
36146
37050
36137
37068
37041
26883
37552
36548
16116
37054
23374
37039
37069
17849
26015
37070
24410
37059
26702
37061
25433
37064
27906
37065
36559
25351
38717
18135
26828
22305
36560
14809
36553
25402
16142
18127
25144
37053
38750
17939
16144
37565
25977
16159
17975
25017
6397
24921
25646
19727
37047
17056
37056
25104
27900
37055
25238
37574
27959
25412
37057
26935
18366
22467
18909
39039
25054
25692
38724
18172
37581
17125
22633
37575
38716
25168
23007
14805
18017
16217
19738
20415
16269
37576
38118
17858
23014
26053
37571
38711
39481
37545
37548
37568
38741
37558
38728
17877
38745
37561
38747
37562
38117
37566
38091
38720
18114
26730
39457
26807
38734
39461
42166
24934
25398
38753
38742
25222
38713
38732
37543
38714
38754
39448
41200
37559
41204
23025
38116
18819
38735
39462
38109
26612
38110
38706
38727
25052
38113
39431
39470
38115
39441
38084
39460
38104
26226
38106
38740
22262
38097
41233
22310
39434
39471
22339
38103
38085
38749
39473
16969
16327
23843
39446
19687
17101
22446
38739
39475
16155
28043
39466
40263
18812
39480
38079
18185
38102
40210
26165
39445
41216
22545
41197
39469
41219
38743
26055
24901
40279
40211
22212
40272
40274
17801
22329
24899
40268
40280
40271
40217
40260
24913
40215
40253
40265
17087
40238
40276
41201
40259
40270
40262
40273
39450
41231
41190
41250
40212
41164
40252
41245
22556
41248
40258
40267
39472
41210
41241
18842
41215
39465
39478
16079
17963
39479
39454
40254
40209
40226
40261
41228
41229
41244
41247
16913
41223
40245
18355
40227
41218
41230
40222
40278
41184
41235
40247
40230
40251
40235
40237
40266
41186
40241
41236
40225
40249
41195
41242
40232
41181
41191
41205
41193
41225
41196
43008
41222
41227
42144
42125
42140
42958
43018
42162
42190
42985
42117
42132
42164
42098
42147
42989
42174
42956
42131
42097
42178
42118
42121
42138
42105
42123
42139
42153
42171
42109
42113
42129
42142
42116
42952
43002
42182
42172
42126
42141
42163
42194
42181
42953
42184
42968
42159
42185
43011
42191
42180
42108
42154
42982
42176
42193
42960
42995
43014
43001
43010
43020
42980
42996
42970
42987
42974
42988
43000
42965
42966
43003
42954
42969
42973
42998
42978
42991
42955
42997
42957
42977
43019
42979
