28147
28327
28789
29105
29166
29443
29742
29845
29908
30239
30238
30276
30350
30424
30515
30575
30866
30930
31082
31163
31239
31422
31741
31981
31879
31982
32130
32280
32446
33396
32613
32614
22576
32779
32968
32967
33170
33397
33882
33169
34147
34150
34146
18451
34149
34735
18440
34729
34731
35058
34734
35055
25939
35383
35384
35385
35767
35768
35766
36177
36173
36580
37091
37093
24919
18862
37090
22333
16287
18571
22578
25628
40319
38792
38787
26610
22970
25085
37598
38149
38784
38786
39509
38789
38790
38150
38783
19791
39511
39515
38148
39507
22318
38785
38146
40308
39505
41316
40317
41301
40313
40314
40321
40310
41299
39512
39504
25420
41303
41298
40311
41307
43070
42240
43072
42234
42239
42236
42237
43073
43071
43075
