28837
28836
28879
28891
28922
28944
28949
28962
28952
28963
29020
29030
29102
29116
29121
29115
29122
29141
29161
29208
29207
29209
29234
29260
29240
29288
29351
29404
29403
29458
29459
29764
17750
29612
29810
29902
29763
29765
29789
29838
29903
30086
30193
30272
30270
30344
30384
30311
30564
30728
30785
30786
30861
30860
30862
31004
31005
31002
31003
31151
31314
31074
31403
31315
31405
31318
31512
31316
31511
31513
31317
31404
18090
31732
31628
31729
31731
31866
31865
31970
32267
31730
32262
32118
32266
31971
32764
32265
32264
32429
32261
32263
25166
32431
32601
32954
32761
33377
32765
32766
33380
18070
33379
33378
14900
33146
33611
33149
33376
33858
33857
33856
33855
26094
34700
23018
34701
22276
34696
34699
34702
35353
25597
35350
35352
22208
14896
34393
35019
34693
35351
17999
17754
35349
35354
35347
25132
18300
35018
35020
26224
35725
18868
35722
36116
17977
36120
35723
36110
17993
19778
36115
36539
37033
36542
36543
37026
37032
36541
36538
36119
26022
37031
36540
36536
37028
36537
26245
26841
25130
37034
26902
37036
24969
25094
37030
36533
37035
37531
17826
26889
22246
25215
25164
26324
37534
37537
24911
38701
18368
17935
39426
39417
38699
38704
26345
26687
14915
39412
38700
28063
22968
38076
25276
39422
38077
38066
39421
38691
38069
38691
38074
39409
23088
38064
38065
38698
39423
18496
40196
40193
39416
39424
41162
39418
41145
41147
40198
41158
42084
42951
42094
42944
42948
42091
42088
42093
42947
42942
42943
