28171
28184
28204
28211
28213
28230
28241
28239
28248
28252
28271
28272
28274
28279
28301
28343
28367
28396
28195
28207
28854
29091
29206
29303
29302
29349
29350
29476
29535
29638
29637
29788
29762
29837
29871
30084
30125
30268
30269
30310
30420
30508
30458
30510
30509
30618
30617
30562
30563
30616
30727
30667
30858
30857
30784
30783
30859
31001
30999
31000
31146
31073
31149
31072
31147
31401
31229
31228
31230
31309
31311
31399
31227
31400
31506
31398
31504
31505
31507
31623
31626
31508
31627
31625
31726
31861
31862
31725
31958
31964
31728
31966
31863
26078
32111
25375
31965
31727
32110
32112
32108
32109
32114
31962
31963
32115
32425
31960
32260
32113
32253
32257
32426
33369
32427
32597
32752
33140
32749
32757
32598
32599
32948
33847
32753
32756
32944
34382
32751
33139
32950
32947
32942
32949
33136
33364
33368
33141
33142
33373
33606
33365
33605
33371
33372
33154
33600
15339
33370
33607
33601
33832
33597
33602
33603
33594
33834
33604
33839
33846
33837
33608
25028
34116
33845
19834
33840
33841
34118
33838
33849
33843
34106
34108
18654
34110
34103
34107
34111
35010
34115
34117
34388
34114
35003
35006
35007
34391
35703
35340
34381
34678
34384
34683
34375
35009
34378
34389
34386
34685
34390
34682
35001
35341
35344
35013
35336
34999
35012
35335
34989
35337
34990
35706
23049
28098
34998
22380
35339
34993
35713
16907
35711
19774
35712
25479
35716
36101
28094
26760
35701
36098
35704
36102
36523
26141
26631
35702
35705
36531
19725
36528
16299
36522
36530
26955
36529
36526
37017
25277
24927
17131
26051
37018
17119
38683
37020
22285
22623
25115
37517
37522
37524
26629
25655
37521
25396
37519
25136
38680
28053
24936
25045
19793
19924
27942
16949
26313
24861
42936
