43354
63616
43382
63687
43433
63743
43445
43448
43449
43472
43499
63851
43494
43502
63908
43514
43520
43519
43522
63936
63943
63950
63967
63976
43547
63990
64002
43568
43562
43574
64035
43583
43584
43589
43599
43597
64089
64115
43612
64124
43619
64123
64137
64139
64147
43632
64165
64169
64195
43673
64240
43683
64262
64266
64275
43695
43694
64286
43711
64313
64344
64336
43726
64356
64354
43744
64396
43759
64439
43808
64502
64550
64527
64634
64583
64617
43850
43854
43876
64658
64702
64717
64723
64786
43933
64827
43978
43981
64896
43996
64948
64995
44065
65065
65059
44095
65095
65111
28935
44184
44178
44198
44192
65277
28955
44232
28961
44261
65400
44274
65424
28990
65441
44289
44293
44284
44313
65569
65452
65508
44317
65514
44329
29014
44337
44323
44366
44355
44375
29064
44391
65738
65633
44443
65710
44435
65698
65713
65733
65757
44478
65801
65871
65919
65823
44525
29144
44563
65852
65899
65853
29185
65939
65927
65926
65945
44589
65978
29207
29212
44597
29230
66079
29247
66121
44654
44666
66138
66148
66165
44688
66212
44682
29308
44753
44732
29348
66323
29369
66338
66461
66512
29400
44819
44821
44846
66507
44889
44873
29447
44877
66532
66499
66567
66603
66586
66591
66651
66638
29507
66691
44959
66776
45081
29584
45023
66768
66787
66794
66852
29616
45148
45101
66908
45119
66981
45178
45136
45134
67103
67038
45244
29806
67212
29792
67287
29844
45284
45291
67310
45285
67389
67345
45387
45402
67483
45431
29988
67450
67521
29951
45464
29954
67943
29977
29956
29975
67654
67662
67698
30031
45616
30051
45642
45643
67676
67736
45636
30162
30104
45665
67813
67784
67831
30118
45637
30096
67794
67808
45705
45717
67865
45757
30252
67990
68052
67942
30295
45758
45798
68239
45819
68192
68195
68509
30331
68356
45858
30477
68290
45839
68345
30311
68419
45965
68444
68514
68573
68455
30475
68578
68467
46091
46083
46224
68640
30547
68566
46124
68627
69203
30747
68629
68746
68775
30564
68848
46221
30565
68844
30642
30608
46264
68871
68815
30813
46232
46283
46297
68960
46331
46469
68911
68936
30773
46291
46528
46480
69662
46495
69017
46386
30891
46356
69070
69090
30963
69230
69512
30895
46421
46428
69011
46434
46422
46490
46600
30772
69252
30985
46491
46617
69271
69241
30948
46949
69388
69391
31071
31100
46754
69576
69371
46714
69614
46694
31076
46665
69733
31107
69727
69769
46847
31185
70244
46736
69898
47356
46805
69834
46824
31219
46825
31426
31342
69803
69927
70423
69920
47042
70099
69979
47091
70087
70031
31467
70714
31394
31423
47129
70128
70068
70129
31404
31296
31524
31419
70259
31602
71157
70248
70665
71105
31720
70466
70352
31873
70403
70860
70595
47269
70539
70557
47250
70512
47330
31907
47233
70597
70604
32089
31846
47363
32025
47922
70670
47783
47342
31772
47313
47294
70684
31940
31970
70686
70707
72258
70795
47409
32050
71107
32161
47931
31868
47540
70881
47591
32035
47801
32059
71334
32084
31953
32382
71131
71060
31971
71106
71116
71834
47955
48032
71085
71156
72777
71243
71138
32170
47718
32327
71088
47863
32683
32541
47865
47903
32230
71274
32469
32253
48057
32399
71424
48063
71380
47991
32413
71593
32416
71529
48268
71612
71667
32693
71586
48330
72608
71614
48456
48130
48996
32695
71848
48344
32578
32608
48148
71847
48275
32616
71788
72099
72134
71949
72282
48331
72024
72033
72044
73243
72272
71961
32867
48624
33086
32885
48650
32982
33270
48537
48595
48698
72378
72422
48847
72658
72563
33228
33230
72498
48869
72505
32897
72634
72644
33440
33107
72713
72539
33176
49040
48712
72933
73084
33357
33766
48855
72932
72636
49948
33488
72946
73017
72867
33124
73265
72963
73002
73290
72799
73296
73362
33167
33169
72797
33528
49496
48889
33516
72840
48887
73670
49234
73307
33623
49236
69501
73239
33509
33518
73103
49267
33829
49278
33912
49289
72763
73381
74270
73282
34017
34805
73420
49138
73336
73379
49342
73578
73665
73473
34023
73646
49382
73689
34018
49384
34019
49413
73611
34075
73981
73671
73986
73749
73784
74022
51193
73988
74033
74108
74106
73942
34003
73862
49950
74265
49726
74018
73868
74266
34889
74103
49634
74048
74051
74437
74158
74589
74426
74195
34056
34894
50048
34900
34288
49901
74444
49910
34033
34893
34284
34690
35006
50761
74900
74230
49882
49892
50145
34370
34375
49966
49900
50401
50221
50246
34450
34522
50319
50361
34875
35483
35521
74701
34537
74753
74754
34859
34863
50248
50261
50358
74877
50455
74846
50594
50173
34393
50500
35226
50603
50605
74614
35577
35267
35379
35101
50498
35107
50501
75957
35258
34977
36301
76899
53226
50825
75369
51635
75952
35183
35514
75811
50645
50876
35869
75806
35645
51007
75807
51014
35287
75862
51691
76297
35461
36043
51205
75910
51236
52087
75803
50988
35545
35935
76197
51180
51559
51898
76456
75673
35924
76041
51496
51556
75856
76303
35659
36718
36281
35770
36373
35598
36033
36102
51289
51662
51565
51625
76976
76992
51368
51451
36195
76062
51879
52436
51887
76900
36452
51745
36387
51763
76606
36191
52196
36455
51753
52170
52195
51727
51851
76652
35995
36029
51748
36148
51766
77026
36799
37080
51743
36346
77621
52307
77003
55417
76630
77881
52271
36898
52288
36697
52297
52732
36792
37073
77896
36351
36654
36920
36389
52362
77871
77386
36468
37220
77501
52951
36757
77766
52525
77474
78015
52729
37017
52963
37061
77296
78406
52535
53247
37222
53271
37034
52176
52366
77414
52926
78983
78417
52730
77704
52974
78259
52212
52780
53186
52906
52913
78033
78162
78427
78560
37759
53007
78590
78656
36761
37315
38377
38485
78394
78398
78410
37253
78383
37150
53219
37349
52751
79312
37331
37449
53540
53571
79149
53415
79191
79247
53867
79328
37210
38431
53940
53599
53496
53836
53503
39041
53554
53556
39312
39314
53404
79163
37393
37441
53935
78816
38490
78872
53946
37348
38310
37322
37330
38892
80820
37332
37661
38435
54079
37864
80121
39077
37734
38453
38466
37796
79714
37549
38834
80091
80603
54144
39003
39878
38952
39134
80435
39108
79799
80472
38308
38309
38442
37713
38448
37961
80162
81390
37412
38606
39033
39104
80289
37816
38782
39105
81527
37827
38953
37833
39793
37676
38866
37410
38949
38764
38783
39305
41646
39065
38550
38957
39076
39111
38958
38946
38410
80234
38950
38190
39845
38954
39116
39055
39883
40733
38523
39109
81535
39873
37958
38564
39112
38577
39824
39117
38106
39123
81441
41233
81476
38237
39495
39791
39860
39249
40118
80795
39282
39690
39880
40047
38032
39691
40729
39679
39886
40618
39680
40033
39260
39876
82329
39689
40785
39423
39676
39881
82697
84177
39445
39677
84183
82787
40078
82744
39583
41647
40705
82060
39085
39997
82507
40557
82602
38540
40385
40700
84283
39652
40285
40521
40441
40178
40581
41631
39299
84180
40377
40518
39891
40035
41316
39806
40726
40978
39285
40162
40374
39239
40262
40390
40764
41544
84427
40313
40644
39416
40314
40522
40649
40594
39187
40636
39685
40519
84511
85022
40321
39674
40980
83798
39418
39291
41705
39851
40517
41053
83602
89528
39658
40011
40472
40209
41883
85807
41050
85815
90640
39889
40763
41283
39805
40431
40767
41760
41759
41677
60479
39675
40984
41698
41872
85543
39841
40512
40245
40079
40082
40929
40954
41115
41342
41127
40656
40965
40026
40749
40969
41490
41713
41889
85821
40925
85822
85436
40652
40728
40023
87065
40059
40665
40966
41489
40921
41267
87200
41757
85955
41098
41338
40727
40784
41559
41435
41158
41710
40685
41755
41062
41548
86166
87650
40957
40639
87415
40041
87426
89726
86653
40515
40915
41721
86160
93557
41465
41874
88357
87875
41538
90714
41665
41002
88894
41648
92415
90053
41580
88243
90229
88407
93035
41634
87862
93158
40972
87923
40976
93337
40939
88056
93360
87510
40852
40986
97135
41716
87982
42416
92642
88101
92978
42578
90365
90498
97180
41973
42602
41731
41738
42418
92762
91806
95937
42530
41932
41951
42710
90850
42605
41745
42419
91306
93797
41749
91324
41751
42411
42423
93140
41922
91845
93161
41898
41974
41901
41933
42038
42544
42783
42070
95592
41946
41962
91735
42153
42424
41950
96136
41902
42569
41907
41940
41955
42408
95558
41944
41957
98289
41947
42412
41924
42172
42415
43065
41953
43249
93856
42074
41916
43284
42184
42767
42260
42769
91273
42773
43205
42422
42847
95754
42580
42657
42702
41972
42581
42705
95999
41895
42414
42590
97610
42815
97258
42760
42688
42747
96530
41954
42690
42836
42574
42784
41915
42410
42757
42108
42776
42662
42947
42828
42531
42674
43203
42711
42714
42821
96619
98272
42652
42716
42729
42775
42809
43173
94758
96751
42735
43194
94044
42721
42759
43175
42708
42737
42801
43001
43184
94979
42829
43185
43248
95411
42804
42818
42835
43204
42728
42777
42812
42671
42722
42779
43202
43223
42781
42782
43068
95413
97945
42751
43127
94464
98117
42807
42842
43206
42733
42823
42718
42758
42810
42916
43209
43266
42756
42822
43132
43188
42789
43207
43282
42792
43174
94811
42736
42826
94830
42813
42745
42802
42727
43187
95436
42774
42699
43192
43200
94157
94221
42726
43186
94413
94348
