28133
43438
63830
63836
63939
28432
64459
64592
28545
28571
64666
43961
43982
43974
43994
64958
64978
44080
44111
44137
65207
65274
65325
44242
44292
44296
65555
44402
65656
44434
44466
44513
44501
65986
44661
66140
44658
66172
66161
44705
66171
29318
44718
66207
29391
66373
66612
66432
44904
66575
29540
66634
44960
66767
66881
66911
66971
66926
67011
67062
45230
29778
67184
45343
45456
67560
45535
45607
67733
45697
67984
68096
68200
68175
68234
68409
45946
46045
68385
68433
46105
46152
69042
46207
46306
69150
68779
68816
30750
68978
46346
46391
46418
46397
69405
46417
69007
46509
30960
46501
69676
46562
46641
69407
46727
46802
69732
46911
46811
46914
31409
69845
47006
46977
46908
46897
31456
31462
70179
70011
70011
47113
69915
70015
31562
47201
31526
31794
70186
47188
31881
47282
71050
70630
31668
71052
47334
47346
31966
70818
32124
47556
47458
47463
47562
70928
70975
71008
71013
47668
47734
47568
71201
47563
71078
71081
32509
71200
48027
47696
47702
48049
47708
47858
48020
47890
48029
71386
74746
71832
71876
48149
71707
71881
48152
72125
72135
32992
48505
72196
48315
72160
48322
72417
72418
48843
48675
72308
48706
72229
72502
72586
33045
72675
48896
72501
48920
49169
49905
72877
48687
72767
72769
49485
48936
49160
48884
49110
49077
73104
73104
73218
73356
33731
33893
73102
49338
75284
49091
49357
49351
73568
49370
73530
73566
73567
49326
33845
35364
49613
74318
49348
49616
49681
74222
73818
76615
74087
49617
33983
49577
73898
74319
49580
74342
49625
74327
76774
34130
49883
74192
74566
74198
50204
74194
49875
34509
49876
34817
50225
74203
50218
50226
50534
50227
75040
34827
50562
74624
51631
74853
74624
74933
35644
34836
75538
75318
75385
50917
50909
50541
50635
76075
75364
35904
50624
50636
50879
75555
35096
75894
50968
35173
36306
76026
35511
75686
76029
75708
75885
