63525
63526
63529
63531
63537
63543
43336
63546
63550
63552
63558
63564
63568
28129
63585
63588
43349
63589
63592
63593
63596
63598
63610
63604
63615
63614
63625
43361
43365
63630
28137
43371
28139
63658
63659
63663
63669
43396
43405
43404
43407
63697
63707
43418
63718
63725
43430
43431
63733
63735
43436
28167
63744
63754
63753
63755
63761
28174
43453
28175
63778
63777
63780
43462
63804
63801
63799
28184
63806
63823
63824
43482
63835
43483
28190
28198
63852
63853
63857
63860
63871
43496
63885
43503
28211
43506
43508
63898
63914
63913
63915
63921
63924
63922
63937
63955
63954
63956
43385
63964
63962
43538
63972
63974
43549
63975
43540
63973
28238
43548
28248
43544
63977
63988
28249
43559
28256
64025
28260
28264
43581
64064
28272
28275
28274
28277
64071
43595
64095
64098
64102
43608
43616
43613
43623
43621
64138
28152
64136
64141
43627
28293
43630
64153
64154
64160
64163
64157
43639
64176
64172
43645
43647
43648
43646
64186
43658
43661
64217
43659
64207
64219
64237
43669
64242
43680
28329
43708
28330
43689
64267
43690
64274
64278
64281
64283
43702
43707
64305
64302
64304
43710
28363
43717
64327
28370
43722
28386
43746
64372
28389
64370
28400
43743
64399
64388
43747
43751
64407
28432
64424
28434
64438
43778
43782
28438
64454
64442
64455
64462
28445
28195
64469
28461
64486
28456
64489
64508
28479
64507
64516
43812
43813
64529
28207
28489
28507
43821
64542
43822
28500
43825
64563
28522
43824
64589
43831
64590
43833
43837
64611
43838
43842
43844
64600
28534
64629
28546
28542
64637
43855
43847
43860
28547
28551
43856
64652
43870
64665
28581
28583
43884
28572
64681
64678
43881
43883
64696
43886
28594
64692
64707
64761
64754
64721
64751
43908
64736
43901
43389
28632
28624
64774
64788
28680
43909
64782
28669
64765
43920
64803
43924
43940
28700
28696
64794
28707
28720
28733
43935
64823
64846
64843
43953
43956
43947
28760
64840
43970
43969
64856
64862
64852
64874
64894
64889
28776
28789
44010
64908
64947
64917
43999
43998
44007
64928
44001
28801
44008
44034
44044
65000
65023
44078
65047
44056
44062
65016
44073
65035
44067
65064
28850
44071
28840
44097
65101
28832
28837
28843
44089
65107
44101
44103
65117
44093
44096
44120
44125
28860
65113
28854
65124
28858
65156
44126
65171
65119
28882
65139
65186
44145
65160
44141
28912
44148
28904
65211
44155
65207
65219
65247
44185
28926
65245
65265
65254
44200
65262
65269
44193
28939
65288
65319
44222
44225
28944
65305
64291
65374
28957
44271
65336
28970
44250
28964
44251
65365
44269
65369
65397
64383
44275
44267
65431
28977
65488
44278
44282
65444
65408
65413
65435
65503
65428
28997
29005
65440
65487
65470
65482
44322
44330
65497
44338
65527
29020
65538
44328
65528
44342
65643
29026
44340
44349
65562
29048
65552
29018
44360
65573
65610
44361
44373
29037
65586
65590
29065
44413
44369
65609
44388
65625
65659
44404
44396
44412
65767
65673
44444
29074
44439
65691
44433
65711
44436
65716
44425
44471
65718
65897
65745
65753
44465
65764
29104
44451
65758
44538
65776
65778
44461
65761
44476
65807
65783
65913
65788
65790
65808
29132
65802
44489
29122
44501
29128
44498
65878
44522
65843
44526
65837
65879
29151
65864
44545
44552
65983
44528
65855
29166
66005
44576
66018
65910
44635
44558
29179
65904
29171
44586
65901
29194
65920
65924
65938
65932
44590
44566
29187
29220
65972
65951
29215
44603
65969
65981
66072
29213
65996
29235
66006
66082
44623
65994
44629
66026
29206
44624
44655
44646
66022
66112
66052
66141
44634
66051
29244
66087
66085
44685
66127
44657
29240
44644
66069
29263
44649
66101
66133
29278
66147
29274
44677
29273
66168
29283
66184
29310
66159
44672
64829
66170
66272
29288
29303
66198
44808
66237
66238
44760
29306
29409
44783
44738
66252
44723
66228
29356
66249
29321
66280
44739
66396
44781
29335
29339
66322
29358
44774
66310
44750
66356
29354
66355
66380
66546
29334
29392
66313
66324
66329
66347
29367
66341
66549
66525
66389
66397
66411
29404
66400
29370
29380
29387
44861
66440
66447
44827
44845
29407
66408
44886
66471
44872
44806
66420
29402
29403
66449
29412
29415
44853
29417
44881
29426
66508
29460
66488
66479
29425
39948
66486
66501
66557
66489
44931
44899
29456
29476
44885
29500
22802
66529
44911
29458
44929
66574
44898
44927
29493
66562
66585
44907
66688
29480
66558
66594
44966
66611
44925
66595
66602
44930
29499
44948
66621
66619
44937
66663
66817
45008
66711
66685
29511
29506
29621
44960
66656
45007
66657
29581
66725
66706
29562
45024
29549
66700
44968
29554
66708
29566
66684
66815
29557
66709
29532
45010
45002
45006
66756
29615
66788
29597
29614
66757
66778
45004
45057
29583
67196
66777
29620
66803
45036
66761
45109
45038
66811
29653
67066
29662
66879
29644
67001
66955
45108
29634
66864
45100
66889
45120
66891
45123
66942
66943
66961
66971
66917
45121
66893
29670
45177
45151
66973
45191
29680
66952
29710
66986
29720
45147
67040
66936
45126
45218
67021
45152
67005
67012
45142
29699
45192
45183
45133
45241
67128
45162
45166
45128
45175
29697
45189
29693
67047
67051
67131
29734
29732
67026
45203
29743
45220
67087
67286
45251
67144
67110
45245
45214
67078
67109
29776
67122
45209
45273
67149
29747
67170
45296
29809
45277
67151
45246
29804
29797
67224
29823
67257
67221
67222
29812
29759
67227
29909
45303
29835
67293
45275
67250
65371
45262
45306
45310
67246
67322
68559
67270
45302
67315
67288
29854
67292
29819
67312
67300
45295
45322
29849
45323
29842
67314
67390
45362
67297
45332
45343
67346
45440
67392
67341
29858
67371
29878
45341
29912
67506
67437
45456
45349
45401
67406
29877
67476
45350
45360
45451
45397
67610
45394
67413
67499
45375
67443
45392
67580
45444
67547
67803
45411
67660
45453
67515
45427
67518
45518
67513
29937
29936
29899
67546
45510
45512
45475
45503
45507
45555
67598
45470
30009
67575
29973
45553
30011
67632
67620
30018
30013
30042
67619
67642
67652
45554
67625
67658
45491
67624
68218
30008
30084
45528
45539
30053
30069
30079
67807
45544
67686
45627
45558
67886
67723
45593
30110
67675
67777
45595
67727
67742
67770
45641
30076
45626
67778
67747
45601
67944
67752
30113
45619
45674
30083
67806
45600
67765
67810
30198
30121
45669
30131
30089
67835
68186
67838
67904
67802
67852
30180
45668
45670
67848
67883
45660
68369
30264
67907
45657
30159
45698
67882
30181
30283
68027
45655
30196
45895
67890
67948
30274
30146
68042
67977
45754
30204
45739
45875
67949
30248
30255
68103
68021
45759
68026
68116
30242
68060
68080
30220
45741
45830
45778
45813
30236
30254
68101
30224
30270
45822
30280
68007
30229
30276
68615
68294
30313
68106
68128
68144
45962
30286
68105
45803
68141
45827
68202
68208
45961
68187
45861
30268
68209
30370
68475
45809
30357
45918
30318
30392
30340
45855
45860
30309
68281
68278
68282
30359
30328
30405
30350
45916
68256
68375
68341
46061
45882
30433
68790
30372
68378
45950
68328
68358
68638
30469
68409
68425
46013
68324
45954
30422
46019
30425
30437
45975
46021
45943
30420
68402
45966
46022
45974
68385
46053
46018
30385
45981
68803
46118
46028
68428
68555
68574
68423
30444
68545
30473
68491
46032
30413
23921
30419
68474
68603
30410
30470
68479
68590
30508
46121
68531
30455
68496
30406
46064
68498
46069
30590
46090
69101
30582
46040
46521
46063
68472
30628
68582
30525
68707
30527
46062
30506
68645
68646
30560
68691
30726
68682
30579
30521
68735
30567
46095
46295
46112
68657
30632
46130
68693
46143
30719
46111
30597
68716
30557
30681
68787
68789
46208
30625
30682
68676
68759
46185
46210
46158
46310
68772
68836
30613
68818
68744
68866
46151
46155
46165
30571
30684
46188
46201
46256
46240
46184
30825
68717
68886
46241
46248
30661
68868
68874
68876
46233
68823
68900
46246
30696
68947
46296
30733
30638
68982
46330
489
46362
30676
68973
68978
68931
46293
30667
30805
69133
68983
46360
69000
30871
68965
46376
68961
69073
68929
46347
68998
69063
46354
46361
46448
30736
68914
68915
69029
30937
46604
30866
46365
30657
68995
69048
69300
30712
30851
46466
30776
46414
30804
69022
69112
30835
69232
69306
69405
46397
69299
69055
46420
46516
69006
69343
46465
31035
30793
30890
30817
69025
30761
30917
69038
30782
30783
69197
69205
69629
46471
30830
46402
46886
46415
69219
46582
46532
69138
69228
46499
69146
31019
69342
31044
31052
46579
69264
46531
30996
46487
46537
30941
69181
69247
69322
46671
69258
31034
46683
30910
69272
69144
69378
31018
46515
46670
69409
46686
69462
31022
46559
46672
46524
46679
46541
31089
69262
31117
69361
69531
31260
46735
30994
69358
69457
69458
30920
30999
69244
46557
46558
23107
69460
46601
70038
30987
69354
46753
69461
46703
69398
46610
69450
46591
46685
31193
69369
31146
69608
46761
69613
30943
46762
69622
46629
46775
46863
69518
31237
46643
46867
69591
46654
46743
46661
46664
69530
31262
69572
69648
31140
69528
69605
31151
46712
31091
69506
46720
30982
69508
46780
31110
69744
31190
69523
31159
69532
69735
69879
69603
46745
31243
69692
31208
31097
31224
69739
69740
31114
69669
31285
31167
69820
31181
70048
31188
31284
69725
69818
46738
46797
31470
69838
69897
46811
46870
46830
46835
46914
31234
31280
31324
31325
46959
69899
46856
31283
46962
69856
31218
46921
69643
70057
48433
31247
69815
47153
31547
69859
46840
31258
31291
31311
69869
69829
69880
31366
69813
69851
47077
47006
69819
31399
31512
69801
73275
46948
31338
70074
46989
31385
46897
69937
70026
46898
69940
70561
69977
31463
70110
70179
70024
69936
70028
47165
69994
70183
31482
47035
47122
69956
70175
31420
31241
31421
70015
47379
31424
31372
31641
70101
47157
31446
31531
70124
70149
18396
70113
47072
31487
47115
31317
47127
70281
70289
31536
70078
70161
47240
70097
31460
31652
31653
47187
70290
47267
31541
70150
70095
70560
47164
31564
70212
31533
47140
31444
70174
47171
70184
47381
47383
70299
47034
70170
31407
47136
47139
31754
70291
31556
31523
70381
70206
70208
70404
31650
70425
70322
47262
70389
47145
70210
70308
31809
31647
47367
70398
47273
31773
70434
70213
70435
70803
31495
31734
31594
31742
70385
31628
31804
31973
47245
70345
47246
70494
47184
70603
31763
47247
31491
31769
70628
31575
31787
31662
31740
31825
32045
47321
70530
31872
47238
70627
70668
31908
47353
70565
31586
31797
31481
31675
70518
70662
47225
70667
31810
31770
47286
31924
47291
47309
70589
70503
70622
70746
70825
31716
75275
47632
70658
31711
47581
70652
70711
47297
47362
70578
70654
70656
70592
70879
31701
70745
32144
31824
47369
47634
70741
32129
47332
47348
47350
47628
70726
47316
47436
32055
70820
25388
32006
70682
70832
70778
47682
70864
47983
31798
31852
71247
31715
47624
47418
32120
31952
70807
70754
70904
47474
47790
70861
71053
31936
32156
70782
47430
32235
70730
70796
31832
47466
32286
48076
47731
47782
47413
70767
47415
47481
47482
32021
47518
32052
31993
31937
32163
70878
32128
47541
47653
31991
32064
70898
71120
32066
70935
31822
32112
47901
32433
47780
71027
71040
47949
47746
47599
32114
70941
71061
48003
47544
32287
32201
47598
47797
47605
47684
47764
70991
71025
47615
47947
71256
47594
32291
71041
32018
47813
32324
70987
47606
32436
47928
71310
47945
47617
47665
22836
47618
32501
48002
32165
47879
31816
71188
71190
47710
47614
32448
32678
71223
32183
32196
32684
47742
47951
70938
47815
71071
71103
71307
47768
47674
71130
47715
32093
71213
32328
71218
71404
32182
47724
47841
48004
32513
47874
32690
47675
71286
32409
32596
71446
71449
32376
48105
71350
48428
71436
71369
71439
32223
71383
71445
71402
47916
48074
32352
71320
71265
71287
47826
71318
73208
32393
72593
47882
48191
71431
48164
48072
71681
71406
48192
32621
71430
71623
48009
48017
32460
71650
48068
48193
71625
48040
32396
71585
71654
48168
71596
71683
48075
32453
71495
71557
32474
48158
32640
71838
71588
71657
74746
32670
71591
71649
48221
48486
71870
48840
48289
71926
48228
71776
32682
32457
71827
71849
71860
71694
48347
48434
48276
32498
71715
71939
71717
48383
71731
71783
32604
71712
72990
32581
72192
48222
48377
71733
71811
32843
71889
48246
71759
71824
48351
32535
48452
32697
48303
32781
32504
48243
48384
71749
71891
48209
71760
71825
32865
71713
71772
71773
72032
48242
48994
72888
72002
72071
32927
32845
32998
71908
32634
68424
72136
32644
32714
32722
72014
32624
48442
48511
32632
72109
48519
72028
48358
48407
72000
48310
48425
32599
32835
48389
32995
72183
72293
32940
72105
48620
72712
48580
72193
72036
48583
72210
72269
48836
32733
72387
48797
72190
73594
48398
48802
32864
19702
48579
32776
72121
48478
72319
48483
32793
72143
73873
72001
48487
48584
48666
48782
72178
48671
33279
72084
48575
48578
48846
32941
72191
48356
48703
48404
48582
32957
72267
72155
48322
32894
48603
32772
48399
72443
48646
48777
72448
48307
72734
32797
32880
32968
72504
48740
48394
33162
72025
33066
72243
32869
32870
72347
72409
48490
32769
72021
72310
72311
72434
72462
48780
72377
72484
72224
48594
48837
49002
72232
72425
72590
48700
48769
72239
72317
48706
33174
72247
74072
50317
48779
33129
33484
48760
48765
33139
33275
48488
32751
72229
33319
33163
32950
72564
48715
72960
32967
72567
48574
72517
72690
33204
72533
72675
48768
72579
74669
73437
73148
32947
72725
48663
72739
72577
72747
48773
72611
33272
48731
72641
72961
49405
33213
33320
33450
72723
48827
72620
33136
33663
33448
72752
48752
48946
73060
48753
33240
72560
48825
33121
33241
74346
48658
33260
72565
72632
48716
72744
72980
48744
72702
72847
72987
72925
72884
72991
49905
33478
72994
48956
48758
72885
49023
74602
33183
33351
72996
33696
49253
33668
33673
25288
49008
33159
33675
72920
33618
72868
48824
49013
49281
33342
33474
72774
49019
33657
73365
33355
73197
48893
49085
33702
33978
72813
72968
33741
72844
72917
48636
73082
73166
49155
33344
72950
33688
72785
48831
48878
49160
49251
72905
73005
73134
48995
74915
33194
72908
73310
33199
33615
49059
33550
33681
48950
28090
72782
73285
48955
49025
33969
49048
33370
73034
48927
48960
33154
48964
49110
50073
33775
73324
49230
50075
33779
73240
48977
33575
73309
49220
73397
49196
48929
49197
49224
48972
49009
73438
48851
49077
49201
50088
33685
72942
73351
48861
48953
49211
73174
48877
48981
49080
49399
73120
73189
49081
49194
33597
73041
73316
73436
33532
73044
73412
49199
49279
34008
72759
73160
49151
33632
73439
49188
33567
34015
73104
73516
49250
73426
48959
49432
33594
49166
49263
33517
49172
73203
49149
49178
33893
73417
33899
73418
74321
48979
49079
33640
33921
73359
73419
73424
33506
33586
49163
72790
33863
73427
49480
50419
73141
73200
73407
49058
73146
88424
75072
73348
49231
49232
34184
49156
75284
25941
49214
73376
73474
73699
49195
17740
25728
49186
33787
18466
33791
49469
33933
34134
73618
49450
73804
49351
49435
73506
73666
26707
49456
73785
49528
33837
49052
49433
33979
49437
49426
33566
73771
49428
49462
49431
49472
73531
49478
73566
73637
73662
25466
73613
73693
73614
73773
49316
49430
34159
34166
34252
73490
73590
33879
49421
73602
49390
49768
73513
49395
50093
73450
73696
73527
73697
49321
49401
34011
49442
34292
34608
34300
73472
73701
74061
49362
49407
49500
74069
49503
34181
73511
73731
34290
73925
73866
49448
49518
49776
33823
73930
74147
49749
75305
34213
74173
49453
49553
51185
33878
73950
49454
49599
74318
49367
49455
74136
49721
73985
49315
49771
73927
49744
49452
73892
34703
73967
74133
49718
73838
74071
49696
74142
49698
34554
74011
74027
34195
74094
49583
74663
14812
73816
49692
34265
21488
73923
51106
73839
34194
34556
49922
34158
34473
74128
49735
35066
49576
49741
49663
50104
35086
49931
73894
49563
34103
49569
49693
49761
34504
74319
34456
49662
74355
49580
49702
49668
50777
34310
34479
49753
34062
74406
50037
34171
74592
49627
34276
74593
34128
34182
74427
49575
49656
34131
35845
22699
74079
74146
74495
74595
49700
49915
49978
74081
74216
74502
34044
34307
73880
74159
74221
74263
74394
49596
49678
49996
74189
74303
49711
51632
34428
74594
50006
25845
49987
74389
49548
49705
50010
50119
51183
49940
34574
74566
50012
34499
49864
34114
49572
34038
35074
49802
35007
74886
74522
49812
49990
34054
74557
49820
34592
34706
74194
49946
74691
74967
74418
50005
50200
50019
50022
35703
50027
34573
34648
50127
34314
49854
50002
49873
50017
50148
34543
49973
50049
50033
74777
34490
49943
50133
75057
50014
74788
74202
49968
50043
74707
74203
50018
50047
75033
50094
50325
74731
50056
34364
50150
50202
34463
50007
50380
34472
50008
50365
34646
50344
74630
74748
75045
50349
50530
74966
34857
53550
50134
50374
34338
34453
74808
35065
50378
25633
74207
50745
74848
75038
34361
50258
75040
50267
34378
75053
34316
50434
50537
15017
50375
75027
50356
74726
74810
50233
50450
50672
50338
50391
50166
50369
50370
50516
50309
50439
34761
34350
50514
74605
50345
50586
74933
50373
75106
34339
34602
34981
35233
17189
75122
34781
51563
34782
50163
24102
50292
75317
75441
50303
50193
50729
34600
50316
22694
50448
50359
34610
50647
75393
34783
50457
51068
75185
34795
35805
50183
75190
50188
50430
17506
75474
50354
50736
19776
75244
34891
53773
50503
50738
50710
75136
75381
75504
75509
50515
50585
50690
75439
75510
35280
34846
75318
34940
35317
50353
50789
75238
34874
50490
50542
50667
75479
35341
35425
75359
75488
35257
35564
50746
50917
52604
75180
35868
50477
26430
35026
50655
50718
75564
50702
35149
35405
35506
75468
35336
75333
75334
50669
35365
16281
50634
75303
50716
50783
50663
50707
50953
35048
50708
50796
50890
51060
35516
50565
50826
35244
35673
50566
76075
34919
35005
50688
50712
35261
50652
35036
53237
75765
35515
50628
53791
50629
51065
35464
35090
35466
50694
50779
51123
50719
50888
50709
50892
34993
52593
75877
51053
56529
75731
75894
34935
35032
50656
76206
34955
75648
75793
50939
35651
75998
50889
35818
20853
51087
34916
35438
75971
50831
35678
50881
51040
34922
50882
51122
34933
35647
35887
75885
51331
76026
51208
76011
76029
51086
51135
75977
36858
75985
35383
51095
51152
76010
51084
51100
51128
51160
51675
76446
51352
75916
35667
51138
51364
75801
76016
36061
51118
51527
75860
76019
35711
18357
50951
51083
51097
51124
51197
75682
36083
51150
51181
51966
75722
35540
51035
51066
51144
51178
76395
50933
51499
75986
76404
76182
51055
51157
75898
35653
27014
51059
51761
52091
75611
75915
35940
51006
51246
51991
35994
82526
51088
51706
51952
76281
51431
52025
26405
35615
76021
35400
35478
35807
75600
51469
35657
36323
25100
76127
76362
76492
35829
36034
36831
76275
76496
76535
35867
36260
76144
76295
51587
76107
76307
35393
52086
36153
24168
76819
76126
76359
36030
15745
51511
51773
76071
77785
36238
15305
51481
51566
76553
52026
52605
18288
51575
51616
36300
36220
36806
51860
22627
35704
36521
37109
52032
51589
76310
76581
35922
52132
51591
76123
76985
35931
51332
51507
76584
53201
51598
51293
51603
51945
35762
19930
51312
51428
51584
51607
36371
51326
51574
35999
76876
51328
51438
51543
52130
27978
76119
76411
76885
51503
36192
76311
51553
51580
51593
51533
51585
51612
23616
78113
52047
52438
51432
51538
51613
51858
51936
52456
51472
52044
53206
77787
51830
51891
36276
21820
51839
76153
76580
76646
76804
77038
51918
36403
51857
23422
25799
52010
52138
76828
76986
35756
51985
36341
36437
79930
51996
37085
51897
76609
77020
36737
51890
52116
52391
77175
51976
76805
51935
51980
52041
52095
52479
52541
76707
77017
77360
35984
36228
36736
52055
52097
76708
52019
52320
52386
76851
36566
52192
52388
53207
76870
77030
77539
52342
52050
52610
77041
52006
53199
36010
53200
28077
52011
76586
77071
77522
22450
52043
52483
77073
77234
37082
52056
52106
76627
77022
53112
51700
77077
77248
36507
51997
52045
52065
52485
25973
77952
35997
36088
36508
36570
51998
52068
36605
36782
76734
51845
52408
52446
52552
36007
26904
77229
51759
52221
52448
76682
77230
52053
52257
76684
76746
77231
52187
52568
52635
76835
77233
77828
51702
52188
77436
36774
37087
52551
77058
77809
36410
36656
36797
52227
77359
26059
76779
52315
52587
52654
76783
77794
81541
77456
77604
36136
52004
76669
76739
77808
36787
52255
52617
52418
23267
77523
77830
36355
52502
52543
53039
77527
35996
52494
36618
52364
77356
36530
37050
24194
52478
52567
52625
54483
55486
36750
17729
52504
52532
52758
52712
52986
53287
77290
37039
20436
36526
52495
52539
52556
77465
20487
52540
52733
77717
52234
52378
52523
23265
52239
53062
53063
53250
15307
52815
80805
36385
27698
52209
52472
52759
17252
52719
53049
52215
52363
52476
52538
23407
24497
78566
52411
52477
36938
37493
53059
52412
52455
52518
17137
53034
52279
52413
52499
27065
27419
77764
78762
37274
53185
52526
77638
78525
81381
52367
52498
52843
18407
78642
36691
53136
25170
27498
77384
36559
38228
52241
52529
52868
18581
52244
53041
53096
53191
23118
52493
52837
53068
37319
52508
52895
53157
53196
53312
36896
87407
78137
52841
52923
53052
53131
53160
78320
23204
78150
52952
78542
78758
77469
78163
52735
52953
53061
53241
52533
52888
53097
78007
52822
53134
78010
36978
52823
52863
78019
52811
52830
52973
78376
52814
81989
37030
53156
53176
26787
78251
78486
78740
52795
53012
53070
53099
78749
52726
52820
53100
53179
53213
26060
78187
78543
78666
53138
53172
53245
53466
78025
78204
78546
78712
78422
23604
52702
53175
78739
37313
16938
53046
78561
78890
78490
37198
37490
25017
53026
78574
14881
19698
52799
78323
37232
53184
78373
36983
37375
37787
24059
24258
53358
53819
36989
22885
53093
53122
27230
78557
79123
53124
20027
53193
53210
78131
26409
53129
53178
53212
53665
37868
25773
52796
53081
27351
78757
22951
24806
52839
53712
17417
77996
37047
53713
79025
79296
53841
24829
37374
37500
53091
53171
53718
26714
53092
78775
78982
79347
37282
52753
53173
53705
78725
23110
52984
78558
78884
53128
53519
53710
78997
79459
37454
53735
78930
20438
53440
53667
38345
53337
53673
53813
53902
79051
79619
37055
23986
27384
53353
53573
53581
53728
53776
53794
53866
78988
36991
16094
53490
53709
53803
53933
37181
37436
23312
53733
79606
26699
53761
79329
37161
37671
53928
23784
78802
53394
53777
15370
23805
36881
53780
53806
53825
53874
23394
24472
79179
36884
53437
53753
53884
79270
79480
53331
53812
53675
53741
53916
78979
79057
79629
24844
83452
39039
17948
53748
53820
53732
53823
53869
78991
79448
17215
18066
53420
18844
53523
53837
79011
37153
16146
53737
53838
53901
78934
37212
83702
37373
37785
53715
53740
53787
37786
53463
80682
25842
53723
27926
84040
24299
79407
53752
53944
37929
53808
80369
53530
23984
79791
24196
37673
38378
39130
23679
53578
53792
80288
37163
20893
22887
26255
37180
53662
54124
17735
79160
38433
42337
27704
39215
53785
53962
22633
79755
79853
80709
53759
54231
15634
16163
80371
80664
23045
23676
78939
79725
79850
80649
22970
27335
80165
80811
53786
53969
79785
80195
37156
37936
38473
39920
53453
80669
38359
54021
54113
15303
16231
79928
39247
54035
27197
54072
17205
79836
80613
80797
53751
54084
80066
80707
24348
53663
54135
39481
25006
54178
37361
38142
38316
38711
17752
21126
23135
79856
37898
53974
79870
80272
25085
79814
37512
37904
38093
80616
37973
26774
38016
39095
17459
54110
80278
80529
38969
80704
37513
37519
38117
80355
38242
25205
54091
80356
80708
54102
80656
37602
37743
37931
38439
54104
85961
26716
37954
38387
39139
79681
80010
37383
37680
37836
20897
22935
27971
79711
37707
37845
23653
80158
80810
38967
38856
39044
39593
21723
25672
26755
56231
80994
81204
37928
39365
41625
81545
37594
21870
38601
38935
16995
81880
37640
38178
38936
22678
39242
39664
16205
80753
80883
81951
38619
17529
21490
23563
81525
38116
87822
91207
80989
38411
38557
16933
24088
24929
22758
27303
81374
38700
38917
38009
88302
39908
81057
39227
80734
80875
81399
37942
38031
39929
83443
80767
81110
38633
81118
81533
22554
38572
38664
38894
39069
81020
38141
38287
16139
23132
24119
81379
24810
80724
80874
38603
17916
27823
81063
37902
38215
38773
39667
26226
38533
38234
39197
24936
38128
82375
37995
39073
81040
81875
21216
22876
38766
39302
82494
21688
38847
19687
25990
39219
25057
39739
23212
38520
39586
39693
39835
27583
37919
38656
16991
28021
82096
27743
82127
82949
39080
40020
24518
39505
22446
82431
38211
40619
39758
23715
24679
37959
39707
39859
18812
82564
82916
38599
82616
39484
39659
40429
83441
23670
82247
83442
39753
40450
82687
81970
82303
24901
82873
82363
82891
83406
40526
83408
83114
40368
22988
82684
39120
27888
82747
40389
56213
81974
82315
83397
83479
39857
40416
27942
25724
77341
83414
82419
84740
40034
94638
23507
82288
83324
84158
40100
40469
84259
40628
19969
82530
84265
41074
82551
39644
23918
39865
40281
40565
85223
40612
84448
39339
39567
41892
83894
84047
24731
83696
84292
39287
40179
84330
27995
83191
84538
39269
83558
83698
83981
84567
15372
82411
83987
84096
84326
84570
39727
40808
21882
83988
84134
84782
40384
98296
24538
25815
83678
84520
39261
40109
83693
39362
17967
83949
84050
39200
39719
28020
83564
40426
40282
85226
39662
41190
83764
84835
28016
85266
39352
40869
85199
84566
84087
84293
39288
39724
28044
83618
85529
28069
83635
41046
27997
83637
83761
84374
39512
41058
22878
84038
41882
83680
41068
24717
85829
40136
40650
25207
39657
24818
39296
41318
86250
86813
84136
81489
85265
41230
86141
41259
24315
85204
40934
41109
86225
40006
41311
41183
40439
41184
85235
85960
41706
20889
85448
40003
40424
85905
85661
88535
40036
85710
87040
88536
41369
85757
86069
86488
94928
41429
25203
86221
40614
86416
40620
87261
39956
41242
28017
87347
39995
40511
22728
85465
85857
41307
85517
85887
87430
40865
41530
22502
86434
88540
89307
86524
87397
86581
86227
86648
17064
85687
88854
15931
89293
41726
41415
88560
88920
16126
88923
40725
41453
41636
88938
93552
41493
90247
40916
41624
88644
90183
87403
88927
41139
41780
87408
88136
88815
88997
88142
89220
41529
90267
88903
41533
41727
87445
41446
87884
90191
42573
88068
41336
41657
42436
42519
87828
88240
89618
87537
87835
88720
40941
87716
88804
90203
41655
87719
90223
91329
40843
42080
87743
41868
41732
42144
88250
93469
43331
87706
88291
93528
40994
42353
90885
42484
87809
42125
90435
42535
43319
41747
90811
41753
42350
42426
90616
91034
90638
90707
42268
90716
42145
95557
43292
91149
91079
91476
40853
90614
91030
42061
91031
42071
90891
91178
41969
42081
42626
42933
92033
91111
93989
42005
42520
90456
90958
92131
90513
90783
91122
96959
41908
42057
42547
90882
42217
91159
93828
41797
42230
91109
91197
90937
92071
90756
91114
91256
90971
94008
43289
91124
41921
42374
90921
42632
42142
42695
42406
91267
42195
94586
42003
42277
42386
96628
41904
42053
42600
42617
42375
96329
42376
43318
94004
91265
94021
98154
42434
95648
93986
96500
42294
42394
94456
42740
94111
95610
98273
95289
95698
43303
94802
42987
42712
63517
94780
42644
94422
98253
42912
43312
94864
42991
43075
94463
43301
94405
43293
94230
94342
