43351
28133
63636
43388
43391
63696
43411
63734
43509
43511
43516
63939
63949
43558
64028
43585
43586
64104
64129
64140
64182
64214
43667
64248
43672
28331
43697
43706
28392
43737
43755
43757
64414
28432
64446
43813
64582
64569
64666
64712
28613
28659
64796
43936
64805
64957
64958
44031
44068
44053
28850
64161
44137
65176
65186
44123
65194
44144
44172
65207
65249
65274
44217
65327
44242
65361
44257
44273
65417
44283
65555
65466
65467
29055
44348
65600
65629
44372
44370
44371
65621
65686
44401
65667
44448
65881
44466
65831
44482
44513
44501
65834
44529
44542
65909
44570
44567
65975
29227
66014
29268
66070
66120
44658
44670
29289
66171
44684
29294
43915
29318
66214
44718
66206
66207
44695
44749
44747
44750
66457
66373
44805
66408
44880
66578
66575
44897
29540
66741
44918
66634
44934
44984
44958
44960
29582
66701
44973
66718
45052
66853
66835
66836
45064
45138
66867
66911
66905
45088
67011
45164
67003
66970
45228
45230
67171
67174
67184
67223
29927
45404
67291
67353
67495
45345
67476
45385
45395
45412
29919
45416
45455
67527
67560
45495
45493
45530
45529
45607
45538
45527
67727
45604
45605
45606
67733
30139
67731
45697
45662
45694
30250
68053
30326
30314
68105
45767
45793
45794
45799
45925
68174
68234
23864
68256
68271
45890
68383
68360
68409
45990
45947
45989
68385
68387
46046
45999
68433
45998
68522
45993
68458
30535
68600
68599
30534
46218
46104
68623
69042
68697
46099
46100
46109
46164
46214
30729
46158
46213
68772
68845
68740
46342
68816
46273
68843
46275
46336
68879
46337
30818
68902
68974
46346
46391
69080
46418
46339
69405
69007
30974
46417
46429
69040
46499
46494
69204
46488
30922
69540
69540
69676
46493
46562
46641
69830
69364
69430
46735
46635
46727
46636
46712
46720
69768
46715
31213
46960
46808
46802
46811
46815
70231
46919
69738
46914
46748
46944
31409
69873
