63659
63666
63721
63742
63890
63904
64029
64033
64066
64082
64113
64151
63723
64191
64210
64216
64219
64440
64540
64599
64611
64718
64766
64782
64783
64939
64950
65020
65030
65010
65107
65118
65273
65382
65383
65506
65566
65602
65690
65810
65833
65882
66013
66044
66097
66131
66067
66068
66253
66406
66407
66478
66507
66508
66479
66676
66800
66750
66922
66878
66924
66923
67288
67338
67337
67558
67792
67791
67861
67863
67862
67928
68007
68078
68306
68305
68307
68548
68381
68382
68549
68455
68550
68808
68626
68716
68809
68900
68806
68901
69006
69235
69352
69236
69348
69351
69349
69354
69355
69637
69638
69773
69907
69774
69771
70059
70058
70184
70185
70341
31700
70501
70565
70675
70676
70677
70868
70867
70871
71069
71266
71071
71070
71263
71068
71267
71261
71265
71458
71687
71457
71454
71689
71688
71947
71949
71948
72217
72216
72218
72493
72219
72492
73092
73094
73096
72758
72759
73230
72757
73090
33818
73447
73810
73448
73451
73445
73450
73811
34571
73816
74183
73812
74185
74184
74186
74182
74187
75068
74605
75070
75062
51676
76036
76586
77248
76593
52198
77246
77250
83463
77996
78775
53424
78773
79649
79629
79623
80723
80724
25367
83462
82548
81964
83464
81967
81970
83465
81974
81981
85239
85248
85235
90523
87439
90278
90284
90286
90289
94044
94048
94052
94054
