28878
28897
29312
29425
29720
24924
29832
30121
30189
30229
30414
30380
30381
30415
30556
30416
30557
30555
30720
30984
30985
30988
30986
30987
31067
31068
31140
31221
31391
31499
31615
31716
31715
31953
31954
32247
32418
32417
32416
32584
32735
32927
32586
32926
33127
32734
33123
33347
33348
33126
33124
33344
33345
33349
33125
33583
33818
28080
34091
18037
33819
34661
34355
26870
34356
35310
34660
34972
35309
34352
34357
34358
35313
34351
34353
35307
34350
35312
34659
34975
35683
34974
35681
35311
35682
36071
35680
23012
36972
36496
36498
19706
36497
36970
36971
17937
36969
36968
36965
26851
36967
26691
26038
40128
26608
25224
25178
37472
37998
38638
24599
37470
39335
38014
38013
38015
38008
26755
38011
22307
22307
38009
25248
38633
22335
38010
38631
39347
39348
38639
39350
39338
38634
40118
40117
40123
39353
40126
39339
41059
20043
40122
39342
40129
39351
39352
41058
39355
41053
39341
39341
41055
40125
40127
40119
42001
41999
41992
41997
42003
42847
41996
42855
42848
42858
42002
42857
42856
