63629
43369
43381
43390
63676
63686
63710
43435
28171
28178
43463
14693
63794
43460
43479
63838
63858
28215
63889
63916
63918
63998
28252
64036
64037
43587
43626
64148
64202
64189
64179
43645
63723
64193
28327
64233
28333
43698
64311
43701
64293
64349
64362
64373
43745
43750
43763
28419
64451
64454
64465
64468
64477
28463
64534
64546
64588
64591
64603
28545
64639
64645
64663
28589
43872
28571
64682
64707
43898
64755
64815
43960
65080
64871
43976
28785
64934
64957
44020
64986
28833
44066
65071
44090
65140
65103
65099
65541
65143
14758
65174
28911
44188
44196
65280
44230
65390
44262
65409
28975
65936
65447
65451
29001
65636
65494
65529
65495
65573
65679
65598
65576
29080
65607
65632
44400
65675
22767
4700
65774
29099
44497
65792
44479
65808
29150
65825
29136
44500
674
44577
65942
44605
65987
66017
65993
44630
29249
44615
44631
66120
66178
66188
66181
66213
29300
29305
64779
44773
29319
44694
29299
66265
66321
66228
66267
66356
29365
66332
44790
66351
29352
44836
44827
66510
66535
66434
44874
56
66541
66555
66601
44927
66579
66599
44940
44955
44975
45073
44980
44981
66826
66837
29589
66894
29628
66862
29652
29638
66883
66895
66933
45091
45191
67075
67092
67155
45406
29754
67181
45297
67254
67217
67237
67197
29777
29815
67281
67336
29799
29837
45292
29845
29917
67366
67372
67369
67373
67377
71343
67446
67530
67442
67456
29922
67538
67576
22
67599
29957
67584
45488
18072
67619
30058
30103
17148
30034
45602
67720
45681
67785
30137
30273
30150
67858
67844
67885
22762
67936
30221
67925
25414
30332
45728
67931
68049
68065
30285
45831
45796
68109
68126
68133
45801
68302
68238
30335
68364
68270
68354
30529
66061
45883
68269
30704
68388
68422
30517
30635
68593
30497
46042
68510
68459
68472
68486
30510
46192
46222
68626
30520
68694
68702
30588
46169
30648
46255
30613
30903
68773
46441
69431
68812
30904
68881
46227
68839
46326
68888
30725
30909
30946
68968
69105
69527
71570
68933
68948
30915
46327
30836
30855
30858
46470
30902
46413
69301
69078
46410
31031
46405
69132
69156
46401
30869
31081
69824
69211
69419
31105
46515
69320
20993
69558
31098
31004
31033
46558
31176
69453
69463
31103
31200
31091
69654
31593
14725
69640
46887
101702
69738
46870
69755
47293
69792
31209
31308
47001
69678
46939
31328
46888
31547
31294
31248
47209
31396
46926
47266
46827
69941
70010
70013
31327
47143
31443
31583
31654
31439
70187
21940
32686
70266
31633
70170
31645
31891
70752
70297
991
70425
31660
70235
31666
70323
70469
47620
47232
70447
31745
70213
70446
31752
71610
70462
70367
70468
70369
70397
72274
47449
70650
18409
31986
70526
47471
47307
47410
31775
31807
31767
31883
31811
31699
31958
31856
31903
31923
47419
31831
32075
31866
47602
70821
32074
47589
25375
32299
67780
31843
32168
47595
32001
32235
47574
31859
31992
32132
47551
32142
47670
32188
47653
32350
47572
32304
32179
14719
32108
32343
32231
32019
32073
32391
47780
47546
71011
32160
71030
71042
32454
71151
32347
32305
47680
47977
47800
32014
32130
71248
47665
32425
71086
32319
32221
32903
47893
71090
71222
32386
48053
32549
32065
32372
47860
32306
71444
32113
47999
47846
14767
71327
33369
71412
71485
47849
71627
48195
71479
71533
72521
71542
71687
48269
32670
71609
71477
20449
71644
14697
32497
48260
72280
32780
32807
32740
71833
71918
32801
48135
32636
71874
32998
18901
72149
48305
33004
48613
48306
72117
72080
72090
72316
72179
72288
72826
32726
72369
72413
48667
72365
48593
33007
33114
52078
72287
33079
72434
32884
72323
33282
48649
72454
48708
72334
33329
33780
72307
72257
48783
48903
33143
48790
33093
32959
33442
72954
17197
22065
33313
72600
72631
33100
33523
48872
48727
33265
33298
33130
72682
33379
73246
33112
72938
72559
33588
73228
48681
48689
33759
48907
33451
73597
33171
48808
73683
33211
72547
33126
33767
48921
72981
33149
33512
49106
24802
33421
33424
33467
73183
33676
49110
72838
33870
49246
49755
73324
33534
49062
33505
73223
34024
73278
33526
33735
33529
49248
49078
49102
23027
34141
73318
73579
33774
22953
33602
73423
33672
33543
73355
73417
34085
73448
34581
50754
49314
73962
73462
73706
73539
33970
73532
73779
73327
34153
49355
33999
49543
34252
49621
35364
33883
73587
22403
49612
33841
74137
50771
73569
74031
50426
33773
34193
34234
34427
73907
18451
34160
22602
49826
34505
33985
34649
49604
34199
33805
74132
73946
49933
17817
34474
74257
34154
34555
34049
34579
49838
74016
34568
35845
74304
49859
74337
34371
34705
50077
74118
26974
76190
34748
34303
50169
74416
35353
50099
35068
34575
34359
34540
74335
34364
25338
50315
50143
22680
34594
34789
34671
4724
51653
50097
74932
35232
35586
34345
35058
20277
35275
50215
50233
34791
34390
34572
74858
34455
34759
22254
35644
16978
18449
34642
35797
50238
17060
34778
34716
35351
34969
50431
75200
75451
20443
25329
27006
75517
50847
34855
35349
35147
35045
35254
35386
50158
75226
35642
36280
17981
25560
35341
35136
34756
21242
34964
35120
75575
16234
35516
35690
36287
51929
35549
18300
75570
50892
75589
35175
35862
75654
22380
35451
35839
75923
50882
35856
51040
35713
51074
77556
27801
51915
17097
36073
75693
35092
35292
24596
36252
75680
35616
75857
35446
50845
75913
35468
53909
28078
50957
51347
51251
51257
75996
76413
27002
17977
35443
36166
37118
36055
35912
51979
37110
51657
22270
35666
36324
51463
51330
76122
26049
77554
51982
17199
51399
77228
51422
35665
36185
36069
51473
51483
18347
36259
51358
35973
51388
35736
27031
36314
51302
51462
51923
17993
25791
1207
25920
51930
35692
51572
36836
36017
51325
51926
36233
17171
36627
35702
17873
24003
26120
36080
36276
76958
76961
36079
27611
17254
36845
36212
22505
36423
23775
36471
36659
22240
35991
36822
36180
52106
36520
37492
76954
36899
36440
76737
77163
36805
76738
36481
35993
76920
52160
26941
52187
16299
23745
36916
77014
36443
52632
25523
37008
77314
77690
23404
77498
37043
52579
36762
23382
36485
101703
36599
22599
36979
36985
36683
52451
77953
27000
77651
36677
52491
52694
36669
17269
77422
77709
17131
27225
36691
77506
77637
52708
77301
52846
53320
36692
52788
27301
36733
16976
36633
52992
78404
52830
37148
78586
23725
27983
37053
52987
78275
19795
25501
52797
53001
78313
52824
53310
36888
52755
52856
53626
52916
26360
78280
25033
52804
52748
79367
17985
18571
26741
78741
17428
65460
53431
38343
37669
23206
37020
21330
22258
22951
37277
53423
79025
52794
22309
79582
37366
25507
26228
79304
17111
22312
79618
37728
22438
53419
79496
17567
39934
79534
21950
36949
79190
37371
79196
53512
80473
26691
38491
53523
25628
53566
21482
20528
23021
26043
37605
80672
23043
53470
21290
26324
37131
24043
83990
38581
37346
38329
53447
80321
55016
79210
79824
79885
20453
79982
38972
54083
26520
39015
80814
38118
38375
39162
20041
26610
38438
79775
80663
26370
26998
54111
80130
37433
80139
80153
80488
37586
37800
38056
80177
37807
80182
20455
27264
37808
80056
80269
37625
38704
27898
80173
80602
26329
38040
38509
80626
80044
38061
17183
37811
80137
37680
37438
38720
37729
37604
81166
38662
54223
79731
9599
37830
37859
38714
81122
81124
38279
38173
80925
38180
81797
38913
81369
80842
80874
26651
27004
27958
39422
16899
22335
25122
39598
40493
81515
39347
81781
38773
14721
38202
39395
81911
82397
38066
25146
39338
80923
81727
83386
40583
38554
38891
21828
81511
24016
39636
38074
25336
39659
39484
38668
40366
82706
83159
40274
40117
15611
24007
16212
24030
26352
40217
17727
40299
20643
40193
84070
22303
84306
23988
84780
40122
39382
41066
40712
40527
98305
83657
40641
28046
84133
40738
84981
85182
40949
19770
22986
39536
41884
39630
16191
39931
41080
41520
40006
41375
86488
86505
40069
41414
87189
41864
41405
86844
89539
40165
40539
88442
41579
85990
40697
42635
85944
41597
88493
89505
40806
40927
88874
89720
41555
90191
89216
89614
40818
87987
90235
19780
42505
90464
41747
42627
91156
42282
93480
42200
90492
91038
41927
91158
92637
42989
41938
42041
42475
43145
96956
42655
43261
98167
43011
43218
42926
96834
94739
97408
95343
95187
95100
95389
95292
95158
94268
95392
94445
95320
95328
95382
95269
94867
95114
95387
94341
