75127
75122
75124
75605
75601
75604
75600
75603
76126
76127
76122
76117
76120
76123
76124
76121
76119
76685
76682
76683
76684
76686
76681
77353
76688
77351
77356
77358
77352
78137
78136
78130
78131
78129
78884
78886
78889
79785
79786
79784
79787
79781
80875
80869
80877
80874
80878
80872
80873
82180
82182
82184
82178
82181
82179
82185
82173
83678
83679
83676
85500
85518
85514
85517
85504
85505
85509
85512
85516
87708
87719
87707
87709
87716
87706
87714
90616
90618
90605
90614
90617
90606
90612
94317
94339
94323
94328
94329
94332
94334
94341
94324
94342
94344
