63750
63888
64054
64128
64225
64284
64447
64451
64497
64547
64613
64624
64639
64843
65022
65011
65167
65166
65263
65388
65419
65468
65508
65813
65857
66016
66071
66137
66133
66166
66193
66342
66512
66555
29519
66622
66759
66758
66883
67080
67141
67237
67458
67452
67618
67867
67735
67904
68014
68015
68092
68151
68238
68241
68391
68557
68636
68909
69248
69249
69659
69798
69791
70063
70696
70367
70355
70356
70526
70527
71090
71100
71088
71279
71482
71485
71477
71487
71728
71992
72524
71991
72254
72255
72257
72530
72792
72807
72806
73137
69501
73497
73479
73494
73864
73500
73604
73860
73863
49775
73862
74257
74259
74232
74236
74255
75106
75571
75575
75570
75569
75574
75597
75568
75576
76114
76672
77347
77314
77315
77320
77313
78119
78123
78076
78117
78120
78849
79764
79775
79729
80814
79767
79734
80812
79730
79731
79733
80856
80862
80863
80860
82077
85462
80857
82151
82170
83701
82160
83657
83648
83654
85387
85465
85486
85488
85386
85464
87610
87597
87606
87609
87598
87655
87663
90464
90453
90456
90492
90494
94268
94203
94179
94183
94197
94280
