22440
63533
25363
16956
63540
63544
63552
43340
63568
63573
63575
43345
63580
43347
43352
63584
63587
63590
63594
63599
63613
63626
63627
63629
63631
43369
63633
63635
63637
43371
63656
63648
63653
63661
43390
63663
63666
63671
63674
63673
63677
63678
17142
63685
28149
43412
63688
63694
63701
63702
63705
18814
43415
63716
63718
28160
28165
63732
63736
63738
63746
63582
63747
63749
63752
28171
63756
43447
28174
43463
63777
20840
43456
63783
63785
43461
43460
63795
63803
63798
63802
21886
43470
63823
63815
63817
43475
63822
28185
43479
63831
63834
43483
63838
63847
43488
43490
63858
63863
43493
63869
63873
43495
28221
63900
43497
63882
28215
15019
63886
63889
63887
63893
63907
63920
63916
63925
43573
63926
63937
63933
63942
63994
43523
63948
63946
63952
28234
43385
43532
63959
63963
63966
63969
63972
63982
63984
43544
63977
43546
63983
63986
63987
63989
63992
63993
63998
64000
43554
43556
28252
20594
64006
64020
64042
28257
28259
43575
64034
64036
64037
43587
64038
64046
64043
64054
64060
64066
64078
28279
43603
64094
64093
43600
64116
64105
28282
64109
64110
64103
64119
28286
64130
64135
21650
64132
43627
64148
64154
64149
28294
64168
43642
64181
28299
64202
64189
64164
64187
43649
43653
64191
64192
64193
64196
64198
64210
28320
64216
28319
43659
64238
64225
28327
64223
64235
28323
64233
43679
28333
64258
28334
64285
28335
43730
64284
43698
43700
64311
43701
64293
28343
43699
43704
28353
64318
28355
64315
64325
43721
64328
28368
64358
64340
64342
64345
64349
64359
64355
28390
64362
64668
43729
43734
64366
64373
43745
64374
43748
64379
64399
28398
64386
64391
64389
28402
43750
43762
64410
43755
43754
43767
28416
28417
64435
28423
64415
28419
64421
28424
43770
43771
64430
64436
64450
43785
64451
28444
64453
64441
28449
43787
64457
28448
64468
28451
28462
43790
64475
64480
64487
64511
64477
28465
64488
28466
43796
28471
43797
64497
64510
64517
64514
43806
64525
64530
64523
64524
43814
64535
64532
28478
64547
64559
64562
64567
28521
64599
64580
43831
64598
64576
64588
64591
64611
43840
64749
43839
43834
64603
64606
22772
64614
44039
43846
64633
64623
64639
64636
64638
28226
64640
43860
43853
64650
28562
64651
28543
15032
64659
28554
28561
43869
28589
28576
43872
28568
28584
28579
64672
64680
28580
28592
64690
64694
43891
64737
43892
64703
64701
64743
28605
28631
64754
64718
43898
21634
64732
64755
28612
43903
64741
64735
43389
64745
28626
28662
64746
64760
64770
64759
28673
64783
43910
64764
43931
43921
64787
28688
64810
43926
64792
64795
28720
28709
64819
43946
43944
64815
28749
64865
64839
28741
43953
64818
21721
64825
64836
64835
64840
64850
43951
43971
64863
44130
65080
64871
43973
43979
65076
64866
64870
43976
64875
64878
64880
28773
64885
64933
64888
28785
64886
28821
44004
64911
64918
64916
28802
64934
44007
64928
64958
64935
64932
64986
28805
64985
44036
44028
44025
64993
65031
28820
65021
64208
65049
65027
23845
65013
44064
28826
28830
28833
65300
44071
65079
65069
65070
44090
44087
44104
65107
65084
65106
65094
28855
44094
65103
64161
44105
44107
44108
29009
65138
65145
14963
65113
65099
44117
65116
28869
65133
65541
65144
44116
65143
65146
17892
44139
70413
28876
28867
65158
44124
65162
65161
65228
44138
65188
65174
65236
44149
28896
28891
28911
44148
65187
28900
44203
65270
28914
22452
65204
65203
28991
44171
44207
65247
65217
65235
65242
44195
44188
65260
65251
65264
65249
65250
44191
65266
44196
44200
28942
65280
65273
65291
65281
44225
65339
65303
28947
65283
65298
28948
65323
28950
65350
44208
28951
65315
65322
44230
65390
65341
44244
44260
65356
65388
65377
44287
28972
65393
28980
44270
65389
64383
65394
65382
65391
65409
65412
65432
65430
65413
65414
44307
65406
65436
65509
65417
65936
65461
65451
44295
65449
65456
65516
65458
44304
44306
65468
29001
65455
44312
65636
44314
44332
65490
22443
65474
29015
65529
44321
65496
65520
29021
29020
29012
44327
65556
65545
65626
65544
65561
65547
65554
65564
29038
29035
65593
29028
29034
65576
65903
65601
65612
44411
44367
65615
44379
65611
65622
65623
29080
65614
65607
65749
44405
65632
44387
44400
44408
65697
44406
65669
65766
65715
29087
65703
65665
65666
29089
65701
65706
44422
65734
29103
65716
65699
65754
44524
44415
65720
65728
65744
65742
65762
65745
44432
29099
65746
29085
65751
44497
44508
65758
65792
29100
65763
29118
65770
44476
29121
44467
44473
24164
44481
65780
65791
65790
44457
44480
29119
29131
65798
29115
65825
29150
65804
65822
65849
65816
29135
29136
65815
65835
65829
65844
44500
65870
65861
65874
65848
65869
44530
29156
65947
29155
65886
29345
65890
65896
29199
65894
29159
65911
29186
65916
44577
65918
66019
44555
65932
44571
29204
65941
29229
65954
65923
29277
44580
44584
66011
29257
29200
44592
65968
66078
44596
29205
44601
66053
65976
65977
66017
65987
65988
29209
66009
66004
44617
66029
66031
66057
66025
66028
66008
29249
44609
44640
44622
66034
66015
66047
66106
66090
66063
44676
66112
44614
66242
29251
44611
29261
66131
29259
66087
44685
44645
29260
66083
44656
44698
66073
66077
66137
44713
44649
66089
44668
66464
66120
66191
66153
29301
66146
17845
66134
66150
66142
16184
29271
66155
66179
44671
66158
66182
44687
66178
66188
66189
66181
66526
66164
66213
29300
66225
29305
66302
66203
66187
44683
64779
44702
44735
44773
66195
29302
66192
66274
29309
66209
66229
44744
29319
66232
45316
66383
66282
66241
29299
66265
66215
66321
66224
44733
66251
29315
29317
44748
66256
66276
66361
66330
44780
29343
66357
44855
66325
66331
66356
29365
44752
66403
66332
66304
66306
66347
66345
29376
66343
66368
66351
29352
66354
66339
66375
66389
66395
66453
66399
29429
44836
66544
29432
44861
44871
66412
66528
44887
66535
66441
44827
66510
44844
66425
66409
66419
29437
66434
66437
66492
66478
44874
44857
44828
66530
44913
44870
24138
66452
44882
66448
44866
66503
66501
66489
29574
66606
29490
66559
66601
44893
66579
15034
44928
66582
66599
29516
66593
44900
44943
29495
66622
29546
44919
44937
66615
66637
66817
44940
66774
44939
29503
29565
66650
44941
66712
29527
29530
44989
66686
66749
66669
66860
66710
29764
29531
66699
29548
44955
29623
29559
66745
66722
44976
66740
29569
44982
29585
29600
44980
44981
45030
29576
66762
29597
45003
66721
29583
29636
45004
45042
45001
29624
66766
45028
66764
66823
66837
45060
45026
66816
66784
67261
66847
45051
29605
29598
66813
45082
29628
66862
66845
29659
66851
66931
29638
45072
66883
66861
66855
66882
45070
66895
29630
45155
45118
45124
45069
66878
66933
66887
26289
45096
66888
45091
67285
45135
45156
67009
66937
45095
45111
66958
66991
67031
45117
66967
66925
66930
45137
45116
45114
45167
45176
29721
67008
45131
67015
67023
45181
45161
67048
67068
67027
67085
45202
29712
67045
45196
67067
29902
67099
45224
29779
67120
29767
67232
67121
67155
67305
67101
67118
45406
45245
45254
7969
29726
29741
45200
29754
29718
67122
67181
45256
29748
45338
29751
45227
67254
67218
67217
67174
22654
67273
67242
45234
67255
67237
29796
29800
29777
67226
67227
29785
67188
29762
45303
67228
29784
67240
67225
29815
45267
67265
67461
67281
67307
29799
23840
67260
45294
29845
45286
45292
67383
45289
29917
67639
15384
67295
67617
45330
67366
67328
67372
67373
67364
67369
67351
67377
45319
29852
29885
45363
45365
67355
67388
67371
67347
67349
67376
67433
29908
45342
45401
67425
45439
67446
45347
71343
29898
67442
29963
67420
67530
67768
67429
67482
45389
67398
67672
29873
29915
45394
29881
67606
29895
45379
29950
45459
67421
29920
67466
29922
29998
67428
45392
67628
67531
45460
29888
67479
67608
67492
45476
67803
67462
67532
45461
29938
45423
45557
45568
67587
45458
29980
67693
45419
45519
29995
67576
67538
67571
45521
67573
67545
67599
45463
67516
67519
67593
67597
67582
67577
45449
29957
45548
45471
29943
67564
67568
67661
67579
45628
45514
67574
45576
45579
67701
67619
67621
30058
67640
67648
30033
67786
67665
30056
45542
30034
67708
30037
67666
45541
68218
45549
67750
67717
67756
68217
45580
67691
67807
45602
30038
67709
67777
67675
67720
30105
68223
67714
67682
67760
67727
67773
67789
67744
67778
67740
45682
68056
45632
45608
30137
45710
67741
45614
67781
45704
67737
67785
45610
30150
25946
67776
30273
67765
30154
45640
67836
30072
30183
67823
68186
67838
45612
30142
67853
68258
67814
30177
45639
67821
67856
45701
68714
45679
68233
45712
67915
67888
45748
67892
67899
67906
30167
67885
30190
45706
30195
67910
45702
45725
67936
30203
45687
67876
67925
68183
30332
68005
67995
67999
67945
67986
45686
45722
67970
68021
67934
45729
45862
68103
67981
68051
67996
68073
68046
68049
45752
67994
45716
68060
68065
30260
45775
30285
68110
30327
68111
45776
68014
68019
68610
68029
68038
45770
45773
45774
45843
68119
68010
30292
45831
68113
30288
68050
45760
68013
45824
68168
30277
68102
68221
68109
68160
68123
68126
45789
45863
30356
30454
30317
68206
68137
45913
30330
68207
45801
68140
46728
68156
45869
30342
30343
45806
68159
68171
68215
68176
45867
45844
30333
68259
45864
68201
68277
45877
45922
68243
68302
68362
45923
68503
30438
68316
30383
30398
68253
68300
68265
68353
68354
68309
45901
45971
68270
68271
68383
45883
30529
66061
69116
30401
30404
45884
30532
68310
68360
45902
30446
30704
68269
45905
68329
68349
68377
68388
68361
30461
68330
68372
46016
68357
68417
68425
68429
46014
46020
30517
68418
45941
68394
46035
68451
68430
68668
45958
30426
45959
68395
46038
68434
68546
68554
30635
68521
68435
68513
46001
46003
68491
30473
68436
45984
46051
68529
68530
46187
30497
45992
46077
68510
30511
68523
68756
30464
15074
68899
30496
68683
68517
68469
30514
68597
68568
68486
30701
46193
68472
30467
30600
68897
68709
30587
68660
68637
68696
68564
46132
46067
30520
68614
30668
68619
46098
30679
68626
68682
46222
68701
68703
46096
23097
68560
68633
46112
46191
30567
68649
46139
68805
68652
30490
68684
68694
30588
46219
46220
46102
30646
46249
68762
30618
68787
30645
68850
68757
68856
46253
30617
68676
46182
68785
30555
68786
68840
30648
46216
46169
30802
30580
68793
68754
46200
46209
68855
46161
46252
68909
68773
68830
68720
46441
69114
68809
68881
68717
46271
68884
46281
30904
46260
46335
72622
30944
68837
46227
30643
68839
30751
46301
68820
46348
46231
68893
68873
68891
68817
68947
68867
68888
30725
68944
30909
69002
30884
30946
46243
30742
46285
30785
46319
46263
68968
69105
69000
15081
30915
68959
68903
68976
68979
30659
68955
69014
69016
46359
46364
30858
30797
30984
69046
69084
46347
30836
69050
69106
30855
69066
69096
69294
69021
46357
68918
68919
69059
46287
46470
69291
30880
46444
68999
69081
46477
46526
69137
30989
69022
69057
69024
46398
46446
69036
69123
69221
31023
69082
31031
31378
69543
30833
69047
46430
69296
46540
30965
31043
69182
69028
69039
30875
46420
69132
46405
69233
69147
69274
46527
46866
69166
46401
30869
69224
30930
30894
30861
46677
46532
46771
31009
46576
46577
31029
69762
69309
69195
69143
69843
46579
69270
30970
26981
31105
46502
31012
69334
69419
69285
31026
70105
30840
46552
69318
69399
69324
69279
46518
69360
22870
46498
31192
46573
46679
31142
69558
46483
46486
46585
69464
46553
69437
46484
69257
30995
69417
31080
69372
31098
69263
31033
46625
46691
31004
46571
69359
69433
46770
69451
69392
46732
46734
69349
69473
69569
31161
69452
69420
69475
46663
69471
69613
69706
69482
46688
69494
46719
31002
46781
70219
31104
70377
31182
31123
69611
31088
31103
46646
46693
69591
69579
69582
16947
31367
31200
31095
46710
46690
69524
69588
69542
31127
31274
69663
69626
69632
69509
69586
30971
69681
69659
70046
69775
46842
69746
69865
46707
30976
31593
46752
46709
46801
31156
69640
31178
46923
46746
46850
31199
69697
46800
46760
31177
69732
69519
69745
69863
46704
31267
31362
46708
31331
69665
69715
69723
69893
31470
69852
69742
69646
69679
69755
46961
70673
31209
69647
46798
69747
69825
46950
31413
69763
70679
31308
47001
69678
70055
31431
46939
69831
31376
46831
69853
46918
31271
31203
31408
46963
69667
31225
31416
46832
69644
31238
46840
69804
46854
31294
31547
69844
69895
31309
46790
31248
31318
69968
46793
69923
70339
47212
69881
31345
47209
47054
31321
69870
70009
69939
47149
70485
46889
31299
70257
69887
70177
31464
69918
70337
31396
69944
70107
69947
70049
31681
46893
47038
69780
31418
47012
70441
70010
47021
69941
46827
46892
47108
69908
69959
31360
47485
69933
31327
47016
47073
47143
47630
70013
47150
25383
70141
31443
31372
31631
70181
70412
26980
47385
70115
70134
31506
31583
70159
70406
47101
31449
47045
47013
31398
31511
31654
47220
31445
31557
31387
31477
31395
70058
31439
70073
70666
31994
71282
31352
70113
70500
70060
70340
47144
31340
70301
47023
31776
46997
47024
70187
31488
70280
17830
31934
70090
31632
70499
47121
31354
31577
31634
31805
70195
31635
70207
70172
31382
47093
31522
31623
70218
31633
70264
26984
47138
70401
70209
31407
70211
47107
31891
70313
47236
47182
70331
70188
70469
47135
70220
47393
70235
70285
70287
47279
31660
70250
70252
70319
31576
31691
70472
47265
47620
70238
70249
70292
47232
47492
31812
31745
70429
31758
70476
47395
70407
70451
31659
70213
47176
31559
31777
71610
31752
47273
31979
32037
70478
70454
70479
47283
70458
23
70462
47253
31847
31762
47486
70344
47636
49131
70408
47494
70490
70355
70468
70369
47477
70349
47235
70353
72274
32002
47389
47449
70501
31694
31714
31981
70564
70672
31939
47495
31837
70650
70611
70559
31810
31724
70582
70647
70588
31686
70607
70657
31807
70614
26114
70562
47331
31767
31883
70635
31676
70646
47292
31958
70593
31906
70825
31976
31856
70658
31699
70615
31811
47419
70763
47740
47314
31923
31903
31800
70842
47328
32075
31866
70618
47414
70812
31831
32057
70815
70858
70690
47301
70694
75775
70717
47336
47587
32056
47365
70770
47514
32590
70841
47577
32074
32267
16086
70845
70758
31768
70855
47434
32168
70706
21332
70747
70790
70791
70849
67780
70762
32001
70817
70862
31843
31965
70775
70782
31922
70788
47579
31859
47574
32252
47550
47584
32145
32188
31730
70867
71098
70887
32225
47412
47806
70910
32052
32132
33073
32350
47572
70951
47653
70954
32163
47516
32108
47621
48078
32179
32271
70993
32391
22727
71015
32073
71170
31977
32019
70886
71038
48088
32231
70998
31949
70927
71005
32160
32192
71011
32199
47792
32201
70962
71030
71184
47566
47570
47639
47828
14997
47642
32345
47533
32346
32454
71177
47805
32172
32347
70978
48080
71232
70912
71042
47594
32103
47596
48618
32366
32130
32094
71204
47592
71248
47928
47977
71209
47995
32300
32503
32014
47800
47939
47680
71224
32425
47720
47963
32181
32319
32903
32283
71083
71163
71206
71086
71165
47613
47678
71222
47959
47962
32227
32472
32389
48094
32062
32289
32432
71249
47932
71216
71258
72898
32395
47881
71123
71263
32308
32380
71141
71182
32091
32386
71145
47825
71158
71236
32096
32104
71169
47933
32452
71260
48117
32372
32404
48016
32549
37685
47719
48026
47965
32355
32359
71300
47762
32065
48053
71444
22514
32113
32306
47895
32348
71276
71438
32326
32687
48048
47999
48116
32524
71415
71555
48007
48066
71451
48024
32282
71281
47721
47925
32681
22448
47838
71394
71439
47846
71403
71441
72151
71326
71309
71496
71418
71327
71566
71328
32426
71338
33369
48181
71303
22408
71422
32842
71426
32241
32428
71594
32394
48264
47884
32405
32593
47915
32493
71467
48167
32246
71488
32330
84195
32458
71627
33396
71628
71672
71530
48036
48038
71493
48195
71624
71671
32552
72862
48338
32674
71574
48281
71534
72521
71542
71647
71509
71559
71670
71517
72065
48269
71569
71466
71641
48283
71535
48100
32437
32876
71609
48261
71653
48602
32824
48199
32653
71465
71522
71946
71635
32606
71644
48342
71793
32497
32918
71603
71827
32529
48198
33387
71462
48332
32850
71694
71779
48159
32390
32807
71697
32584
71897
32780
71853
48203
32740
71890
32863
32582
71823
48302
71833
72116
72214
32788
71744
48126
71752
71918
71877
32801
48212
71695
71896
32629
71706
32631
32636
71912
71874
48139
48153
32567
71947
32805
71892
71992
72888
48240
48343
22576
72100
72060
32811
72061
72118
72170
26723
48277
48613
32579
72054
72089
32624
48350
33004
71910
48365
32591
48606
32645
72124
32598
32599
48481
72087
48620
32956
33296
71999
74175
48444
48647
32718
72117
72335
48370
32832
72068
72930
72141
32987
72186
48493
72059
48797
72154
72006
16965
72080
72133
72029
72370
16098
32965
72171
48406
48612
72172
72318
72180
71995
72147
72372
48418
71997
72288
68889
48354
32881
48312
48314
32726
33072
72019
32737
72413
48470
48586
72266
72369
48667
32971
33127
72426
48414
33080
32768
48308
48993
32707
72383
72216
48569
33114
33226
72343
72400
72488
48393
48585
32799
32969
33075
72023
48413
48587
48786
32761
72551
74473
52078
33282
21531
33079
48590
48617
33286
33410
72287
32766
32870
72328
72465
32932
72289
72467
72157
25262
32884
48531
48653
72306
48468
48534
72021
72334
72292
32796
72236
48609
48708
48545
48709
72326
72327
72710
48860
33139
33053
33347
48701
48778
72261
72307
33275
33362
72414
33780
48551
33329
33131
48502
48596
33415
72683
72711
72914
48804
72474
72664
72685
49254
48783
33161
48905
48552
33206
72564
48565
33052
72656
48566
32959
33143
72541
32963
33419
32901
72495
72601
72694
48660
33313
72695
48790
72673
18070
33293
33100
48998
72722
32891
72724
48809
33116
33504
72730
72989
49270
72513
72670
72742
72803
48813
48547
32907
72746
72651
72709
72749
72532
72654
48727
33502
72592
72665
72691
72784
33265
72549
73075
33320
72698
33130
33198
73006
72682
48690
72534
72574
73966
33298
72583
72544
72988
22774
48658
33303
33356
72666
48810
72883
26973
49492
33756
48753
33112
33379
73228
73597
48681
15584
48689
48991
33089
33451
72951
73030
48692
33478
48806
33759
72925
33126
73683
33417
33757
73053
73354
48939
33767
72547
73062
49008
33171
33423
73081
48815
72821
33374
48921
33460
72981
74667
48862
33606
72768
72923
73394
33149
72844
73235
50074
33397
33624
73001
48714
33920
72672
72806
72940
72893
74271
22449
48792
48849
49484
33657
33210
33695
73294
72986
48865
49059
49202
33299
33713
49259
33420
33615
72802
73157
33421
33512
72939
73367
73005
48914
33424
73183
48916
33411
73024
33341
33376
72766
72838
73223
73390
48924
33700
33870
72841
73137
49006
33556
34024
73324
73414
49062
49110
73255
49755
33166
33906
49271
50075
33676
34029
18815
49048
49276
33651
33534
73184
24199
49246
49057
49248
33660
73036
48925
33349
33665
48881
33735
48975
49068
34028
73206
33529
73278
33591
33992
73160
73436
48976
33597
33650
73180
48984
26293
33532
33749
34008
73214
73338
49081
33602
33753
72837
73342
34015
73186
73579
33904
34026
73205
73423
73508
18658
34258
73090
73279
73384
73600
73222
73389
49055
49423
33543
33603
73117
73343
73769
34016
49228
49765
33409
33743
73212
73375
33977
49099
49173
33818
73305
73325
73269
34085
49051
49242
49388
73100
73482
34581
49830
49156
73962
49314
73776
73754
73872
49241
73539
73700
33970
73706
74284
33860
73634
49103
73667
34136
73668
73740
74111
49479
33736
73328
73779
73332
73532
73685
73799
34040
49277
73570
49087
49165
34503
73710
73502
49325
33608
35099
73504
73735
73774
49511
34153
73515
73753
74114
49355
33999
73458
75059
73613
73486
49321
49440
34584
73636
73724
73770
33883
73582
33830
34078
73587
34252
33684
33798
49773
73885
34168
34441
73888
26989
33980
76595
73583
75142
49481
33838
49772
49482
33773
73866
76447
49387
75755
33858
34161
34260
74174
34193
34346
74096
34129
73863
74003
49476
49791
73865
49341
49793
34412
49524
35740
49525
33857
34160
49823
73821
73843
73893
49553
49734
34286
34569
34571
74144
49512
73809
73955
49604
50090
34042
34108
34886
73820
74120
78115
49709
33815
22588
49777
34505
33825
33985
34649
73916
76132
49701
34556
75729
49637
49715
74131
49677
50425
34301
49559
35463
49588
49657
22530
34249
34700
49924
34154
34701
74498
49706
34555
21803
74095
49676
49645
74347
74520
17817
18611
74217
49651
49807
34419
34882
49660
49927
74441
34062
49752
34403
34107
74078
74119
74155
74555
34579
74501
49672
34115
16961
34277
34568
74216
74442
49650
49915
34696
74016
74349
74464
49699
49850
34664
74049
74378
75836
49589
74386
74387
49615
49935
34458
74102
17973
49834
50119
34064
34468
15292
74229
74545
76190
34745
74118
74244
50077
34322
34371
34705
34748
73883
49665
50010
52333
18453
34499
74083
35079
74395
74507
34054
50103
23380
35297
35353
34779
74523
49980
50128
34482
34742
34880
74549
432
18440
49853
34576
34706
74601
74964
49879
49953
50102
50422
34126
74679
74975
25075
74686
49959
21349
49916
34365
49991
34575
34809
74484
17123
49819
34663
50143
17742
49821
50806
34626
49858
50406
51033
50179
34359
34678
50307
34364
34315
34789
74776
74917
49994
50151
34494
50155
34594
35040
74862
74721
75002
74819
75060
50530
50535
35227
74845
49833
49958
50298
34647
34896
34519
50198
34523
50320
17887
34883
34572
35058
35586
74728
75027
34316
34366
34491
34612
26874
26577
50398
34327
34386
35014
35275
34345
34390
34455
74992
50434
50841
74889
75138
50435
50492
35312
74905
50239
34527
75043
74927
50443
17195
50291
34759
74841
50297
34644
35352
34877
50308
35635
50436
50495
75266
75490
35372
75441
25923
50447
34642
35797
75078
75330
50191
34853
35224
35351
75505
50668
34775
35169
50488
34778
34716
35621
75474
34610
34969
35060
36790
75302
50288
34670
75200
50810
51643
34936
35147
75206
75451
35386
75079
75212
75542
50802
35132
75439
25422
35349
50158
50560
34715
34873
75226
75351
50194
50491
35045
75244
35253
35360
75248
75488
35642
75157
4732
35785
75500
50665
35608
36280
50474
50753
50811
75467
50817
50606
51169
34605
35582
50622
34931
35367
75197
78293
50651
35949
75303
35290
35503
36162
50791
23926
35407
50730
35365
50507
50737
51605
35027
36262
36287
50780
35247
35570
50781
35120
35690
75355
75821
50712
34919
50792
34965
35523
75747
22528
50633
35184
51123
34990
35327
35605
34937
35549
50687
34960
50693
35402
35181
25377
26013
51666
35171
75570
22522
34917
35175
35905
75746
37294
50870
51670
35862
50885
75622
37115
75648
35451
51915
35452
35513
35725
26970
35839
36266
21699
35326
35846
77556
34934
35195
35713
75879
51244
35092
35292
35717
35836
75594
51421
22676
28102
35843
50852
36073
75752
51340
35189
35479
35923
36801
51025
51672
35866
76011
35446
51159
35610
35820
75680
75736
75913
51164
26007
75740
75795
24115
51058
35248
35458
75703
75961
50845
51018
51172
35128
36071
36270
75832
16297
51118
35468
35525
75712
51024
36252
75621
75857
75616
75996
51174
51257
20047
21136
24170
36251
75617
75997
51199
76322
35534
51240
51676
35716
75784
75904
76018
51038
51347
75787
76266
76393
50978
51051
51059
51251
52123
76228
76532
35443
35497
35657
36258
76239
76561
35385
35541
76240
76388
22937
35509
35974
37118
75706
76399
51020
35917
36120
36166
76135
76320
76169
76463
51692
35891
76869
25905
35912
36000
76496
76648
51494
51773
35529
35652
37110
76819
51287
76150
23220
51511
51950
35665
36365
76565
51315
51956
51467
52590
76477
77777
78898
25347
51399
76487
51330
51661
51838
52597
36093
35701
36272
76225
77554
23155
51728
36275
76449
77228
51344
51508
22347
76891
35973
36204
36259
51462
51513
76055
76566
51317
51388
51968
52112
21342
36265
36370
76095
51247
51323
51473
51544
51655
51923
26972
36068
76124
76596
51483
35736
76309
51428
51570
51867
52132
76521
51281
51448
36076
76145
22325
51640
51934
76453
36017
76711
76897
51776
36207
51538
36315
36857
51768
51564
35692
36730
36843
51458
51730
51774
76378
76820
51304
51460
36417
36627
52080
52133
22908
35603
35702
35756
76880
51902
52578
36080
76166
76457
76821
51914
35670
76959
25426
51784
37072
76862
36090
36626
37074
51924
52090
52391
36079
36200
36845
76695
51775
51907
36846
76958
78237
26920
52108
36369
76715
36212
36625
76961
16980
17254
51704
51788
52113
35733
25890
51723
26145
36002
36423
76949
36008
36482
36659
39051
36214
36715
77157
52165
77360
36546
81054
36440
36805
37579
52158
52585
16246
36081
36855
76857
76915
77522
35991
36087
36463
36513
52660
36520
76918
77819
19804
22527
52073
36332
36719
36781
36835
36899
37026
37492
77163
52662
36629
37093
52575
36180
76954
77053
26878
52141
36433
36582
77242
19725
52398
76917
77117
77308
35993
76738
77002
51769
52267
52422
52661
36541
76752
77847
23388
77048
77347
77857
25381
52324
36134
36630
76681
36012
76956
77066
51734
52099
52463
52632
16240
27168
36136
37043
77586
77917
52229
52399
17971
36747
51762
80037
36705
52042
52162
52415
52994
36466
36826
77315
52186
52311
52569
52620
56385
36339
36472
36723
36426
77498
21240
52198
52672
36135
36348
36803
77585
77690
77887
36744
17746
52634
52943
26005
36599
37068
77595
77951
52242
26990
36146
36825
77433
21938
52247
36381
77471
77525
23382
25148
77325
77526
52382
37028
77496
25907
26975
52387
52663
36340
37039
52980
36979
52451
52628
52454
59647
36489
36985
77499
53290
36683
77250
77500
52484
26364
36750
77953
78281
18117
36763
37485
77954
11788
17979
52376
37128
77475
17085
21340
27467
36813
52491
36660
52741
52957
53244
27023
52816
52450
77651
78579
25182
77657
77883
16215
23992
36677
36984
52206
77422
77709
53242
53292
77431
77506
78123
78415
52373
52848
52954
25543
52522
36665
77614
17258
52529
52961
36669
37084
53080
36924
38717
78146
52193
52907
53281
81990
18057
53286
37304
36597
52708
52845
53072
36969
37125
78339
53312
77637
78563
18351
53158
53267
53320
78292
52757
52825
37297
52788
36633
36733
52989
53045
53181
36692
52735
52992
53061
53243
53296
37306
17219
78275
78313
78707
53123
52851
53299
53001
53259
27656
37288
78136
78291
52869
53671
36675
37228
78063
52987
37251
78099
78586
52830
36678
36934
37674
78295
78376
52686
52831
52930
36943
78117
78401
78703
53056
53119
37005
37311
79356
53534
37123
37205
37313
78130
78331
78531
78715
36888
37025
37565
78546
15359
52824
27805
78367
78186
78370
52916
37321
52748
53947
37868
53014
53620
25911
37669
38343
53022
78196
78598
79488
26042
38471
78297
36987
37266
52792
18112
53905
78131
78741
79146
26118
26374
37209
37316
52743
53073
53146
37213
79946
53010
16936
53086
53163
79487
27079
53165
37263
26912
52789
53634
53707
37149
52794
37020
37277
38315
52809
53126
53664
78283
26009
52857
78341
78747
53643
53716
79510
22614
24110
79385
53600
78902
82523
18187
37283
53745
53942
79477
79582
24643
78779
53488
21541
53094
53506
53680
79235
27099
53422
53892
79496
37450
38311
38313
79055
53456
53719
36953
37368
22438
53458
37157
79417
53459
53606
53669
37160
78913
79189
53610
53863
37161
37574
37728
79200
79480
53403
53672
53957
78822
79608
53419
53875
15949
78862
79618
37188
38491
39039
78889
79054
39934
53523
53903
26086
36949
37460
39043
78891
53650
37154
37474
53918
54058
79794
37371
37785
79534
79796
37132
37326
37981
78947
79589
53864
37135
78959
78974
53512
79623
80419
24224
53455
37367
54011
79526
80459
38814
17051
37384
25164
53470
37605
80672
37165
39330
37141
37169
37517
38724
22583
37355
38300
79210
38611
79995
16238
22735
26608
54118
37145
37522
80012
82172
54137
37537
38386
80437
26664
54143
79885
80309
82743
53720
38329
79924
39301
80321
85264
20857
26863
38334
80047
80524
20041
37391
38828
79721
79802
80053
37576
38459
39015
39920
79989
80329
38354
38865
38972
79829
7939
21299
27894
38375
38870
39135
39585
38118
79775
38403
79767
79864
80153
80582
80692
37898
38871
39481
79688
79874
80023
80589
80694
37586
39866
79792
80177
80696
26370
27577
38056
54177
80318
80488
38513
39913
80217
23159
53961
37578
37617
80130
80277
80342
80572
80688
20441
21545
37561
37588
37633
39160
37710
80539
37502
37807
38439
54097
56635
79734
80269
80565
81630
18447
23648
37808
54108
38699
39335
79737
53983
80278
81203
26329
37742
54004
38704
80173
17809
24350
37743
37844
38040
37568
38996
40574
17843
39613
37616
37729
37881
37983
38720
38830
21733
37438
37811
37620
37677
38036
38734
39638
37626
37680
80292
37773
37954
37968
38061
79719
80933
22218
37725
37972
38678
22232
24774
26470
38284
38973
38647
81204
81649
37928
38790
28070
37848
38662
37604
37652
37859
38714
38885
38158
38336
39561
80261
81614
81762
23488
38601
80850
80937
81496
37733
81166
81637
24022
79703
84333
19791
39214
39539
40786
80883
81113
7976
80756
80925
21944
38156
41204
81951
21526
38680
39092
39916
17592
38173
18819
37362
37897
39032
80856
39244
80874
81645
23310
38985
39157
39245
39592
80915
81116
81207
16277
38706
81938
38993
39598
80829
81121
81605
39075
39422
39540
40493
82572
38941
39380
39470
39852
81023
81876
81514
81911
38084
38202
38773
39347
39395
81515
38991
39348
81544
81690
87825
39877
81117
81236
83015
38270
38427
38541
38816
39358
39843
81336
38066
38567
39006
80849
80936
81132
18054
22721
39565
39217
81727
38891
81482
38071
40583
27890
38306
39568
81511
25217
39338
39777
21828
26645
39862
40444
81926
85233
23843
38252
38512
39398
24619
38144
38698
37997
38074
39636
39475
83353
18480
40263
82708
23334
38138
39521
39409
82188
38065
40074
23109
40675
82833
82913
83090
82936
83094
82706
83095
39655
40154
82496
83362
39659
82767
27633
38668
40366
82529
39848
41735
83253
23966
17960
82178
82472
83360
40274
40621
83159
85492
83194
83368
40489
83029
83464
84576
27047
40117
82402
83266
82057
82426
83307
39807
82179
83009
20643
21692
40280
23875
40217
40281
82230
82806
83218
17569
82290
40392
39126
40525
82621
40299
40436
40779
83694
84659
24091
28013
40024
40549
40610
40713
83995
84306
22957
40573
41616
39599
40673
84780
84606
40501
40290
83692
39858
40712
84278
83749
40564
40808
83762
84694
41201
84569
85256
41066
40579
84131
84815
39375
39450
39727
40238
83982
84144
84632
40680
40776
83988
91242
39240
39382
84683
40447
84981
40738
84745
39822
83805
84658
85212
85764
39661
84129
83808
22884
39619
84840
39472
39770
39853
40422
84898
40131
83994
84916
85224
85792
22498
39786
84964
19770
39256
83654
85198
39931
40254
40598
22737
18505
41472
84118
9604
83792
85136
24621
39226
40287
40766
85993
40933
41273
17744
40938
41278
28045
40951
41111
41298
85451
94365
40357
41375
40230
40283
40753
40912
41071
41235
41388
86632
24861
25213
40590
41761
85999
86742
87257
17213
85862
86299
40962
41308
41094
41401
41436
40053
40165
41864
86860
87425
85884
86604
90069
27044
40086
85669
86606
40678
85672
89494
40249
85411
86724
41447
89539
40347
86844
41468
41590
40723
41597
85864
86369
87340
41020
41480
86480
86985
85577
86996
41557
85944
85386
87094
41099
87130
89785
86051
89840
41859
89199
88964
89883
88992
89278
89967
89315
85369
41570
89150
41578
41105
41587
89183
92218
25246
88882
89849
41529
89130
89372
90074
40923
41269
87647
89154
89505
87730
88746
87732
89612
40905
41657
89111
89720
87597
42555
87987
42479
88095
88146
87727
42601
89569
89219
40818
87865
89614
87577
89723
43251
42585
91345
42144
91521
97055
91156
90903
42627
92238
92504
41926
90626
93480
90721
91817
42062
91171
92649
91486
92869
92468
92893
98277
90539
93226
91761
92601
42057
42234
92626
93608
42247
42944
90827
92190
92657
42098
90286
42001
42985
90492
91023
41971
91880
96858
42097
41801
41982
42368
92749
97053
91096
101487
42035
41938
95550
90728
93777
95560
96883
96281
96956
43111
42663
42203
42696
42380
95380
98167
43119
42195
42442
42929
97503
41976
42317
43304
95677
42893
98116
43329
96317
42154
96520
97301
42469
42806
42841
94862
42907
42918
42670
42995
94903
43125
42715
43010
43170
95187
94309
95343
42988
96735
42942
43020
98032
94798
42970
43091
95201
94897
42927
94391
95292
95392
43003
95412
97962
42943
94766
95322
94165
98051
95269
95382
94906
94419
94907
95295
94934
95320
94939
43043
95328
94324
