63556
63579
63592
43368
43372
43375
63649
43383
63662
28147
63706
43427
43451
43466
63878
64024
28276
43620
43670
64260
43688
64273
43715
43749
64412
64464
43793
64470
43799
64548
28515
43841
64643
43871
43895
64881
28790
43999
44015
64996
44058
44047
65043
44063
44091
65066
28433
65154
65183
44156
44158
65207
65221
44177
44223
44248
65392
65498
65457
65501
44325
44331
44339
65582
44359
44360
65627
44381
65662
44392
44410
44441
44547
65996
44638
44653
66074
44690
66161
44756
44779
66280
44778
66287
45027
44817
44838
66590
66596
66584
44951
29509
66672
44993
66657
44962
66870
45018
66735
45055
66875
45085
45077
29679
45106
45177
45110
67309
45210
45217
67234
45326
45288
45299
45370
45372
45358
67374
67447
67507
67507
67476
45405
67464
45552
45582
45683
45672
45753
67923
45694
68003
68033
45741
68227
68105
45933
45909
68256
45957
68379
68452
45976
68409
68811
46019
46017
68498
46179
46245
46059
46120
46237
68763
46307
30672
46300
68977
46347
46366
46534
46292
30937
30923
69405
69037
69128
46508
46516
69629
46559
69245
69361
69393
69406
46766
46846
46635
46764
46657
46764
31118
46627
69592
69590
46857
46757
46843
46914
46943
47039
47241
45307
31558
47037
46981
47051
47041
47130
47147
47131
70374
70241
47146
70765
47353
47397
70545
71052
32123
47345
47343
47346
47681
47361
47400
47588
47609
47610
47767
47813
32139
47614
71941
47737
47871
47912
71458
48237
48090
48290
71689
71722
48219
71940
48287
48129
48234
71769
71771
48251
72037
48485
32627
48367
72392
48402
48408
48622
73098
32875
48769
72380
72579
72580
72661
48807
48774
72998
48821
49252
48956
72947
72999
48932
48971
49009
49221
73133
73763
49210
73177
73195
50063
49170
49435
73568
49449
49308
49310
33845
49352
73965
49573
73925
49679
49704
49680
74167
49741
74319
49745
49702
50015
34885
49844
74192
76774
74352
49963
