70699
70703
70702
70698
70701
70704
70894
70896
70898
71093
71280
71479
71720
71714
71715
71718
71721
71716
71717
71980
71713
71979
71982
71974
71975
71977
71984
72247
72250
72526
72245
72800
72527
72803
72795
72797
72799
73134
72801
72802
73132
72794
73487
73133
73483
73126
73127
73482
73484
73486
73490
73485
73853
73849
73847
73852
73850
73851
74237
74239
74244
74241
74242
74243
74249
74648
74651
74652
75589
75588
76095
76092
76651
76652
76658
76656
76661
77325
77332
77321
78090
78098
78094
78097
78099
78100
78862
79839
78872
79749
78864
80820
79744
79748
79750
79737
79741
80830
80835
80823
80829
80836
82099
82108
82127
82116
82132
83622
83595
83604
83618
83602
83623
83603
83610
83615
85438
85442
85417
85430
85431
85436
85429
85411
85414
87633
87619
87615
90498
90505
90515
90513
94221
94224
94230
94218
94219
