28131
28251
28286
28291
28452
28478
28497
28505
28512
28530
28534
28697
28986
29036
29052
29053
29059
29231
29247
29248
29300
14939
29331
29437
29451
29530
29571
29608
29712
29804
29830
29863
29864
29895
29995
30116
30182
30302
30446
30445
30447
30492
30652
30601
30491
30600
30545
30544
30836
30767
30906
30835
31059
31215
31593
31133
31384
31492
31591
31702
31823
31491
31824
31942
31703
32072
31822
32221
32224
32903
32395
32222
32223
32392
32393
32394
32565
32713
22281
32714
32566
32716
32718
32715
33097
33095
33096
32712
33319
32717
33094
32904
33093
32901
33098
33317
32902
33318
17077
34060
33556
33554
23027
33555
33557
33792
33794
33791
33793
35259
34062
18167
34322
34621
34617
34321
34323
35260
34618
34622
35618
34615
26791
35617
35621
34939
34936
34620
35257
35620
35613
35258
35261
22280
18443
34937
34938
34935
34934
26627
34933
35616
26743
35615
24897
35614
25635
23056
36437
16161
36006
36008
19919
36433
36436
18430
36007
26601
26607
36890
18189
36891
36889
17947
36888
23032
36882
36885
36883
37385
26699
36881
36884
37393
26751
37384
37391
37392
39232
22459
37383
39231
37921
38550
22548
39227
20049
37924
38548
37925
38541
38542
37922
38546
17103
39222
41881
37919
38545
38544
40020
38539
39221
38540
40926
40024
39239
39240
40009
40017
39228
40930
40928
41880
39226
41882
40011
40914
40933
40934
41872
40929
40006
40026
40925
40023
40937
40921
40027
41878
41864
40028
40013
40915
40935
41871
41874
40920
40923
40927
40923
40931
40924
41862
40932
41868
40936
42661
42655
41867
42663
42667
42657
42666
42670
42656
42662
42652
42651
