22252
16118
25030
17076
18003
25197
16193
26789
19735
25406
16178
18453
17894
25117
16285
18849
20035
26797
26062
22421
17805
24883
22287
18288
16221
19930
28099
25106
19797
26853
25961
26019
16340
25199
25219
17865
26059
17940
24957
22228
19737
27902
22546
22260
18848
26057
17095
17922
18064
19907
18369
25180
26939
23035
16058
17889
25326
18001
19803
18066
25964
19689
22234
17942
17811
25281
23065
25477
26768
23378
22580
25632
26175
24605
26861
16260
18442
26243
16054
22980
25972
25087
18306
24611
16056
22396
18657
20995
16313
18656
16267
17079
22619
17989
26337
22346
25322
17933
24885
17931
26821
16256
19729
22976
17969
