28175
28256
28456
28696
28729
28967
29001
29051
29058
29170
29159
29230
29309
29297
29347
29396
39948
29470
29503
29651
29653
29652
29735
29736
29829
29922
30180
30146
30220
30262
30261
30297
30542
30487
30648
30649
30708
30760
30761
30830
30970
31055
31130
31208
31209
31292
31291
31482
31483
31700
31585
31698
31481
31817
31699
31697
31938
31936
31815
32064
32066
31937
32063
31816
32062
32065
32213
32705
32558
33086
32707
32706
32704
32888
32890
32887
32891
33300
33303
33085
33301
33299
33775
33302
33779
33774
33777
33778
33543
17740
34040
34037
34300
33773
34039
34301
34601
34036
34303
34033
34034
34302
20617
34038
25075
25442
34304
18575
34913
34599
34600
34602
34918
35246
35247
34919
34921
35244
34917
35245
34916
26846
35600
35598
35990
36857
24952
36413
18608
35984
36415
18616
25622
36855
35991
36414
36854
36410
22354
26830
36856
35988
23070
26693
36412
26793
25065
25010
18579
37366
15337
37368
27892
37365
37364
24889
20528
37367
37898
23081
37361
25189
25205
38509
20455
37363
26716
37360
37362
37897
39184
39177
37899
26261
18480
22988
39179
40808
39180
19770
41775
39947
41778
39944
40806
41780
