68
69
112
113
135
425
426
30310
823
1162
1675
1871
30673
30838
30837
2707
2862
2906
30924
30944
2975
3017
3024
3302
4118
4259
4664
5308
5406
5589
31500
31501
31504
31506
5765
5910
5911
5912
5914
5915
5921
5922
5923
5927
5929
5930
5931
5932
6040
6176
31613
6179
6254
31629
6263
6316
6654
6661
31824
31835
7238
7289
8118
8486
8736
8834
40
9207
9208
9296
9357
9387
9569
9593
9819
10763
33014
12083
33040
33124
33127
12563
13258
13502
13723
13761
33448
14458
14459
33556
14795
15168
33763
15511
33830
34145
18953
34831
21960
22097
22144
22158
22559
23028
35818
23251
23314
23478
23524
23526
35990
36015
24050
36025
36110
24426
36181
36186
36187
36189
36195
36211
24555
24832
24921
25033
25091
25095
25486
25493
25765
25766
26663
26894
36805
