1004
3033
32117
9887
10602
14006
14473
14492
14519
14520
14521
14522
14523
14524
14526
14527
14528
14529
14530
14531
14532
14533
14535
14536
14537
14538
14539
14540
14541
14542
14543
14544
14545
14546
14548
14549
14550
14551
14552
14553
14556
14557
14558
14559
14560
14561
14562
14563
14564
14565
14566
14567
14568
14569
14570
14571
14572
14573
14574
14575
14577
14578
14579
14580
14949
15110
15111
15112
15114
15115
15116
15117
15119
15120
34016
19144
34782
19374
19379
19384
19401
20131
35115
20865
35315
21268
35321
35322
21500
21548
24632
36329
25501
