73
436
1176
2199
3320
31310
31311
31922
7971
8349
9714
9740
33029
12006
12007
12382
15989
16296
16380
16462
16655
16689
16688
16782
16820
16836
34201
17060
17468
17571
34332
17656
17703
17724
17728
17756
17762
17842
17910
17994
18049
18259
18479
18501
18502
18512
18513
34620
34621
34622
18517
18519
18528
18627
18651
18722
18758
18801
18844
18881
18916
18959
19218
19245
19249
19550
19573
34913
19723
19871
20234
35069
20433
20482
20568
20634
20813
21000
21027
21058
21104
21109
21134
21345
21346
21381
21792
21810
22169
35591
35596
35597
22568
35716
35759
22949
35838
23914
24119
24569
25062
25085
25728
26177
