67
30327
72
75
74
77
76
82
83
84
85
86
87
90
91
96
97
99
98
102
103
107
129
128
131
130
132
133
136
137
141
140
144
145
161
167
330
177
178
332
117
116
180
179
186
185
190
189
192
191
194
996
195
196
201
202
203
204
210
219
220
245
30331
262
30333
30334
297
312
314
317
324
334
340
347
348
356
360
366
372
373
377
14
384
387
405
420
434
447
458
467
474
481
482
491
496
498
522
535
539
545
549
555
557
566
567
574
30312
601
603
604
605
606
607
619
623
629
30383
640
643
645
648
650
659
660
662
672
689
708
715
728
732
30398
737
741
757
761
30400
765
766
772
779
30401
800
814
825
15
835
843
846
859
860
861
881
916
926
30419
943
960
961
995
997
998
1001
1006
30428
1073
1074
1078
30443
30450
1104
30455
30457
1131
1139
1148
1152
1166
1177
1180
17
1201
1210
19
30486
1244
1247
30510
1257
1267
1270
1272
1280
1283
1285
1292
1306
1309
1319
1331
1332
1340
1350
1361
1377
1378
1383
1400
1401
1458
1465
1467
1468
1473
30554
1475
1476
1494
30559
1507
1510
1512
30564
1513
30566
1515
1521
1527
1528
1534
1536
30572
1555
1559
30578
1564
1575
1581
1585
1597
1600
1605
1609
1613
1615
30585
1619
1620
1622
1625
1626
1634
1676
1682
1686
1695
1701
1702
1705
1706
30599
1726
1762
1763
30617
30633
30635
30636
1837
1856
1865
1871
1878
1879
30656
1912
1915
1918
1919
30664
1929
30675
1937
30678
1954
1992
30701
2048
2049
2066
2089
2092
2094
2129
2138
2144
2149
30736
30737
2171
2175
2181
2184
2195
2197
2198
2205
2207
2210
30739
2214
2224
2235
2247
2249
2251
2256
30749
2259
2261
30755
2263
2267
30757
2271
2275
2276
2288
2299
2324
2328
30773
2401
2415
2459
2479
2482
2500
2501
2513
2514
2528
2539
2540
2560
2578
2583
2585
30808
2614
2615
2632
2633
30811
2646
2650
2660
2670
2672
30822
30832
30838
2702
2705
30842
30846
30847
2706
2712
2744
2745
2746
2828
2851
2859
2865
30914
30916
2881
2890
30930
2922
2924
2925
2927
2928
2936
2938
2954
2965
2966
30950
2997
30954
30955
30956
3004
3005
3025
3034
30966
30970
3055
3056
3059
3077
3085
3098
3105
3106
3108
3155
30996
3183
3293
3294
3295
3300
3314
3315
3322
3323
3330
31035
3366
3369
3378
3377
3389
3393
3400
3405
3413
31054
31055
3414
3415
3416
3418
3420
3421
3423
3425
3486
3521
3525
3528
3535
3536
3537
3560
3561
3564
3577
3658
3679
3699
3700
3702
3705
3718
3735
3749
3762
3763
3770
3782
3790
3796
3803
3820
3826
3830
3840
3842
31118
3855
3871
3872
3893
31129
3899
3903
3918
3922
3936
31140
3990
3991
3994
4006
4015
4017
31159
4029
4051
4067
4077
31189
4117
4120
4124
4138
4142
4156
4173
31218
4205
31222
31223
4254
31238
31246
4339
4378
4396
4397
4408
4428
4445
4510
4528
4532
4545
4547
4548
4549
4600
4679
4680
4706
4723
4744
4745
4769
4788
4792
4796
4800
4816
4825
4831
31312
4848
4874
4879
31316
4892
4912
31324
4936
4946
4976
5004
5028
5082
5117
5120
5157
5161
5169
5197
31357
5224
5237
5243
5244
5245
5246
5247
31374
5286
31380
5301
5302
31414
5427
5440
5448
5495
31429
5510
5512
5594
31456
31457
5602
31
5624
31468
5634
5636
5662
5663
5664
5665
5670
5671
5717
31483
5724
5746
5747
5748
5749
5762
5764
31508
5768
31528
5847
5855
5859
5860
5861
31534
5862
5863
5864
5865
5866
5867
5868
31535
5869
5870
31536
31537
5875
5882
5917
5946
5957
5962
31557
31558
5992
6000
6014
6030
6047
6071
6090
6100
6109
31597
31602
6146
6156
6162
6174
6183
6186
6187
6204
6212
6214
6225
6230
6232
6233
6234
6261
6307
6308
6317
6329
6337
31653
6372
31666
31667
31668
31669
31670
31672
31673
31674
31675
31676
31678
31679
31680
31681
31682
31683
31684
31685
31686
31687
31688
31689
31690
31691
31692
31693
31694
31695
31697
6408
6457
6469
6471
6477
6481
6488
6490
6499
6500
6502
31713
31714
6506
6525
6533
31722
31729
6587
6589
6590
6592
6603
6604
6605
6606
6609
31749
31766
6656
6657
6658
6690
6698
31782
6724
6773
6782
6786
6788
6789
6805
6810
6823
6831
6871
6882
6890
6914
6918
6920
6927
6948
6952
6954
7030
7035
7036
7054
7093
7109
7110
31903
31907
7137
7153
7156
7161
7163
7165
7167
7180
7188
7191
7194
7195
7199
31929
7215
7280
7288
7289
7308
7315
7320
7337
7343
7344
7348
7390
7401
7425
32001
7496
7624
7638
7642
7654
32018
7700
32035
7739
7741
7751
7753
7806
7811
7829
7839
7936
7939
32067
7943
7945
32084
32085
7948
7956
7960
7963
7966
7969
7973
7974
7985
8001
8002
32095
8007
8015
8044
8050
8051
8052
8057
8058
8062
8074
8085
8103
8123
8157
8160
8168
32119
8224
8253
8309
8320
8321
8336
8352
8362
8367
8383
8384
8394
8411
8412
8413
32183
8426
8442
8444
32191
32193
8456
8471
8472
8476
8478
8493
8494
8502
8505
8507
32201
8533
8534
8535
8541
8558
8568
8570
8587
8628
8634
32232
32234
8652
8653
8660
8684
8685
8688
8702
8713
32251
8716
8727
8765
8788
8794
32262
32276
32278
32284
8913
8922
8923
8948
8962
8966
8969
9011
9018
9021
9024
32296
9044
9047
9062
9064
9074
9076
32313
9113
9119
9151
32338
9165
9174
32350
9211
9214
32360
9262
9268
9294
9369
9374
4
9395
9423
9426
9433
9434
9435
9436
9438
9437
32407
9507
9524
9527
9530
9543
9544
32417
9575
32430
9581
9598
9628
9638
9639
9654
9659
32441
32442
32443
9668
9669
9691
9694
9712
32453
9725
9733
9771
9773
32464
32465
32466
32467
32468
32470
9776
9800
32488
32499
9890
32500
9891
9900
9940
32507
9965
9968
32528
32529
32530
32533
10022
32551
10039
32557
10045
10049
10059
10061
10085
32563
10094
10097
10104
10105
10146
10152
32569
10155
10159
42
10210
10213
10214
10227
10234
10243
10244
10271
10290
10291
10296
10297
10298
10304
10306
10307
32584
32585
10310
10318
32586
10325
10326
32589
10327
10328
10336
10352
10358
10361
10365
10371
32594
10390
10395
10404
32595
32598
10419
10438
10447
10457
10461
10468
10471
10477
10500
10515
32610
10541
10553
10554
10558
10560
10563
10567
10590
10591
10604
10617
10620
32623
10633
10640
32630
10645
32631
10660
10665
32638
32639
32642
32644
10681
32645
10687
10699
10703
10707
10710
10719
10722
10759
10798
10799
10801
10814
32671
10823
10827
10841
10843
32680
10853
10859
10872
10876
10880
10886
10898
10906
10955
10962
10982
11000
11025
11036
11060
11068
11069
11071
11080
11083
11089
11093
11130
11135
11139
11151
11155
11159
11173
11174
11200
11219
11223
11228
11238
11249
11257
11309
11329
11334
11346
32753
11363
11364
11378
11381
11382
11387
11389
11417
11420
11425
11431
32757
11449
11451
11458
11463
11464
11465
11475
32761
11477
11480
11482
32762
32763
11485
32764
11566
11583
11586
32811
32817
32818
11605
32823
32825
32826
32827
32828
11613
11623
11627
11633
11641
32860
32863
32866
11700
32885
32886
32896
32903
11734
11751
11753
11754
11755
11756
11757
11758
11759
11784
32964
11862
32996
33003
33004
11895
11896
33014
33016
33018
11942
11945
11946
11948
11956
11958
11963
11976
11977
12011
12013
33034
12026
12030
12034
33035
12036
12040
12057
12067
12068
12078
12081
12090
12094
12095
12098
12099
12106
12109
12114
12115
12116
12127
12128
12136
12155
12167
12170
12171
12175
12180
12222
12251
12252
12261
12325
12329
12335
12337
12395
33106
33115
12495
12520
12524
12555
12583
33152
12691
12699
12700
12703
12711
33169
12738
12751
12775
47
33199
12805
33216
12826
12869
12870
12874
12876
12877
12882
12883
33235
12909
12924
12933
12934
12935
12936
12937
12938
12998
12999
13000
13002
33255
13034
13052
13070
13082
33277
13107
13108
13111
13133
13136
13140
13141
13143
13145
13146
13147
13157
33291
13171
13210
13211
33309
13213
13214
13215
13218
33312
13246
13253
13259
13268
13279
13298
13303
13312
13314
13329
13339
33337
33345
13365
13371
13395
13460
13476
13477
13485
13486
13487
13503
13504
13513
13518
13519
13520
13521
33367
13568
13573
13579
13580
33388
13600
33404
33405
13607
33406
13608
33407
13611
13619
13634
13642
13644
13645
13649
13666
13671
13681
33421
13689
13690
13699
13701
13718
13733
13735
13738
13740
33434
33435
33436
13813
33453
13863
33456
13878
33465
13928
13929
13931
33470
13969
13972
14010
33483
33485
33486
14073
14097
14101
14102
14109
14116
14123
14127
14131
14138
33501
14167
14168
14174
14188
33517
33518
14214
14251
14252
14267
14269
14274
14318
14328
14332
14335
14337
14351
14368
14379
33536
14384
14392
14397
33538
33539
33568
14516
14561
14562
14596
14599
14600
33576
33577
33578
33579
33580
33581
33584
33585
33587
33588
14606
14622
14629
14632
14633
14634
14637
14653
14655
14660
14686
14690
14694
33614
14741
33615
14744
33635
14788
14795
33647
14829
14837
14849
14855
14863
14897
14898
14902
14908
14920
14922
14944
14974
15005
33690
15014
15016
15030
33696
33697
15031
15033
15035
15037
15040
15041
15043
15044
15045
15046
33701
33703
33704
15047
15048
33705
33706
33707
15049
15050
33709
33710
15057
15059
15060
15066
33715
15068
15077
15094
15101
15129
15166
15204
15214
15233
15249
15252
15253
15254
15257
15258
15259
15262
15263
15264
15336
33779
33780
15373
15374
15382
15396
15401
15403
15404
15405
15421
15434
33796
33797
15435
15467
15472
15478
15490
15504
15509
15512
15513
15546
15547
15548
15549
15550
15568
15581
15598
15599
15600
15601
15606
15612
15614
15630
15641
15650
15653
15654
15657
15674
15683
15693
15701
15703
33863
15786
33881
33882
15815
15828
15832
15834
15837
15838
15839
15840
15848
33888
15859
15878
15880
15882
15886
15892
33894
15905
33899
15957
15958
15974
15975
33917
15996
15997
15998
33922
16010
16014
16015
33933
16058
16061
16065
16083
16106
16107
16112
16121
16124
16133
16134
33959
33962
16142
16146
33964
33965
16157
16158
16159
16161
16183
33971
16216
16217
16218
16228
16261
16262
16263
33979
33980
16269
33982
16310
16323
16400
16407
16425
16453
16457
16462
34043
16465
16466
16481
16486
16490
16491
34059
16640
16656
16662
34094
16713
34114
16720
16751
16756
16760
16768
16770
16772
34132
34133
16773
34134
16775
16797
34145
16822
16842
16855
16865
16866
16864
16868
16869
16871
34162
34163
34165
16880
16881
16882
34169
16883
16884
34171
16887
16888
16890
16891
16893
16895
16896
16897
16898
16899
16900
16904
16905
16906
16907
16909
16911
16912
16915
16918
16920
16921
34172
34173
34174
34175
34176
16927
16928
16929
16930
16932
16931
16933
16935
34178
34179
16940
16944
16965
16968
16976
16985
17001
17015
17016
34192
17039
17046
34205
34207
34208
34209
17057
17069
17087
17305
17353
17357
17365
34274
17367
17369
17371
17379
17380
34277
17381
17385
17388
17389
17393
17402
17409
17417
17418
34293
17439
17471
17472
17473
17475
17477
17492
17514
17532
17542
17554
17557
17558
34317
17562
17569
34331
17584
17585
17614
17645
17648
17668
17684
17685
17706
34375
17717
17748
17754
17755
34389
34390
34393
34394
34395
34398
17777
17793
17799
17800
17817
17818
17834
17845
34425
17854
34426
34428
17865
17866
17875
17885
17898
17998
18022
34467
34482
18084
34486
18092
34507
18139
18141
18142
18160
18167
18175
18177
34515
18193
18196
18198
18205
18234
18242
18244
18245
18251
18273
18281
18282
18296
34545
18314
18316
18325
18341
34562
18350
18399
18413
18418
34574
34576
18430
18455
18470
34615
18540
18541
18542
18543
18544
34627
34640
34642
18586
18592
18607
18615
18623
18627
18638
18639
18650
18666
18689
34663
18697
18706
18718
34673
34674
34677
18740
34678
18762
18765
18794
34685
18822
18828
18830
34690
18840
34695
18876
18883
34707
18890
18908
34715
18947
18954
18956
18963
19060
19064
19092
19093
19109
34767
19130
19142
34777
34778
34779
34780
34789
19163
19164
19220
19230
19233
19243
19264
19290
19311
19348
19359
19360
19373
19398
19400
19411
19416
19424
19425
34866
34872
19472
34876
34887
19549
19550
19564
19570
19577
19582
34900
19597
19602
19610
19611
19616
34906
34907
19669
19680
19684
19685
19689
19690
19691
19692
19693
19694
19695
19706
19707
34923
19708
19709
19710
19757
19758
19759
19783
19792
19793
19800
34946
19816
19832
19850
19852
19866
19882
19905
19930
19936
19941
19942
19958
19996
20008
20040
20104
20110
20111
20113
20120
20133
20138
35028
20169
20173
20177
20176
35036
35037
35038
20178
20179
20180
20183
20182
20184
20185
20187
20189
20196
20197
20198
20199
20200
20201
20236
20258
20263
20265
35054
35057
20328
20349
35073
20389
20393
20397
20455
20456
20457
20458
20459
20464
20470
20483
35092
20505
35106
20529
20553
35127
35128
20640
20648
20671
20676
20679
20680
35152
20704
20706
20747
20757
20759
20783
20791
35176
20833
20843
20857
20890
20895
20925
35214
20939
20941
20942
35226
20980
35240
21005
21014
21030
21032
21034
21044
21059
21064
21074
35270
21108
21109
21149
21163
21164
35290
21169
21170
21180
21196
21197
35296
35297
21200
21213
21215
35307
21230
21231
21247
21252
21259
35314
35315
21272
21273
21274
35323
35324
35325
35326
21285
21289
21294
35330
35331
35332
21298
21303
21344
35344
21348
21349
21350
21351
21352
21353
21354
21355
21356
21357
21358
21359
21360
21361
21362
21363
21364
21365
21366
21367
21368
21369
21370
21371
21372
21373
21374
21375
21376
35346
35349
21398
21406
21409
35352
21411
21412
21423
35357
35360
21465
21469
21488
21492
21496
21497
35370
21500
35372
21504
21517
21521
35377
35381
35383
21536
35401
21572
21595
35413
21663
21664
21666
35441
35443
21691
21706
21705
21709
35453
35467
21808
35489
21821
35493
21829
21832
21836
21839
21840
21841
21842
21843
21847
35499
21857
21863
21862
21866
21870
21878
21880
21883
21892
35512
35513
21897
21902
21907
21908
21909
21941
21980
35545
22005
22007
22023
22057
35556
22069
22086
22105
22134
22150
22252
22253
22267
22280
22281
22361
35636
22364
22366
22368
35637
22370
22371
22372
22373
22375
22376
22377
35638
22379
22380
22382
22383
22384
22385
22386
22387
22388
22389
22390
22391
22392
22393
22394
22395
22396
22397
22399
22398
22401
22400
22402
22403
22404
22405
22406
22408
22409
22410
22411
22412
22413
22414
22418
50
22419
22421
22423
22424
22430
22431
35639
22433
22434
22435
22437
22438
22439
35650
22440
22441
22442
22443
22445
22446
22447
22448
35651
35652
22449
22451
22452
22453
35653
22454
22456
22457
22458
22459
22460
22461
22462
35655
22465
35656
22468
22469
22470
22471
22472
22473
22474
22475
22476
22477
22478
22479
35657
35658
35660
22480
35661
35663
35664
22487
22496
35668
22499
22500
35669
35670
35671
35672
22501
22502
22503
22505
22506
22508
22510
22511
35675
22515
35676
22516
35677
35678
22519
22522
22531
35687
22542
22558
35704
22562
22575
22578
22579
22594
22624
22625
22629
22653
22713
22720
22732
22733
22744
22751
22759
22760
22761
35725
22770
22800
22880
22881
35760
22890
22909
22913
22915
35769
22922
22926
22940
22947
22964
22967
35778
22979
22995
35789
23018
23020
23032
23033
23034
35793
23041
23086
23096
35805
23098
23099
23101
23105
35811
23176
35823
23248
35837
23299
23305
23316
23317
23334
23338
23343
35858
35862
23376
35871
23388
23398
23399
23444
23450
23453
23462
23464
35909
35910
23471
23496
35918
23506
23507
23508
23514
23533
23551
23552
23581
23582
23588
23597
23660
23698
35950
23712
23741
23747
23749
35958
35959
23750
23752
35964
35965
23776
23778
23792
23794
23811
23842
23858
35976
23861
35978
35979
35980
23875
23877
23880
23881
23889
23890
23912
35994
23922
23927
35995
23931
23935
36001
36003
23956
23976
23977
23981
23982
23991
23996
24005
24017
24018
36021
36022
24019
24022
24049
24099
36043
24113
24115
24120
24141
24148
24152
24158
24182
24202
24211
24212
24213
36069
24234
24236
36077
36080
24244
24345
24357
36116
36117
36118
24370
24376
24382
24383
24390
36141
36144
24406
24408
24424
24432
36165
24445
24469
24486
36171
24523
24533
24534
24563
24567
24574
24578
24590
24597
36220
24609
36226
24630
24631
24637
24641
24651
24655
24661
24668
24669
24670
24672
24673
24678
24690
36243
36244
24702
24711
24727
24732
24755
24769
36258
24770
24771
36259
24772
24777
24784
24785
24786
24798
24800
24801
24803
24815
24821
24830
24831
24839
24840
24841
24843
24885
24931
36307
25010
25011
25019
25035
25039
36323
36326
36328
36331
36338
36339
25079
25102
25107
25117
25119
36352
36353
25125
25129
36355
36357
36360
25139
25146
25190
25202
25240
25249
25251
25258
25265
36399
25293
36403
36404
25301
25304
36406
25321
25325
25345
25366
25368
36426
25389
25392
25395
25396
25419
25425
25449
25451
25452
25453
25454
25455
25456
25457
25458
25464
25473
25476
25483
25515
25557
25564
25573
25615
36479
25642
25644
25647
25665
25666
25667
25668
25669
25670
25680
25685
25688
36501
25694
25695
25696
25697
25698
25699
25700
25701
36502
36503
36504
36505
36506
36507
36508
36509
25705
25732
25792
25794
25818
25831
25855
36553
36554
25870
64
25879
25880
36584
25903
36586
25930
36587
25941
25945
25947
25948
25954
25955
25970
25976
25980
36592
36593
26016
26055
36605
36606
26080
26093
26094
26101
26102
26139
26143
26174
26179
26180
26184
36626
26197
26207
26213
26234
26236
26243
26260
26272
36645
26308
26311
26312
26315
26336
26337
26350
26359
26370
26379
36653
26388
26389
36654
26394
26412
26413
26434
26447
26449
26450
26451
26472
26473
26477
26481
36666
26484
26498
26510
26512
26527
26528
26530
36670
36671
26552
26576
26585
26589
26618
26631
26638
26639
36681
26653
26657
26665
26670
26679
26683
26695
26699
26705
26714
26717
26746
26747
26759
36700
26761
36701
36702
26763
26767
26768
26783
26798
36710
26812
26815
26827
26900
36717
26913
26926
26933
26937
26939
26941
26975
26976
26977
26978
26979
26980
26981
26982
26984
36722
36726
36727
27075
27097
27098
27153
36741
27166
36745
27219
27227
27236
27237
27243
27275
27281
27295
27303
36752
27308
27316
27319
27326
27331
27336
36764
27380
36781
27419
27420
27441
27461
27488
27500
27512
27513
36806
36807
27532
27553
27562
27568
27575
27578
27582
27604
27609
27610
27680
27689
27716
27726
27732
27741
27755
27762
27763
27767
27770
27773
27776
27777
28098
36970
28265
36988
36989
37009
28453
28459
37047
28489
28495
28516
37095
37096
37145
29266
29431
29554
29604
37564
