1346
3505
3953
6533
31722
8207
32118
8325
8360
8625
8702
9426
9939
10129
10128
10130
10131
10132
10134
10135
10136
10137
10922
10923
10924
10925
10926
10927
10928
10929
10930
10931
10932
10933
10934
10935
10936
10937
10938
10939
10940
10941
10942
10943
10944
10945
10946
10947
32686
32687
32688
32689
32690
32691
32692
32693
10948
11484
13657
14268
16314
34429
18350
21964
24923
25206
26555
28459
28461
28464
37047
28465
28466
28467
28468
28469
28470
28471
28472
28474
28477
28478
28479
28480
28481
28482
28483
28484
28485
28486
28487
28488
28489
28491
28492
28493
28495
