1738
4168
4520
4521
4522
4523
4701
5379
5641
5764
31610
7826
32323
9116
10851
11377
12716
12717
12718
12720
13159
13165
13167
13168
13739
18151
22805
22808
22809
35749
22812
22813
22814
22815
22816
22819
22820
23044
24322
24509
24510
24511
24514
28590
37142
28606
28607
28617
28677
28694
28695
37191
28699
28700
28701
28759
28769
37221
28929
28932
37380
29129
29131
29132
37382
29133
37383
29134
29135
37385
29136
29137
29138
29142
29143
29144
29145
29146
29165
29184
29223
29289
29310
29401
37466
29461
29494
29495
37535
29681
29682
29724
29725
29726
37584
29885
29895
29922
37654
29930
29931
29933
29990
30058
30182
30183
30234
37766
30255
