30359
1073
30441
30463
1323
30520
1560
30650
30708
2410
30836
30897
2897
2945
3063
30979
3303
31026
31074
3934
3935
31192
31193
31238
31259
4405
31282
5252
5386
5389
5390
5391
5394
5442
31431
5562
31460
31461
31539
31698
6488
6493
32002
32080
32091
32098
8187
8203
8311
32146
32147
32148
8408
8411
32189
32255
32316
9135
32368
32377
32378
32559
32569
32601
32642
33018
33051
12235
33183
12770
33196
33197
33313
13330
33353
13515
13516
33365
33372
33380
13617
13618
14070
30303
14132
14133
14134
33502
33512
33574
33591
33592
33637
33639
15125
33728
15413
33793
33836
33842
33842
33893
33933
16286
34293
34307
34340
34367
17833
18363
34578
34651
19347
34847
19567
35008
35035
20180
35116
20560
20754
35166
35167
21126
35276
35286
21304
21305
35333
35388
35422
35489
35538
22076
22350
22351
22352
22353
22354
22355
35634
22356
35650
35706
35769
23145
35855
23409
35891
35892
23436
23855
35993
36025
36038
36048
36117
36118
36161
36170
36174
36231
24658
24659
24660
24664
24665
24681
24686
24690
36244
36245
24705
24746
36254
36255
24762
36261
24782
24792
36266
36269
36293
36295
36297
36321
36374
36388
36392
36393
36396
36441
36578
36579
25898
25899
25900
36631
36636
36637
26678
36691
36692
27280
36798
27493
29309
29310
