2050
2089
2126
2145
2496
2798
30897
30900
3099
3102
30987
30997
3165
3260
3823
3876
3923
3925
6
3990
31174
4896
5757
31570
31571
6053
6054
6062
6063
6064
6100
6281
31632
31633
6285
6286
6289
31639
6694
6789
7901
7900
32068
32069
32070
32071
32072
32073
32074
32075
32076
32077
32078
32079
7988
32125
9097
32361
32362
9618
32464
32465
32467
32466
32468
10720
10978
11094
11292
11293
11823
12012
12946
33313
33353
13481
13578
13849
13975
13976
13977
13978
13981
13982
13988
14052
33502
14154
14155
33512
33654
14955
33657
33923
16004
16005
33947
16513
16514
16537
16576
16608
16611
16623
16631
16635
16638
17056
17367
34294
34297
17486
34307
17644
34378
34422
34423
34424
17878
34485
18093
18156
18178
18309
18483
34719
19158
19312
34847
34850
19405
19440
19442
34903
19719
20163
35044
20370
35123
35124
35166
35202
35208
35210
35226
20958
20972
21086
21087
21088
21089
21157
21233
21587
21641
21962
22049
35558
22338
22343
35749
22941
35822
23801
23802
23818
23848
23970
36098
36119
36120
36174
36388
36392
36393
36396
25308
25315
36405
25383
25412
25824
25825
36613
36631
27134
27178
27182
27183
27189
27190
27233
27276
37003
37092
37129
37130
37163
28709
28780
28983
28994
37321
37322
37326
37347
37352
37353
29142
29192
37403
37411
29260
29290
37422
37426
29423
37471
37480
37496
37497
29598
37547
29715
29717
29729
37576
29840
29847
29910
37664
37679
37705
37713
30134
37726
37745
37767
37793
