30398
1114
1385
5
30585
1820
2114
2130
30738
2271
2483
2485
30795
30796
30797
30798
2486
30799
2487
2490
2491
2494
2496
2497
2499
2500
2501
2505
30953
3276
3277
4144
4844
4845
4846
5638
5916
6099
6100
6698
6786
6948
7269
7806
8152
8438
8877
9131
9268
9654
9786
32536
10639
11319
11320
11321
33151
12709
13049
13582
14188
14621
14945
15073
15598
15599
15600
15601
16010
16191
16276
16399
16405
16449
16456
16457
16458
16663
16754
16756
34152
16965
16968
17046
17059
17066
17357
17371
17401
17402
17475
17476
17485
17557
17558
17559
17561
34317
17562
17563
17564
17567
17575
17577
17585
17625
17800
17875
17878
17998
18014
18015
18016
34459
34460
18017
18022
18029
18086
34512
34513
18251
18314
18334
34569
18413
34599
18759
18763
18840
18855
18859
34705
18889
18966
19130
19140
19141
19142
34777
34778
34779
34780
19152
19206
19244
19253
19348
19361
19362
19390
19405
19412
19416
19425
19482
19556
19560
19588
19763
19776
19800
34947
19807
19863
19866
19867
19956
20002
20105
20116
20118
20139
20364
20439
20490
20739
20783
20895
20971
20995
21056
21059
21073
21093
21120
21121
21122
21181
21216
21679
21780
21791
21813
21814
21960
21961
22063
22151
22317
22909
22910
35782
23048
23180
23317
24202
24563
24597
24809
24905
36296
24978
25039
25200
25202
25203
25204
25368
25425
25504
25585
25781
