320
324
387
446
925
1003
1036
1126
1838
1856
1978
1981
2008
30735
2166
2204
2229
2251
2646
3029
3063
3703
3818
3837
3853
3861
31145
4004
31159
4021
4180
4227
4826
31322
5776
5820
6392
6411
6592
7389
7400
7465
7615
8071
8292
8291
8375
8522
8620
8861
9113
9200
9310
9395
9653
9693
9695
9768
9769
32471
9880
9938
9969
10144
10554
10573
32682
11038
11474
11560
11612
32824
12071
12100
12111
12185
12236
12591
33178
13074
13218
13275
13366
13461
13480
13544
33399
13694
33448
13874
13938
14031
14052
33497
14137
14158
14336
14405
14785
14828
14900
14947
15194
33750
15350
15352
15435
15620
15713
33881
16199
16218
16285
34080
34205
17056
17367
34306
34516
18346
18704
18876
18963
19176
19912
20103
20104
35045
35214
35240
21175
21200
21220
21222
21230
35349
21398
35360
35365
21628
35423
21675
21689
35449
21800
35492
21860
21896
35515
35516
21897
21898
21899
21900
21901
22004
22046
22146
22276
22277
35702
22561
35705
22767
22918
23140
23342
23353
23389
23576
23874
23955
36010
36015
24023
24036
36081
24246
24633
36245
24776
24794
24815
24876
36406
25321
36444
25479
25619
25647
25947
26056
26687
26897
26898
27288
27441
27575
