497
615
743
742
1229
1293
1416
1641
1704
30749
2256
2649
3107
3303
3455
3696
4197
4393
4481
4535
4596
6180
6201
6360
6728
7405
8030
8192
32180
32225
8619
32226
8923
9617
32643
11062
12132
12138
12234
12314
33205
12933
12934
12935
13350
13351
33336
13352
33337
33345
13356
13359
13360
13361
13362
13363
13368
13370
13371
13374
13386
13602
13894
13895
13914
13918
13928
33477
33513
14474
14585
33751
15251
15528
30304
33820
33821
15604
15839
15976
16388
16453
18246
18706
19608
20104
35290
21247
21341
21392
21587
21588
35413
22151
22857
35798
23041
23604
23605
23799
24940
25181
25293
25368
25477
26017
26114
27072
37068
