30333
30334
296
570
1078
30543
30580
30581
1685
1731
30663
2006
30701
2033
2037
2035
2036
2255
2281
2289
2302
2305
30760
2307
30762
2310
2317
2320
30763
2322
2323
2727
2769
2890
3061
3373
3738
3739
4040
31167
4064
4075
31194
4850
4853
4904
31378
5290
5339
31391
31392
31393
5406
5444
5447
5476
5486
5487
5489
31438
5539
31454
5583
5584
31495
31493
31492
31499
5892
5962
31557
31559
6174
6350
31753
6612
31774
6695
31780
31788
6909
6952
6953
6954
6955
6974
7314
31967
7412
32010
7628
7
7629
7631
7632
7633
7637
7638
7639
7641
7642
7646
32013
32014
7650
7652
32016
32017
32018
32019
7657
7681
7690
7691
7692
7693
7694
7695
7696
7697
7699
7700
7701
7702
32030
7710
7711
7712
7713
32035
7716
7723
7724
7725
7727
7728
7729
7730
7733
32039
7736
7737
32040
7739
7740
7741
7756
7757
7942
7943
8084
8165
32120
8566
32256
32275
32276
32286
32317
32415
32416
32456
32463
9935
10722
32767
11508
11509
11515
11516
11520
11522
11542
11549
11562
32797
11568
11583
11590
11591
11619
11778
11779
32961
11780
11789
11796
11828
32984
11851
11852
11874
11898
11899
33010
12205
12468
12474
12593
12603
12604
12605
12606
12607
12608
12609
12610
12711
12818
12843
13013
13044
13124
13156
13162
13273
13281
13287
13327
13580
13599
13773
13774
13775
13776
13777
13778
13779
13780
13781
13782
13783
13784
13785
13786
13787
13788
13789
13790
13791
13792
13793
13794
13795
13796
13797
13798
13799
13800
13801
13802
13803
13804
13805
13806
13807
33470
14001
33501
33543
14600
14629
14630
14656
33765
15420
15458
15494
15504
15565
15629
15805
16013
33943
16120
16121
16122
16124
16135
16299
16404
16489
16494
16653
16777
34153
16969
16984
16985
17065
17364
17398
34294
17479
17505
17511
17517
34319
34325
34334
17582
17583
17584
17596
17600
17642
17667
17690
17698
34376
17718
17720
17721
17778
17779
34410
17860
17930
34442
34444
34446
17980
18077
18079
34482
34486
18148
18195
18231
18243
18277
18311
18470
18628
18730
18733
18741
18742
18743
18744
18772
18788
34685
18833
18835
18879
18912
18974
34733
19074
19202
34804
19203
34805
19204
19211
19238
19250
19300
19301
19310
19311
19321
19337
19373
19381
19394
34875
19540
19564
19594
19653
19722
19762
19865
34963
19907
34970
19908
19909
19910
19911
20007
34989
20035
35016
20157
20158
20159
20160
35026
20297
20308
20311
35068
20471
35146
20667
20695
20784
20858
20912
20949
30308
35219
35220
20950
35227
35228
20975
35238
35239
35240
35251
21115
21223
21405
21406
35360
35367
35384
35420
35421
21670
21731
21848
21873
35505
21982
35566
35570
35581
22376
22378
35775
23002
23135
23258
35837
23500
35931
35955
24409
24722
24747
24818
36308
25125
25148
25161
36406
36407
36409
25389
36431
25422
25423
25424
25461
25462
25463
36445
36446
25465
25466
25502
25552
25818
25819
27500
