3118
3394
31128
4943
6041
31567
6312
31886
7413
8047
8087
8090
8093
8094
8171
32419
9557
9559
32420
32421
9970
9971
9972
9973
9974
32702
12615
13148
15216
15498
16221
16309
16805
16806
16807
16808
16809
16821
17984
17987
34454
34479
18088
18180
34543
18551
18550
34634
18590
18637
18639
18689
34663
18853
18856
18868
18886
19220
19295
19656
19783
20011
20012
20496
35094
20793
20817
20988
21084
21092
21094
35271
21436
22939
23362
23361
23416
23415
23414
23826
23827
23828
23829
23830
23831
23832
23835
23836
23837
23838
36026
24919
25143
25285
25925
25926
27436
