2042
30704
3072
3691
6359
7381
8100
8551
8552
8631
8661
8819
8987
32293
9272
9539
9674
9675
9676
9677
9678
9679
9680
9681
9682
9797
32472
9867
9982
10035
10080
10081
10178
10197
10603
10789
10958
11972
12399
33104
14509
15209
15208
15210
15358
16279
16289
16762
17499
17500
17501
17502
17538
17708
17709
17710
17711
17712
17713
17714
17715
17716
18312
18371
18376
18377
18380
18442
18599
18923
19265
19288
19322
19388
19398
19403
19408
19853
19986
19987
20132
20174
35037
20341
20355
20675
20684
20685
20900
21108
35372
21542
21676
22553
22554
22555
22574
23037
23111
23922
36053
24296
24460
24461
30306
27347
27348
36756
27350
27351
27352
27353
27354
27355
27356
27357
27358
27359
27360
27361
36757
36758
36759
27362
36761
27363
27364
36762
27365
36763
27366
36764
36765
27397
