30326
85
84
96
97
108
109
149
114
129
128
131
130
140
141
157
156
163
162
165
164
170
192
191
202
201
210
212
211
213
214
225
30347
301
310
313
315
318
339
340
354
385
386
523
539
1178
1184
1203
30482
1204
20
1208
19
1213
1218
1225
1226
30487
2583
2617
2618
2843
3024
3142
3291
3411
5939
5947
6058
6155
6245
6260
31668
7143
31943
8062
36
8650
8819
8936
9317
10744
11895
12027
12039
12123
12584
12685
33219
13505
13697
14248
14252
14684
14696
15452
15483
16804
34465
34468
18805
35314
21331
21390
21525
22606
22626
22744
23029
23250
23907
36200
36307
25365
25366
25367
25488
20
1208
19
1213
1218
1225
1226
30487
2583
2617
2618
2843
3024
3142
3291
3411
5939
5947
6058
6155
6245
6260
31668
7143
31943
8062
36
8650
8819
8936
9317
10744
11895
12027
12039
12123
12584
12685
33219
13505
13697
14248
14252
14684
14696
15452
15483
16804
34465
34468
18805
35314
21331
21390
21525
22606
22626
22744
23029
23250
23907
36200
36307
25365
25366
25367
25488
