68
69
70
71
88
89
256
334
344
350
359
365
374
387
400
437
452
688
773
895
915
920
935
948
955
1022
1120
1350
1353
1354
1660
2044
2175
2202
2389
2868
2869
2871
2912
30974
3072
3314
3320
3403
3552
3559
3701
3707
3826
31132
31133
26
3903
4226
4545
4783
31416
5429
5795
5868
5937
5938
6029
35
33
34
6543
6544
6735
6768
31822
7029
31972
32002
7548
7549
7550
7955
8004
8005
8113
8114
8115
8219
8276
8320
8381
9079
9114
9318
9759
9762
41
9775
9782
9998
10644
10649
10656
10705
11135
11351
11965
12003
12194
12393
12689
12701
12774
12775
33197
33399
13627
13759
13878
13915
14064
14335
14498
14535
14536
14827
15076
15393
15431
15672
15840
15958
16094
16157
16964
34516
18230
18362
18480
34660
34767
34793
21412
21800
21937
22320
22571
22622
22627
22918
23060
54
35853
23671
23967
23997
24218
24506
36179
36182
24648
24698
36245
24781
24834
36289
25101
25256
25259
36412
25684
25797
27079
27141
27168
27281
27379
27514
