28158
28325
28379
28476
28546
28799
28859
28866
29075
29345
29203
29282
29308
18052
29376
29395
29421
29434
29420
29500
29546
29527
29566
29672
29754
29780
29828
29892
30031
30112
30144
30176
30113
30177
30219
30332
30258
30256
30295
30333
17068
30483
30482
30594
30443
30646
30706
30895
30899
30968
30896
30897
30898
31128
31286
31049
31051
31205
31377
31285
31284
31287
31478
31283
31480
31934
31693
31809
31695
31694
31810
32058
31807
31811
32206
32207
32377
32059
32375
32549
32376
33292
33075
32884
33533
33293
33294
33759
17847
34024
33760
33528
34020
33529
33532
34026
33790
34017
34023
34018
34019
34292
34290
18470
34905
35222
35223
35224
35226
35577
35575
35220
35579
15310
36388
35954
35574
18509
26799
26918
26023
36387
35957
37879
36394
36819
36822
16254
26941
36827
26155
36826
36389
22323
36825
36386
25270
20451
36385
16976
28083
19698
26270
37331
37333
25966
18047
37330
38465
26863
39130
38459
39913
39131
22629
37873
16205
25195
24929
39908
39915
39905
39911
39123
25319
39124
25336
39120
39126
18295
40761
18505
40762
40763
40751
40749
41713
40753
40754
40750
41710
41726
41721
41727
41723
41728
41724
42599
41729
41716
43315
43313
42600
42590
42598
42593
42595
43307
43308
43312
