28161
63865
63896
64058
64105
64143
64238
64268
64286
64340
64415
64506
64605
64604
64653
64647
64708
64714
64741
64786
64807
64819
64847
64859
43996
64933
64997
64986
65132
65180
44203
65198
65270
65264
65356
65532
65569
65477
65478
65585
65657
65679
65594
65584
65613
65622
65738
65749
65766
65797
65796
65919
65947
65912
65999
65911
66019
66024
65998
65959
66026
66047
66099
66175
66182
66200
66201
66231
66358
66255
66290
66422
66248
66291
66417
66569
66567
66649
66817
66897
66730
66821
66848
65149
67159
66939
29698
67319
67023
67137
67115
67091
67292
67639
67471
67347
67689
67587
67582
67898
67638
67795
68117
67759
68059
67813
67818
67903
67915
68027
67902
68155
67964
68058
68083
68147
68332
68179
68509
68259
68356
22778
68411
68430
68578
68469
68695
69203
68753
68855
69158
68848
68854
46462
68944
69375
68945
69662
69048
69602
69512
69122
69546
69274
46677
26981
69411
69810
70081
69828
70118
69553
69284
69516
70219
69542
69652
70244
70563
69665
69787
69834
69831
31416
69835
69866
70714
70406
70100
70069
70196
71157
70246
71105
70407
70445
70403
70952
70557
70670
70693
70692
47741
71085
71086
48430
72825
71555
71342
71333
20905
71530
71546
71529
72521
71474
72608
72062
71795
71805
71985
72335
73243
48555
74610
72317
72603
74669
72600
71473
72907
72980
73683
72979
74271
73235
74667
33978
72896
73118
73236
73238
73239
74270
73941
73553
73573
73606
73607
74262
73574
74279
76595
75755
73942
73896
76132
73967
74222
73839
76279
74250
74049
74221
74220
50204
74886
76853
74826
74634
74635
75099
75212
34977
75719
76029
75736
76259
78898
77539
77242
80935
77303
80037
52490
25830
87407
78163
78452
78322
16295
18041
85923
78930
82523
82525
83702
85544
25882
90260
87834
79755
85264
79836
79714
80804
80803
81183
80040
80289
85961
87888
80842
91207
81110
87832
90599
24619
88299
84177
82492
88300
83629
83982
83987
84039
98318
85212
94927
83573
84038
90640
85265
90730
94365
94928
98319
88230
88240
88232
91030
94851
91114
91214
91118
91272
91273
94959
94854
94921
94852
