65849
65829
65875
65983
65877
65945
66038
66062
65981
65982
66009
66039
66060
66063
66242
66093
66095
66158
66188
66213
66212
66187
64779
66211
66333
66243
66402
66269
66300
66367
66301
66331
66546
66332
66334
66401
66368
66400
66399
66441
66503
66547
66796
66642
66641
66643
66646
66710
66841
66920
66797
66798
66799
66840
66875
66919
66921
66962
66963
66964
67016
67071
67231
67128
67070
67550
67504
67130
67181
67229
67282
67281
67284
67279
67283
67389
67390
67332
67334
67392
67387
67388
67446
67441
67442
67606
67502
67608
67443
67444
67503
67607
67555
67552
67553
67551
67659
67662
67658
67663
68218
68217
67719
67722
67723
68223
67720
67725
67727
67724
68288
67781
67784
67783
68224
67921
67846
67852
67853
67855
67856
67848
68369
67854
68368
67999
67995
68000
67996
67997
67998
67993
67994
68072
68610
68615
68136
68221
68220
68225
68135
68289
68138
68139
68137
68140
68141
68215
68219
68284
68290
68798
68367
66061
68371
68372
68446
68445
68448
68449
68541
68539
69101
68709
68609
68611
68612
68614
68710
68794
68796
68799
68800
68890
68893
68888
68891
68892
68997
68998
69096
69098
69103
68993
68994
68995
68999
69099
69221
69229
69225
69333
69222
69223
69224
69226
69227
69220
69228
69329
69331
69337
69338
69334
69340
69332
69341
69476
70038
69473
69477
69470
69471
69475
69627
69626
70035
69628
69752
69753
69757
69758
69759
69893
69755
69760
69891
70040
69895
69894
70485
70177
70034
69890
70031
70175
70304
70172
70840
70320
70315
70174
70316
70310
70311
70317
70319
70308
70322
70478
70479
70482
70484
70480
70650
70643
70647
70642
70657
70659
70651
70646
70658
70648
70652
70654
70656
70842
70844
70841
70855
70845
70849
70854
67780
70856
70857
70848
71663
70847
71043
71040
71038
71046
71048
71044
71036
71045
71039
71047
71041
71042
71234
71241
71243
71239
71233
71236
71237
71238
71435
71443
71438
71442
71436
71439
71441
71423
71424
71434
72451
71421
71422
71431
71440
71426
71430
71437
71429
71433
71650
71428
71672
71654
71665
71647
71427
71639
71660
71671
71645
71656
71657
71668
71649
71658
71669
71670
71641
71651
71643
71644
71653
71664
71667
71648
71926
71662
71652
71917
71922
71923
71918
71924
71913
71912
71915
72164
71916
71908
72170
72182
71910
71911
72712
71909
72183
72189
72190
72174
72185
72177
72186
72450
73758
72187
72179
72188
72181
68889
72171
72191
72172
72178
72166
72180
72456
72448
72470
72449
72465
72455
72467
72469
73025
72459
72462
72464
72710
72454
72472
72463
72733
72474
72721
72711
73023
72732
72714
72725
73026
72709
72720
72722
72724
72730
72723
72713
72717
73027
72719
73028
73060
73030
73022
73033
73053
73055
73058
73052
73031
73394
73032
73049
73024
73056
73057
73040
73414
73390
73034
73037
73050
73042
73397
73046
73036
73044
73763
73412
73051
73041
73410
73420
73403
73413
73389
73405
73417
73418
73043
73419
73769
73766
73407
73408
73395
73398
73411
73776
73409
73740
73754
74111
73759
73751
73761
73778
73779
73739
73771
73781
73742
73765
73773
73743
73774
74113
74114
73768
73752
73762
73780
73753
73764
73772
73782
73756
73744
73749
74098
73770
74141
74134
73767
74137
74116
74108
74112
74135
74096
74105
74097
74129
74147
74140
74144
74136
74106
74115
73760
74120
74133
74094
74142
74107
74138
74131
74139
74110
74132
74128
74103
74095
74122
74520
74125
74145
67475
74100
74119
74150
74121
74555
74148
74531
74532
74104
74146
74099
74118
74102
74516
74545
74507
74547
74521
74549
74522
74523
74557
74565
74542
74975
75010
74988
74989
74990
75024
74973
75007
75021
75022
75023
75002
75006
75026
75017
75027
74992
75441
75429
75474
75452
75426
75439
75440
75407
75473
75410
75451
75423
75453
75455
75464
75467
75422
75398
75468
75957
81644
75952
77863
75963
75969
75971
75972
75956
75994
75934
75954
75977
75985
75961
75932
75996
75997
76476
75975
76456
75986
76472
76509
76510
76532
76496
76524
76463
76492
76535
76508
76538
76480
76485
76487
76477
76521
76453
77185
76462
76471
77180
77181
77183
76457
77187
77189
77174
77175
77177
77194
77179
77166
80632
77199
77848
77904
77087
77146
77819
77163
77098
77847
77117
77091
77857
77092
77828
77896
77934
77104
77877
77107
77881
77942
77853
77915
77917
77887
84608
77860
77889
77094
77871
77902
77817
77854
77886
77924
77931
77893
77932
78641
77937
81724
78636
77832
77883
78579
78682
78642
78675
78618
78672
78590
79379
78594
78722
78656
78627
78628
78706
78629
78707
78586
78632
78709
78712
78715
78686
78663
78703
78574
78666
78670
79372
78598
78702
79367
79400
79368
85012
79488
79426
79494
79438
79487
79425
79385
79477
79442
79510
79444
79459
79406
79480
79546
79417
79451
79513
79516
79496
79533
79503
79478
79538
79448
79512
79549
79473
80473
79436
79476
79396
79534
79407
80459
79526
80419
80437
80634
80386
80507
80611
89904
80613
80436
80524
80562
80599
80442
80501
80503
80541
80604
80418
80606
80557
80589
80519
80561
80488
80616
80496
80497
80530
80572
80603
80582
80593
80529
80563
80626
80565
80602
80456
80539
80581
80467
80472
80435
80591
81630
80551
80514
81637
81707
81614
81649
81568
81762
81832
81843
81608
81617
81864
81770
81626
81797
81589
81673
81593
81605
81718
81645
81669
81618
81671
81781
81690
81600
83150
81845
81855
83015
83018
81580
83370
81727
83190
83199
83312
83348
83353
87100
83362
82982
83048
83266
83095
83050
83125
83209
83001
85001
83075
83159
97088
83029
83192
83261
83360
82979
83042
83110
83194
83264
83114
83367
83307
83368
83052
83009
83218
83324
83243
84798
83217
84659
84937
84595
84780
83191
84606
85155
84632
84974
84648
84694
84811
84815
85138
85143
85090
84678
84782
84683
85107
89276
84692
84981
85124
84658
84968
84933
84820
84831
84833
84891
84964
85100
84835
84898
84643
84801
84840
84914
84916
84982
89528
84938
84781
84834
84893
84846
85136
87135
86813
87280
84887
86892
86609
86632
89445
86692
87257
86623
86920
87189
86742
86932
87040
89411
86946
87065
87200
86978
87233
86606
87243
89494
86724
86895
87022
89294
89539
86644
86844
89072
90051
86604
86860
87237
89726
86974
87094
87229
87287
89050
89234
89307
89447
89653
86648
87305
89670
86653
86985
87119
87340
89470
89780
88992
89106
89199
89278
89377
89801
89910
89292
89019
89293
89824
89967
89045
89840
97214
86839
89150
90012
90099
89315
89567
89857
93552
89619
90011
89754
89849
89154
89262
89464
93391
89183
90052
90127
89372
89698
90162
88997
97158
89383
89505
89807
89948
89130
89220
90074
92218
89231
89111
89501
89612
89720
90063
89012
89112
92415
89745
90086
93107
93195
93121
93538
89769
89324
89686
89216
93035
89219
89614
92717
93158
89618
93337
93527
97208
92748
93348
89555
93360
90110
89569
93227
89609
93015
93469
92162
92694
93471
89723
92391
93297
89131
93528
97055
92258
92642
93202
92978
97135
92596
92830
97139
97180
92238
92940
92428
92504
92979
92421
97060
92262
93135
93226
92649
92772
93140
95937
96528
92324
92435
93141
93245
92339
92468
93148
93293
92869
93480
93797
96020
92893
92637
92958
92601
92859
92190
92626
93067
93608
92743
93077
93161
93803
96932
92433
92592
96858
96969
97004
92479
92627
96136
97053
92495
93828
96503
92749
92579
93877
96956
93599
93664
93856
96375
96636
96776
96885
93719
96421
96848
97573
93777
96009
92476
96281
97675
96628
96775
95810
97503
95832
96169
96394
96205
97872
95754
95999
93604
96575
96861
97369
93633
95805
95807
96329
97494
96153
96520
93666
93859
96800
97258
97856
93693
96405
97415
96233
96530
97919
98116
95785
96491
97301
97441
97461
97610
96317
96271
96500
96613
96755
98127
96501
96619
97371
98020
96526
97543
96834
97563
98082
96751
95799
97485
97396
97221
97408
97830
97411
96745
97300
97585
97945
98117
96874
98032
97962
98051
97422
98031
