30326
235
315
319
404
407
426
435
814
971
30462
1152
1180
1199
1201
30480
30481
1205
1207
1208
1209
1211
30483
1213
1215
1340
1351
1917
30743
30805
30937
3013
3142
3187
3411
3738
3739
31115
6204
6720
7375
7455
7457
8102
8328
8339
8637
9075
9076
9077
9545
9546
11861
12854
13171
13304
15172
15448
34029
16421
16422
17029
17030
17768
17983
34517
19177
34838
19581
19961
20035
20166
20167
20853
21208
21248
23437
23516
23627
24034
24332
24345
24453
36260
25651
27303
9545
9546
11861
12854
13171
13304
15172
15448
34029
16421
16422
17029
17030
17768
17983
34517
19177
34838
19581
19961
20035
20166
20167
20853
21208
21248
23437
23516
23627
24034
24332
24345
24453
36260
25651
27303
