645
1028
30426
1059
1060
1323
30520
2401
2475
30937
2998
3014
3186
31026
31030
4025
4117
4200
5484
5597
31527
31584
6124
6267
6266
6528
31723
6680
31849
7399
31997
7525
7527
32163
8364
32164
8365
32191
8531
8538
9124
9214
9573
32435
9726
9890
32499
32500
9891
10224
10256
10312
10323
10355
10375
32598
10431
10440
10439
10565
10697
10714
10715
10792
32664
10906
11001
11004
11022
11038
11041
11051
11135
11257
32753
11489
11497
11560
11862
12635
12636
33183
12919
13078
13543
13547
13548
13549
33435
33434
13770
14257
14374
14377
14587
14588
14932
33728
15137
15329
15330
15361
15421
16472
16473
34090
34118
16759
34127
34137
16837
17044
34206
34207
34208
34209
17069
17367
17409
17706
17748
18775
19485
19570
34894
19650
19658
19659
19662
19663
19664
19665
19666
19667
19668
19669
19670
19671
19673
19674
19676
19677
19678
19679
19680
19682
19683
19684
19685
19687
10256
10312
10323
10355
10375
32598
10431
10440
10439
10565
10697
10714
10715
10792
32664
10906
11001
11004
11022
11038
11041
11051
11135
11257
32753
11489
11497
11560
11862
12635
12636
33183
12919
13078
13543
13547
13548
13549
33435
33434
13770
14257
14374
14377
14587
14588
14932
33728
15137
15329
15330
15361
15421
16472
16473
34090
34118
16759
34127
34137
16837
17044
34206
34207
34208
34209
17069
17367
17409
17706
17748
18775
19485
19570
34894
19650
19658
19659
19662
19663
19664
19665
19666
19667
19668
19669
19670
19671
19673
19674
19676
19677
19678
19679
19680
19682
19683
19684
19685
19687
19690
19691
19692
19693
19694
19695
19697
19698
19699
19700
19701
19702
19703
19704
19705
19706
19707
34923
19709
19710
34924
19711
19712
19713
19997
35028
20491
21266
21303
35333
21334
21845
21846
22337
35668
22522
22594
23240
35842
23316
35854
23376
35892
23518
23606
23608
35945
24086
24441
36292
36351
25508
25647
25870
36579
26233
26248
26279
26280
26510
26577
36681
26646
26653
26688
26744
26840
26924
26997
27365
27366
