45622
45704
45668
45738
25414
45812
45777
45852
45851
45962
45907
45850
45961
45908
46061
46060
46118
46119
46117
46179
46120
46176
46177
46181
46295
46178
46238
46180
46237
46236
46294
46441
46239
46293
46360
46513
46361
46442
46444
46440
46443
46589
46514
46754
46753
46663
46750
46838
47134
46664
46834
46752
46836
46946
46751
46943
46944
46835
46837
46945
47039
47241
47040
47042
47037
47038
47041
47035
47036
47129
47130
47239
47132
47240
47131
1244
47236
47234
47351
47235
47237
47238
47353
47471
47740
47602
47352
47468
47595
47466
47744
47467
47593
47591
47597
47599
47600
47746
47598
47743
47594
47741
47596
47745
47592
47747
47742
48053
47898
48054
48051
48057
47899
48215
48210
48220
48056
48217
48221
48371
48218
48374
48213
48219
48211
48377
48214
48376
48212
48208
48373
48209
48743
48375
48370
48555
48749
48372
48558
48740
48559
48734
48557
48551
50317
48937
48552
48553
48735
48554
48736
48738
48731
48733
48745
48739
48732
48744
48940
48748
48742
48946
48939
48941
48950
48936
49181
48942
48943
48945
49182
49192
48947
48948
49432
49188
49180
48944
48938
49193
49187
49178
49423
49190
49191
49185
49186
49417
49184
49416
49426
49427
49428
49422
49415
49425
49418
49420
49429
49430
49413
49431
49686
49421
49424
49974
49684
49692
49701
49695
49696
49687
49698
49690
49703
49697
49986
49693
49688
49982
49702
49989
49993
49700
49683
49977
49978
49689
49699
49987
49685
51960
49980
49990
23380
50341
49984
49976
50334
49971
49981
49991
49973
50307
50325
49988
50327
50319
50311
50333
50315
50324
50329
50332
49994
50660
50320
50323
50326
50338
50339
50331
50340
50321
50672
50336
50309
50659
50676
50313
11743
50673
50316
50666
50308
50675
50318
51505
50312
50680
50306
50682
51068
50335
23420
50668
51045
50671
50679
50664
50674
51052
50667
50310
50665
50677
50670
50655
50669
50678
51056
50663
51076
51060
50658
51043
51065
51067
50657
11745
51044
50661
50656
51069
51053
51070
51062
51064
51524
51074
51040
51495
51049
51531
51061
51522
51071
23390
51959
51058
51077
51500
51973
51078
51054
51048
51057
51527
51499
51528
51051
51059
51966
23386
51042
51055
51072
23346
51525
51066
51517
51952
51514
51496
51075
51962
51511
51943
51494
51949
23384
51509
51950
51502
51974
51953
51523
51956
51515
51977
51516
51508
51521
51513
51934
23456
51504
51945
51968
51507
51963
23400
23484
51532
51503
52436
51506
51937
52031
51498
51938
51948
51519
52425
51947
52428
52449
51971
51939
51520
51942
52452
23422
52414
51935
51976
52416
23466
51965
52445
51944
51969
52409
51972
52431
51975
23424
52437
52447
52426
52448
51970
23447
52430
52441
52419
52442
52420
52443
23388
51967
52422
52446
52415
53050
52417
52439
52435
23404
23470
52418
23382
53039
52451
53055
57362
53038
52421
53031
1250
53065
23398
52411
11744
23482
52412
52413
53049
53057
53040
53059
53032
23407
53062
52450
53034
53063
53080
53048
53068
53041
53052
53045
53053
53077
53087
53066
53071
53061
53072
53035
53078
53037
53047
53671
53070
23472
53051
53046
53054
53026
53056
23402
53082
53073
23415
53683
53699
53081
53083
53084
53665
53660
53089
53703
53690
53705
53664
53691
53653
53707
23392
53085
53086
11717
53088
53673
53667
53680
53697
53669
23449
23436
53672
53652
53675
53706
53676
53693
23394
23492
53679
53657
53681
53688
53650
53654
53666
53694
53656
53698
23451
23431
53662
23460
53663
23348
23409
23462
23417
23396
23494
23496
23445
57249
23405
23478
28070
23486
23488
1248
23443
56231
23429
23437
22200
23474
23452
60052
23454
23501
23458
23498
23441
101447
23490
23464
23426
23427
23503
56213
23509
23480
23505
23507
23499
23476
23468
59878
23439
23413
101457
