63536
63566
63601
43356
28134
63615
63632
63652
28150
28163
63739
63769
63792
28188
63830
43495
63878
63901
43515
63915
63917
63932
43524
63955
28233
43538
28248
43550
64012
43570
28261
28269
28284
28152
64132
28291
28301
43654
43646
28308
28321
43685
28344
28341
64308
64329
28377
64404
28396
28429
64450
64482
28450
28477
28472
64546
64579
28495
28505
28510
28512
28530
64608
28545
28560
28571
43895
64739
28624
64757
28701
28697
28735
28742
64843
28745
28774
28807
28808
64979
28823
28826
65081
65104
65123
28858
28870
28871
65118
65172
28893
44143
28888
65199
28884
28901
28922
28918
28940
44233
44238
28958
44234
65378
44258
65352
65463
64383
44301
44300
28987
65618
65536
29048
44360
29077
65630
65659
65663
65631
44419
65767
65694
65704
29071
44448
29091
29102
65778
29112
29122
29161
29139
29176
29157
44587
29171
65959
66065
65954
65967
65969
65991
29198
29223
44664
29252
29240
66077
29266
29279
29280
44719
44722
29272
29287
44740
66292
29315
29324
44795
66356
44849
18052
66495
29374
66389
29439
66548
66414
66447
44817
66415
66465
66612
44838
29417
29431
29445
66494
39948
29456
44923
44929
66564
29471
29518
44987
29509
66621
29521
66711
44932
29560
66732
45071
29575
29609
66780
45168
29682
66847
29590
29656
29662
29612
66879
66931
29649
45149
45105
45180
66935
66929
45153
29685
66966
29704
29707
29730
29750
45308
29781
45185
29778
29760
29763
29771
45273
45393
45276
45255
45229
67237
29790
45305
29802
29841
29848
29805
29839
45361
29833
29856
29906
29910
67408
67452
67458
29962
67544
29995
29914
67515
29969
45559
29945
29971
29944
67598
67898
67589
67595
30046
30005
30002
30018
45535
30026
30023
30001
30054
30020
30088
67715
30091
30047
67712
30057
30041
67687
30108
67739
30128
67773
30076
67775
68288
30143
45669
30166
30090
30122
67846
30132
30182
22471
30200
45675
30244
30140
67882
30207
45732
45742
68017
30235
30234
68028
68119
30323
68495
30324
30305
68488
68078
68156
68177
30389
30320
30366
45968
68503
68664
30440
30372
68334
30437
68418
68442
30408
68397
68399
68483
46070
68544
46031
68433
46121
30406
30466
46125
46080
30513
30811
46126
46142
30679
68649
46313
30719
46237
68749
30544
30583
68796
30624
30573
46240
30611
30612
30606
30731
30820
46336
30640
30815
68982
30654
30671
30755
69000
69092
69422
30734
69020
30657
30937
30692
30718
30723
30940
30715
30776
46385
30735
69229
30872
46397
69055
31043
69225
46612
30817
69168
30786
46499
30821
30952
30967
31126
31036
30898
69489
46579
30849
30868
31145
46511
69676
30953
69323
69332
46564
69267
46669
22780
31059
30848
46609
17072
69421
69557
30889
69423
70056
69518
46750
69514
31113
69528
30982
31159
69802
31190
69601
31461
69507
69692
69718
31141
31057
31169
31114
69653
31074
69725
31210
31162
69679
46972
31212
46914
31280
46950
31184
69907
31229
47068
70077
69896
69796
31275
31320
31201
46879
31547
47241
46979
31405
46822
69858
69801
69819
69826
69977
70049
46957
18403
31295
31422
47049
47041
69964
31480
31389
31519
31582
31793
31504
31513
31562
70060
47240
70161
31678
49296
31473
70214
18090
70264
47171
70265
31615
31483
70375
70376
31526
31538
70278
31556
70696
70425
31570
70220
31523
70210
47367
31881
70710
31796
47284
31735
31746
47251
31599
31551
47274
70494
47231
70354
31918
31780
31787
70518
31675
31682
31790
31886
71052
70538
70536
31756
47480
31942
32233
31844
31703
47352
31947
70682
47750
70748
70786
31865
31913
32023
70790
47440
31851
31781
31982
70706
31833
48076
70894
32142
32338
31707
32110
47802
32121
70884
70956
70873
47600
70914
71013
71044
31962
32017
71257
47771
71113
31963
32152
47743
32046
32305
32533
32139
47592
71152
32175
14769
32259
71241
32292
32193
32247
32509
32294
32381
32336
71111
32329
32335
32260
71292
32113
71339
47912
32257
48074
32445
71326
71333
32438
32342
32417
32309
32429
32512
32242
71515
32461
48068
48107
32517
71492
25166
32565
71657
32526
71618
71690
32638
71722
32838
32609
32648
71755
71938
74171
32431
48446
32844
71710
71712
32843
32849
72276
32812
72913
48253
32848
68424
32852
72007
72014
32658
32605
48511
71950
32675
32705
48363
72015
32657
72050
48439
32660
71991
32652
48749
72193
48555
32774
32922
72088
32663
32976
72265
48782
72268
48397
72417
72482
32975
48777
33226
32880
33264
48403
73098
72470
48570
72469
33480
33095
48564
72594
72356
48594
48839
33048
33053
33227
72598
33134
33262
25379
72570
32979
33237
33019
33158
33476
32984
48642
33272
48895
33434
33064
33382
33136
32961
33118
72630
33041
27982
48946
33318
72543
48817
48819
48820
49024
33405
49032
33433
72847
33368
48956
48962
49013
72995
33164
48758
33373
33501
34060
72971
33515
72816
51917
72910
33697
48990
72937
73166
15382
73310
33157
72773
33299
73430
33370
33760
33775
16173
16252
33951
49182
73118
50081
73338
34481
33626
33962
73156
73436
33871
49432
33506
73212
33893
33594
33641
73159
73151
49434
73398
34184
16066
49360
33994
49435
49456
33933
73574
35457
73785
73543
33837
33964
24137
73494
73743
34068
73587
73696
33873
33880
35364
73513
33849
34608
49729
73511
34084
34150
34635
49974
34146
34662
49613
73896
74169
35067
74784
74025
33811
34256
33821
34149
34257
34101
73967
49731
73970
34108
34217
49739
50058
74000
34005
74092
73851
34547
73957
74179
33855
34210
49986
50766
74227
15346
34110
74125
49995
50029
34107
74469
34226
34656
34456
49996
34356
50023
23344
49977
74476
34830
34972
34518
34114
34233
35309
34511
34978
35007
50341
34544
34812
34509
34762
50334
16311
34905
74777
74925
74988
17107
50324
34381
34856
74815
34384
34534
34358
35313
50329
74848
50243
50343
34480
50351
34731
74796
34378
35084
74797
50321
50382
34514
34633
34791
50138
17860
34448
74863
74688
74865
50375
35350
74605
26358
35644
35930
35055
50726
50666
34693
50313
51505
34600
34719
34836
34847
21805
75368
35487
50306
75538
17999
34795
25534
50816
35369
34961
51052
75175
34620
34876
35474
50703
26430
35498
16915
50727
75241
35816
75313
35026
35575
50689
51230
35208
35501
75564
34842
35520
36310
50658
35034
35203
35048
35216
50712
50717
34998
35473
35337
35706
50758
34929
35641
22350
52083
50568
75765
75783
35571
35481
35888
51668
50879
51040
35311
75956
22949
35838
36216
36327
51129
75998
35897
51163
34954
25092
25988
36306
35121
51134
16244
35383
51117
19774
76024
35711
36294
36296
37114
20624
35716
51246
76395
35510
75592
35782
35527
36225
51952
51706
35650
36299
36727
35430
52025
36127
14842
76318
25740
77790
35669
36034
51285
76171
76535
76203
76274
51567
51481
51953
76380
37113
51760
76868
36209
51515
51608
76577
76310
53201
36156
51586
51488
51588
76142
35742
16275
51288
51341
51665
36843
51479
36358
52438
76036
22561
52013
76119
35735
52456
36211
51610
52027
51540
51654
51546
51948
77180
25468
77243
53208
52449
51891
76407
25220
35695
51939
27274
36708
52064
23551
36173
36367
36194
16060
22425
52668
77175
35696
36214
36752
52039
52060
52416
18181
37879
27864
35984
51820
76863
36010
36736
52052
76586
76700
23003
76730
23041
26976
36421
52088
94040
16340
36483
53831
77380
77819
37032
36713
22365
52448
76846
52021
52552
77376
76962
36140
36724
36915
22367
37043
37046
77566
52561
77586
23913
36317
36538
77443
36146
36355
37431
37552
77255
77527
52464
36766
37031
37486
81724
77437
25438
36548
37235
77453
37070
52523
77749
36907
77755
37039
52534
52996
36935
52279
53034
52363
55501
52370
37059
52413
52512
77644
78157
77509
52554
53242
36971
53048
53286
77638
52711
52779
37094
26908
37267
20628
53133
53182
77420
53188
53071
53196
52903
53132
53235
78249
78275
18567
78301
37151
78097
78326
27205
78432
37053
53708
52829
53054
53338
53845
78153
78751
26317
26326
37238
78216
17890
37241
78911
15562
79612
53665
78154
53084
53805
53166
78982
23838
37500
79107
85923
19727
53342
53705
17056
37665
53117
37035
37440
79620
21541
26778
37181
53667
17819
26849
26889
18183
37436
37457
53635
78886
79180
78905
79234
25668
53542
53814
53920
79606
17950
53585
53742
78981
22376
53763
37329
23449
28065
53777
53420
53912
53727
53737
37323
53830
23659
37328
27115
53666
53764
53839
17133
37212
37788
53887
25274
23695
38319
37530
38716
37749
79977
23251
37575
37757
38298
42337
80315
22887
79160
37779
37943
38438
16283
38328
38456
16303
38331
79850
80541
27858
79901
37885
79918
54113
80797
20836
27058
22617
38815
79786
38149
38682
16955
22256
27325
37998
20458
80135
39335
22541
37562
38187
38016
38188
81181
39842
38969
37602
39095
37513
37654
37801
38470
38906
37741
81114
37566
37745
38997
38356
38967
39091
37777
38809
37360
37616
39457
37423
38178
38983
40780
25283
80728
39044
39242
38776
39711
21523
39593
37947
80924
81916
17832
39462
38009
38116
38735
39702
15409
39706
38976
39113
16931
38904
16088
41351
16323
37902
38140
38759
98322
38141
38572
39431
81409
38974
38088
81907
25248
38978
38113
40071
81112
38542
28031
38077
38214
80872
38424
80873
18068
38097
39460
81925
23501
38980
38533
39350
24963
25319
38740
81314
17103
26731
37919
28055
38143
38146
38643
40490
26900
39698
85462
98320
23083
38545
22288
40075
16219
88299
38027
38211
39707
39859
38079
38578
39266
40173
26165
39124
23490
22511
81967
39814
82830
40561
40389
40428
16081
41337
39196
40274
82684
40558
40368
40565
24899
39811
38964
40666
15739
40560
40139
39286
40464
40567
61147
39295
41892
40553
17087
41272
83762
39727
39898
39715
40212
39763
84450
41245
62018
39362
39424
39532
40109
39256
40699
39551
84087
41517
84408
40979
41210
39785
39465
41046
39512
41270
83676
40873
25420
41145
41762
59878
40261
40996
40650
41259
85500
40934
41109
41285
40744
41318
41527
39974
24950
39978
41083
40003
40876
40221
61838
40089
40686
41369
43281
85710
40877
39977
40028
40742
40614
40511
41242
39995
85517
86541
41563
85509
40013
40940
40961
88923
40881
40643
41871
87410
40862
41726
41415
41205
41780
89807
90266
42455
42573
88746
88886
42436
40888
42519
87598
40901
41341
42584
41728
41509
42080
41868
43331
42022
40936
42599
43323
90524
41838
90811
43319
42350
42448
42497
98235
42457
41934
42462
41741
41840
42335
42478
42958
91476
41792
41817
42005
42264
42933
43072
41823
90614
42061
90664
90686
41983
42071
42495
41986
42081
42121
42230
42123
42288
41837
91114
93719
42374
42663
43028
93978
42456
42667
42129
42137
42952
43239
42142
42316
42203
42632
42229
42003
42386
41904
42398
42063
42181
42600
41985
42442
42874
94015
42709
42598
41978
42434
42472
42841
43318
41852
42982
42394
43216
95092
42294
95155
42995
95171
42857
94447
42864
42712
95298
95522
98268
42856
94422
42644
94916
94942
42957
42936
94342
95503
