68
69
91
90
100
101
110
111
132
133
135
117
179
116
180
195
196
245
272
13103
314
335
355
421
425
463
30310
635
30399
790
910
1012
30430
30439
1077
1101
1120
1136
1140
1141
1162
1350
1675
30598
1856
2011
2111
30724
2139
2148
2184
2277
30759
30790
30800
2723
2808
2856
2857
2902
2905
2911
30924
30944
3017
3024
3067
3156
3292
3296
3298
31025
3307
3320
3511
24
3703
3732
3743
3744
3794
3855
3860
3892
31133
26
31155
4023
4024
4086
4118
4259
4545
27
4547
4645
4697
4918
5201
5230
31381
5307
5308
5406
31413
5433
5499
5589
31501
31503
5765
5788
5795
5797
5798
5803
5804
5810
5811
5822
5821
5823
5896
31548
5910
5911
5913
5915
5916
5922
5923
5924
5927
5928
5930
5932
6029
6092
31586
31613
6176
6179
6180
6217
6254
6303
31644
31648
6359
6408
2184
2277
30759
30790
30800
2723
2808
2856
2857
2902
2905
2911
30924
30944
3017
3024
3067
3156
3292
3296
3298
31025
3307
3320
3511
24
3703
3732
3743
3744
3794
3855
3860
3892
31133
26
31155
4023
4024
4086
4118
4259
4545
27
4547
4645
4697
4918
5201
5230
31381
5307
5308
5406
31413
5433
5499
5589
31501
31503
5765
5788
5795
5797
5798
5803
5804
5810
5811
5822
5821
5823
5896
31548
5910
5911
5913
5915
5916
5922
5923
5924
5927
5928
5930
5932
6029
6092
31586
31613
6176
6179
6180
6217
6254
6303
31644
31648
6359
6408
6491
6543
31728
31770
6663
6683
6714
6717
31832
31835
7236
7238
7281
7289
31959
31972
31976
7419
32001
7437
7440
7593
7594
7595
7612
7806
7938
7955
7967
8046
32108
8212
8218
32140
8254
8255
32141
8370
8374
8381
8553
8595
8596
8597
8598
8599
8600
8601
8703
8736
8885
8886
8986
9201
40
9202
32351
9207
9208
32382
9312
9326
9383
9385
9386
9387
9388
9423
9518
9683
9695
9703
9725
9903
10144
10506
10539
10552
10643
10644
10659
10763
10958
32713
11122
32925
32950
33014
11967
12021
12037
12073
12074
12075
12083
12127
12128
12139
33040
12236
12312
12379
12473
12563
33141
33161
12706
12775
33226
13063
13262
13340
33350
13386
13565
33399
13670
13722
13741
13761
13905
13924
13993
14031
14047
14052
14071
14136
14156
33515
14243
14348
14458
14459
33556
14479
33573
14605
14666
14676
14789
14797
33650
14871
14931
14945
14947
15168
15187
33751
33763
15331
15391
15392
15440
15451
15473
15511
15551
15611
15690
15692
33860
15694
15733
15743
33868
15759
15788
15829
15842
15843
15844
16096
16098
16162
33991
34101
34105
34125
17552
34329
17693
17838
17931
34464
34470
18035
18036
18037
18041
18044
18202
18208
18413
18575
18582
34667
34710
18922
19114
19276
34851
19421
34872
19565
19591
19725
19806
19940
19999
20007
20507
35097
20857
232
21028
21175
21341
21398
21485
21521
21693
21891
21906
21927
21944
21960
22032
35553
22096
22097
22125
22183
22320
22484
22744
23120
35818
35827
23251
35852
23376
23390
35882
23396
23478
23618
23620
35935
35943
35944
23689
23692
23946
23979
36010
23994
36015
23998
24050
24074
24135
24136
24147
24155
24170
24240
24426
24501
57
24535
24536
24538
36179
36180
36181
36182
36184
36186
36187
36188
36189
36194
36195
36196
36198
36199
36201
36202
36206
36208
36211
24555
24556
24621
24809
24832
24846
24922
24947
36304
25013
36315
25033
25068
36335
25091
25092
25095
25184
25236
25249
36402
25329
25434
25445
25486
25493
36458
25560
25572
36483
25660
25765
25766
25767
25768
26153
26154
26192
26193
26894
27274
36805
27511
