28123
28127
28145
28187
28208
28257
28265
28294
28304
28313
28398
28479
28514
28542
28584
28657
28686
28700
28722
28714
28742
28766
28833
28842
28865
28918
28926
28957
28988
29015
29027
29062
29073
29087
29074
29086
29097
29130
29142
29144
29168
29191
29215
29238
29213
29214
29226
29252
29253
29280
23080
29316
29409
29356
29315
29357
29339
29358
29338
29355
29373
29385
29408
29429
29387
29372
29445
29481
29558
29518
29519
29495
29540
29496
29537
29623
29555
29557
29559
29556
29625
29664
29624
29626
29666
29685
29665
29703
29730
29728
29729
29745
29776
29747
29823
29822
29851
29854
29855
29853
29849
29852
29885
29887
29915
29881
29888
29980
29914
29983
29947
29945
29946
29977
29944
29982
29943
29981
29976
30015
30095
30018
30019
30058
30061
30020
30098
30057
30205
30136
30162
30097
30096
30164
30244
30163
30206
30246
30288
30322
30321
30395
30320
30359
30529
30435
30434
30472
30475
30473
30582
30687
30747
30633
30583
30634
30944
30946
30688
30947
30746
31031
30875
30807
15312
30874
30945
31105
30948
30950
30994
31033
31176
31104
31103
31102
31174
31178
31257
31177
31256
31175
31179
31547
31258
18062
31549
31352
31438
31439
31776
31442
31354
31437
31901
31441
31660
31663
31661
31546
31777
31658
31659
31773
31769
31662
31771
31775
31767
31770
31903
16279
31772
32011
31768
31904
31900
32320
32161
32163
32019
32017
32169
32323
32018
32172
32324
32014
32165
32319
32170
32327
32480
32321
32173
32325
32171
32326
32317
32494
32493
32322
32499
32824
32653
14697
32648
32497
32818
32830
32833
32498
32812
32644
32811
33687
32645
32654
32649
32832
32652
33223
17851
33024
33226
33007
33022
33468
33227
33027
33230
33017
33019
33225
33469
33213
33463
33211
33460
33210
33681
33218
33467
33688
33464
33685
16953
33689
33944
33945
33942
33683
25408
33684
34501
34210
34211
16336
17973
17742
14949
35137
34795
25329
17981
26161
17127
15005
35461
36283
16901
36281
22325
16315
28105
16203
26341
36697
26795
22599
18902
26668
17979
26781
19915
16215
37222
18057
25499
26672
26710
19795
26236
28084
26770
25272
16295
37221
26752
17924
37223
18613
26108
17995
38310
14921
16238
26143
17001
16062
25133
15311
42409
16182
37734
38307
38308
38309
16153
17809
38952
22541
25369
27896
25120
22218
38949
26127
38953
38957
38946
38958
38950
38954
38955
16084
39690
39679
39680
39684
39689
39688
101335
39676
39677
18059
17093
17727
40520
40521
23010
40518
25078
40522
17062
39685
40519
40517
39674
25207
17965
39675
41489
40516
40515
42421
42416
42426
42418
42419
42411
42423
42424
42408
42415
42412
42414
43205
42422
42410
43211
43203
43173
43194
43175
43184
43185
43204
43206
43195
43209
43202
43174
43207
43188
43192
43200
43186
43187
