64998
65223
65323
65461
65682
66459
66774
66897
26289
66991
67043
67255
67480
67969
68184
68340
68419
68856
68763
68947
69050
68946
69172
69560
69688
69689
69968
70116
70414
26276
70572
70575
70961
71166
71163
71165
71162
72067
72066
26300
26302
26311
26293
73972
26306
73971
73973
25390
26291
74819
26284
26295
75748
75747
75746
26287
26280
76869
76874
76872
76870
84126
26278
26297
77579
78339
26282
26308
79110
80053
80054
26304
80063
80056
81203
81202
81204
82548
82553
82551
84129
84131
84133
84134
84132
84130
85993
101839
85990
101730
101838
101842
88338
88340
101841
88341
101829
101832
101831
101733
91253
91261
101836
91256
91260
101830
91259
101837
101835
