237
1294
30659
30703
2089
2135
2136
30741
30742
30807
2758
2765
2766
2995
30987
3362
31086
3750
3805
3836
31124
3965
4013
4035
31198
4422
31276
4835
4959
31339
5291
5477
5618
6017
6020
6163
6242
6267
31663
31708
6497
31712
6595
31852
31936
31956
8187
8305
8330
8431
8555
32239
32315
32314
32375
9607
32532
10031
10211
10331
11527
11808
12338
12339
12340
12341
12342
33085
33089
12700
33207
12815
33237
33236
13002
33257
33280
13290
13473
33409
13863
13910
33526
14616
14625
14645
14791
33681
33711
15069
33726
33727
15329
33919
16088
16131
16170
16171
16211
16212
33981
34013
16392
16393
16493
34135
34136
34144
34146
34147
34148
16824
17031
17070
34275
34300
34304
34322
34338
17609
17682
34396
17814
34415
34420
34430
34445
34457
34460
34530
34532
34541
18367
34584
34593
34626
18673
18714
18867
34704
34772
34783
19160
19161
34810
19211
19239
19240
34817
19271
8555
32239
32315
32314
32375
9607
32532
10031
10211
10331
11527
11808
12338
12339
12340
12341
12342
33085
33089
12700
33207
12815
33237
33236
13002
33257
33280
13290
13473
33409
13863
13910
33526
14616
14625
14645
14791
33681
33711
15069
33726
33727
15329
33919
16088
16131
16170
16171
16211
16212
33981
34013
16392
16393
16493
34135
34136
34144
34146
34147
34148
16824
17031
17070
34275
34300
34304
34322
34338
17609
17682
34396
17814
34415
34420
34430
34445
34457
34460
34530
34532
34541
18367
34584
34593
34626
18673
18714
18867
34704
34772
34783
19160
19161
34810
19211
19239
19240
34817
19271
19348
19359
34852
34856
19436
34890
34895
19572
19596
34929
34930
19766
19797
19830
34954
34958
19889
19899
34974
35019
20168
20195
20236
35051
35061
35081
20555
20556
35136
35139
35145
35148
20710
35162
20752
20763
20764
35171
35172
20859
20860
35188
35193
35194
35196
35203
35243
21019
35281
26218
21207
21226
21245
35317
35417
21727
21852
21947
35567
35609
22374
22565
22695
35772
22974
23025
23256
23341
23661
23725
24309
24477
24673
25088
25241
25353
25377
25504
36456
36621
26240
26254
26346
36688
36721
27176
36748
36797
36939
37085
37093
