28223
28267
28310
28453
28730
28768
28769
28785
28814
28806
28827
28826
28839
28838
28847
28862
28872
28858
28871
28881
28876
28888
28887
28900
28916
28917
28936
29014
29080
29094
29279
14756
29597
29575
29616
29970
30130
30131
30090
30240
30463
30519
30464
30520
30736
30735
31084
25949
31240
31337
31370
31241
31424
31528
31526
31529
31745
31881
31986
17803
31985
32283
32452
32281
32282
32450
32451
32785
32784
19702
32976
32977
33401
33400
33173
25285
33172
33403
33640
33641
33890
22990
34159
34161
35067
34434
34160
34433
34158
34162
26167
35066
34743
34432
35070
34745
34742
35068
35071
35065
17887
35399
34772
17060
16281
35779
35401
16149
37114
25452
35782
35396
35394
35397
35400
37110
35393
36185
37113
37109
36192
37112
36191
16980
36193
35781
36595
36189
36183
23003
36592
36600
26805
16273
36599
26614
24873
25331
14723
18308
26662
26028
36597
18351
26130
18415
38814
25418
23090
17735
26253
37617
16927
38172
38815
37613
37610
37616
37620
38809
38819
38178
37618
39535
14999
38173
38180
26695
38182
38165
39539
38169
16899
39540
38816
38177
25990
25217
14742
17926
40351
18911
40349
41337
40353
40352
26928
40358
40346
22542
39532
39536
41332
42279
17744
41327
40357
41338
40347
16126
41336
23037
41341
42282
42268
42264
42262
42280
42261
42277
42260
43089
43091
