30326
260
265
315
474
563
600
667
739
760
30401
807
815
829
834
837
846
30411
848
854
855
859
1014
1024
1032
30432
30433
1061
1063
1062
1070
30435
1088
1089
30443
30451
1109
30452
1115
1125
30463
1142
1144
1146
1147
1154
1160
1161
1163
1165
1172
30469
30470
30472
1190
1198
1251
1255
1268
1277
1278
1290
1337
30529
1470
1472
1514
1546
1574
1588
1617
1620
1626
1633
1666
1673
30593
1706
1732
1733
1734
1735
1736
1737
1738
1739
30608
30609
30610
30611
30612
30613
30614
1761
30617
1764
1765
1772
1773
1775
1776
1777
1778
1779
1780
1781
1782
1783
1784
1785
1786
1787
1788
1789
1790
1791
1792
1793
1794
1795
1796
1797
1798
1799
1800
1801
1802
1803
1804
1805
1806
1807
1808
1809
1810
1811
1812
1814
30621
30622
30623
30624
1818
1822
30626
30627
30628
1825
30629
1826
1172
30469
30470
30472
1190
1198
1251
1255
1268
1277
1278
1290
1337
30529
1470
1472
1514
1546
1574
1588
1617
1620
1626
1633
1666
1673
30593
1706
1732
1733
1734
1735
1736
1737
1738
1739
30608
30609
30610
30611
30612
30613
30614
1761
30617
1764
1765
1772
1773
1775
1776
1777
1778
1779
1780
1781
1782
1783
1784
1785
1786
1787
1788
1789
1790
1791
1792
1793
1794
1795
1796
1797
1798
1799
1800
1801
1802
1803
1804
1805
1806
1807
1808
1809
1810
1811
1812
1814
30621
30622
30623
30624
1818
1822
30626
30627
30628
1825
30629
1826
1827
30636
1879
30656
1902
1905
1918
30666
1939
1950
1955
1957
1961
1981
1988
1998
2005
30698
30701
2035
2046
2068
30712
2074
2075
2078
2133
2154
2227
30740
2228
2232
2233
2235
2255
2282
2283
2285
2290
2291
2292
2293
2295
2296
2298
2303
30760
2309
2312
2313
2315
30768
2411
2480
2481
2482
2485
2531
2643
2666
30812
2698
30841
2710
2711
2721
2759
2796
2797
2799
30900
30910
2836
2863
2864
2865
2935
2944
30939
2946
2947
2956
2957
2977
3015
3025
30967
3035
30969
30980
30981
30982
30983
30984
3103
3110
3143
3144
3145
30991
3146
3148
3149
3150
3151
3168
3170
30998
3174
31000
31001
31003
3176
3179
3190
3191
3194
3195
3196
31008
31009
3200
3201
3202
31010
3203
3204
3207
3208
3209
3210
3212
3213
3216
3217
3218
31012
3220
3221
3222
3223
3224
3226
31013
3228
3229
3232
3233
3234
3235
3236
3238
3241
3242
3243
3244
31015
31016
3245
3246
3247
3249
3250
3257
3258
31019
31020
3259
3286
3394
3471
3472
31058
31061
3478
31068
31082
3669
3670
3671
3672
3673
3674
3675
3676
31089
3727
3731
3736
3737
3741
3776
3809
31121
3878
3879
3880
3887
3928
3969
4012
31158
31161
31162
31164
4049
4052
31174
4053
4054
4055
4056
4057
31178
31180
31181
31182
31183
31184
4060
4061
4063
4147
4155
4171
4201
4203
4204
4208
4212
4215
4216
4217
4218
4219
4249
4269
4272
4273
4276
4277
4281
4284
4285
31245
4286
4291
4299
4301
4304
31249
4305
31260
4346
4361
4367
4402
4405
4432
4438
31266
4510
4558
31277
4682
4711
4712
4737
4756
4758
31317
4912
4932
4941
4948
4949
4983
4992
4996
5068
5069
5111
5115
5118
5144
5193
5194
5311
5328
5330
5331
5333
5334
31390
5336
5337
5340
31391
31395
31396
31397
5344
31398
5348
5349
5352
5355
5356
5360
5364
5369
5370
5371
5377
5379
5380
5383
5384
5385
31405
31417
5492
5494
5538
31438
5539
31439
5547
5549
31445
5552
5581
5593
5619
5621
31467
5641
5642
5647
5648
5649
5650
5689
5697
5698
5699
5734
31491
5766
5767
5778
31530
5837
31531
5881
5901
5954
5962
31557
31562
31568
31570
6050
6053
6054
31574
6071
6099
6132
31604
6276
6281
6286
6288
6289
6290
31635
6310
31651
31652
6369
6397
6403
6413
31699
6433
6451
6472
6473
6474
6505
6535
6536
31726
6613
6617
31754
31755
31756
31757
31758
6677
6697
31777
6729
6735
6783
6789
6799
6808
6814
6934
6937
31872
6938
6939
6940
31873
6942
6969
6983
31885
6993
6994
6995
31891
7013
7015
7016
7035
7036
7038
7066
7067
7282
31956
7291
7324
7336
7383
31995
31996
7616
7618
7621
7634
7648
7660
7702
32030
7704
7738
32049
7778
7777
7781
7811
7812
7910
7932
32080
7962
32102
8196
32132
32133
32131
32134
32135
8236
8237
8238
8338
8343
8345
8346
8351
8398
32199
32200
8567
8707
8724
8725
8726
8815
8821
8822
8823
8824
8825
8826
8827
8828
8829
8830
8831
8832
8835
8894
32278
32279
9050
9051
9052
9053
9163
9212
32358
9225
32359
9372
9375
9379
9414
9424
32394
9450
9456
9457
9477
9478
32405
9479
9480
9481
9482
9483
9484
9485
9486
9487
9488
9489
9513
9550
9551
9552
9555
32419
32420
32422
9562
9563
9564
9565
9626
9627
9634
9641
9645
32449
32450
32452
9776
9893
32531
9992
32533
9995
10028
10042
10054
10084
10100
32564
32565
10116
10143
10148
10149
10152
10177
10180
10185
10198
10199
10215
10223
10250
10253
10256
10287
10294
10295
10308
10311
10319
10322
10350
10365
10384
10430
10438
10447
10450
10452
10460
10462
10464
32606
10475
10508
10541
10544
10590
10599
10665
10689
10699
10818
32670
10822
10837
10841
10844
10864
10868
10871
10878
10882
10892
10898
10904
10919
10956
10963
32697
32698
10978
32703
10990
10989
10991
11001
11008
11010
11012
11020
11021
11022
11025
11080
11095
11103
11110
11128
11143
11155
11157
11162
11166
11169
11175
11186
11187
11196
11200
11201
11214
11215
11216
11238
11245
11277
11278
11279
11280
11306
11310
11315
11329
11330
11332
11333
11344
11358
11369
11381
11393
11396
11400
11412
11429
11454
11463
11474
11480
11495
11512
11523
11525
11547
11549
11550
11551
11552
11553
11554
11555
11556
11557
11566
11585
11602
32816
11615
11672
11674
11675
11676
11677
11678
11679
11680
11681
11688
11706
11744
32923
11745
11746
11747
11753
11754
11755
11756
11757
11760
11778
11779
11784
32983
11841
11845
32985
11869
11880
11898
11911
33015
11948
12008
33032
12143
12144
12145
12146
33039
12152
12155
12165
12187
12259
12260
12261
12275
12315
12373
12464
12556
12597
12608
12610
33149
33182
12778
12779
33216
12818
12875
12896
12915
33242
12921
12922
12927
12928
12929
12953
13026
33289
33291
13158
33293
13163
33294
33295
33296
33297
33298
33300
33301
13176
13224
13251
33319
33320
13271
13272
33325
33328
13323
13477
13481
33364
13578
13694
13839
13849
13874
13937
13975
13976
13977
13978
13979
13980
13981
13982
13984
13988
14029
14052
33492
14077
14078
14079
14080
14081
14082
14083
14084
14085
14086
14087
14088
14089
14090
14091
14092
14095
14096
14097
14098
14099
14100
14101
14102
14103
14104
14105
14106
14107
14108
14109
14110
14111
14114
14115
14116
14117
14118
14119
14120
14121
14122
14123
14124
14125
14126
14127
14128
14129
14130
14131
14132
14133
14134
14143
14150
14153
14154
14155
14193
14259
14334
14362
14379
14406
14407
14421
14423
14424
33542
14506
14520
14521
14564
14565
14582
14590
14603
33593
14621
14650
14727
14742
14743
33618
14748
33622
14749
33624
14753
33639
14938
14940
14955
33657
15016
15026
15114
15176
15181
15206
15225
33759
33765
33769
15435
15516
15517
15599
15618
33849
15651
15665
15687
33859
15727
15732
15737
15774
15808
33883
15872
15908
15909
16003
33923
33925
16004
16005
16013
16014
16015
16022
16028
16032
16044
16049
16066
33947
16116
16120
16122
16136
16138
16139
16140
33964
16155
16163
16186
33970
16194
16195
16197
16201
16209
16215
16220
16253
16287
16292
16342
16354
16360
16440
16446
16454
16457
16470
34046
16512
16677
16678
16680
16682
34101
16685
16746
16756
16757
34128
34151
16817
16946
16971
17032
17043
17056
17368
17370
17373
17399
34287
17410
17419
17429
17432
34294
17433
17437
17443
17444
17461
17468
17470
34303
17491
34306
17496
17511
17553
17564
17565
34326
17584
34339
17604
17619
17630
17644
17647
17663
17666
34386
17753
34387
17805
34427
17861
17867
17878
17891
17926
17927
17948
17971
17978
18005
18050
18058
18073
18085
34483
18105
18106
18107
18108
18109
18110
18111
18112
34495
18113
18114
18115
18116
18117
34496
18118
18119
34497
18120
18121
18122
18123
34498
18124
18125
18126
18128
18129
34504
18130
18131
34505
18132
18133
18134
18139
18173
18188
18226
34531
18236
18243
18249
18253
18266
18280
34546
18313
18314
34548
18319
18339
34562
18418
18436
34598
18477
18483
18548
34645
18633
18666
18689
18695
18698
18719
18724
18761
18762
18780
18826
18841
18849
18863
18871
18879
18880
18908
18911
18912
18921
18956
18959
18962
34736
19067
19072
19073
19104
19112
34771
19146
19202
34805
19204
19216
19227
19234
19246
19258
19260
19302
19303
19305
19325
19326
19327
19333
34843
34844
19349
19366
19369
19372
19391
19405
34855
19427
19434
19440
19453
34872
34873
34874
19490
19495
19500
19552
19554
19556
19561
19568
19571
19587
34902
34903
19593
19594
19606
19623
19632
19634
19635
19649
19717
19742
34940
19763
19779
19803
19808
19811
19812
34949
19831
34955
19860
19859
19861
19875
19891
19897
19910
19913
19929
19935
19943
19944
19946
20032
20036
35015
20121
20122
35016
20125
20136
20139
20147
35026
20169
20170
20202
20209
35042
20221
20237
20246
20251
20252
35050
20311
20323
20327
35066
20357
20367
20370
20403
20404
20405
20440
20442
20470
20473
20494
35092
35093
20498
20518
20542
20548
20563
20570
20579
20580
20581
20582
20583
20584
20586
35129
35130
20636
20638
20639
20661
20662
20667
20688
20689
20703
20704
20707
20709
35164
20754
20764
20775
20779
20830
20862
20889
20890
20894
20896
20897
20911
35204
20919
20922
20938
20963
20964
20965
20966
20967
35237
20998
20999
21002
21026
21028
35250
35251
21052
21061
21086
21087
21088
21089
21104
21120
21121
21122
21126
21149
21157
21166
35290
21173
35295
21273
21281
21287
21289
21390
21393
21434
21498
35395
35396
35410
21638
35456
35457
35459
21780
21787
21788
21796
21813
21819
21825
21826
21833
21837
35496
21904
21914
35520
21938
21939
35527
35528
21964
22043
22044
22047
22048
22049
22051
22053
22057
35556
22058
35557
22071
22073
22089
22093
35569
22094
35568
22099
22100
22146
22147
22159
35617
22317
22321
22328
35632
22340
22341
22342
22343
22355
35634
22535
22551
22557
22583
22595
35709
22600
22601
22602
22603
22604
22702
22771
22794
22795
35741
35742
22796
22807
22808
22811
22812
22813
22814
35756
22875
22877
22904
22905
22936
22941
22955
22961
35781
22997
23021
23100
23146
35822
23175
23183
23197
23214
23278
23333
23334
23337
35850
23345
23346
23347
23348
23356
35859
35860
23360
23362
23374
23499
23649
23663
23706
35955
23752
23784
23815
23820
23826
23848
35976
23887
23891
23899
23900
23901
23904
23919
23920
23939
23972
23980
24035
24078
24085
36035
24185
24212
24222
24223
24251
24252
24296
36098
36108
36124
24371
24376
24387
36141
36144
24434
24435
24437
24440
24441
24445
24455
24495
24496
24523
24527
24563
24571
24579
24626
24627
24628
24629
24640
24738
24759
24760
36282
24887
24889
24890
24891
36299
24944
36301
24968
24969
24970
24982
25009
25026
25030
25067
36339
25117
36360
25175
25179
25200
25204
25212
25291
25292
36400
25306
25308
25309
25310
25311
25312
25314
25315
25316
25328
36411
25342
25345
25346
25378
25381
25392
25402
36435
25414
25415
25417
36437
25421
25431
25464
25505
25528
25638
25707
25752
36525
25755
25756
25759
25760
25762
36529
25789
25824
25837
36546
36547
25845
36551
36552
36558
25863
25864
25866
25867
36570
36574
36575
36577
25875
25877
25884
25887
36583
25962
25963
25978
25982
36592
36593
26004
26018
26019
26020
26025
26044
26049
26056
26061
26068
26080
26092
26112
26113
26115
26116
26117
26118
26119
26120
26124
26126
26129
26131
26146
26167
36634
26230
36639
36640
26246
26261
26276
26282
26287
26296
26301
26309
26311
26320
26332
26344
26354
26369
26392
26404
26415
26435
26450
26452
26454
26462
26463
26465
26477
26500
26509
26527
26529
26536
26537
26541
26549
26579
26615
26636
26641
36682
36683
26648
26651
26658
26669
26681
26719
26724
26730
26731
26740
26779
26796
26798
26809
26814
26815
26817
26842
26843
26844
26848
26855
26857
26859
26863
26873
26896
26897
26899
26913
26921
26930
26931
26934
26951
26952
26970
26973
26990
26996
27023
27024
27026
27041
36728
27063
27083
27088
27091
27093
27124
27129
27155
27173
27174
27175
27176
27178
27182
27183
27188
27189
27190
27193
27200
27233
27250
27254
27296
27364
36766
27398
27422
36782
36788
27443
27457
27531
27534
27535
27541
27544
27548
27553
27558
27566
27567
27570
27573
27575
27578
27579
27580
27581
27582
27593
27595
27604
27606
27607
27608
27610
27611
27613
27624
27632
27633
27637
27650
27653
27655
27671
27674
27675
27677
27678
27689
27706
27707
27710
27731
27740
27746
27753
27754
27755
27756
27757
27758
27762
27763
36817
27778
27795
27805
27806
27809
27810
27815
27818
27819
27821
27823
27830
27831
27834
27849
27850
36840
27911
36865
36879
27979
27993
28010
28061
36940
28117
36969
36970
28223
28239
28242
28255
28282
37003
37004
37005
37014
37015
28398
28399
28400
28457
28458
37046
28463
37050
28504
28505
37091
37092
28525
37116
28530
28533
28541
28549
28550
28552
28557
28558
28560
28565
37132
28567
37137
28574
28576
28577
28578
28579
28580
28586
28587
28589
28594
28595
28596
28597
28599
28600
28605
28607
28610
28614
28616
28617
28618
28619
28620
28621
37152
28625
28626
28627
37153
28628
28630
37155
28631
28632
28633
37157
37160
37161
28635
28638
28640
28642
28643
28646
28648
28649
28650
28653
28654
28655
37171
37172
28660
28662
37181
28667
28668
37182
28670
28673
28675
28676
28677
28678
28679
28680
28681
28682
37186
28683
37189
28684
28686
28687
28690
28691
28692
28693
28695
28699
37192
28708
28710
28712
28713
28715
28716
28717
28722
28726
28729
28731
28733
28734
28736
28739
28742
28745
28746
28751
28752
28753
28754
28755
28756
28758
28759
28760
28768
28769
28773
28776
37208
37209
28783
28784
37213
28788
28790
37214
37215
28798
28799
28802
28806
37220
37224
28811
28814
28817
28819
28820
28821
28822
37228
28825
28829
28830
28832
28833
28834
28835
37236
28836
28837
28840
28841
28843
28845
28853
28854
28857
28860
28862
28865
28866
28867
28868
28869
37238
28872
28875
28876
28880
28881
28882
28888
28890
28893
28895
28896
28897
28899
28900
28901
28903
37255
37268
37269
28911
28912
37270
28913
28914
37274
37277
28916
28920
28923
28927
28929
28933
37286
28935
37287
37289
28937
28941
28942
28943
28947
28949
37302
28951
28953
28956
28958
28961
37310
28964
28967
28968
37312
28969
28970
28971
28973
28974
28975
28979
28980
28985
28987
28988
28991
28993
28996
28999
29001
29003
29006
29008
29010
29021
37335
29023
29024
29026
29028
29029
29032
29038
37340
29041
29042
37344
29045
29051
29052
29059
29061
29075
29085
37361
29087
37364
29089
29094
29095
29096
37365
29098
29099
29100
29102
29103
37366
37370
29106
37371
29112
29114
37376
37377
29115
29117
29118
29120
29121
29122
29123
29125
29132
29134
37384
29136
37389
29140
37390
29143
29144
29147
29151
29155
29159
29161
29162
29163
37394
29164
29165
29166
29168
29172
29177
29179
37398
29184
29190
37401
37402
29191
29194
29195
29196
29197
29199
29200
29202
29205
29209
29210
29211
37406
29213
29215
29218
29222
29223
29225
29227
29229
29232
29233
29236
29241
29243
29244
29246
29247
29248
29252
29255
37413
29257
29259
29260
29261
29265
37416
29267
29269
29270
29271
29272
29275
29278
29280
29281
37417
29282
29283
29286
29287
29288
29292
29293
29294
29297
29300
29301
37424
29302
29304
29306
37429
29309
29316
37431
29317
29319
37433
29325
29328
29333
29334
29335
29336
29337
29340
29345
37438
29348
29349
29350
29351
29353
37439
29354
29357
29359
29360
29363
29366
29367
29370
29371
29372
29373
29374
29380
29381
29383
37443
29384
29387
29391
29393
29394
29398
29401
37446
29402
29405
29406
29407
29408
29409
29410
29411
29412
29413
29414
29415
29419
29422
29424
29428
29429
29432
37449
37450
29435
29438
37453
29442
29443
29444
29445
29446
29450
29452
29453
37463
37464
29456
29458
29459
29460
29461
29466
29467
29468
29471
29475
37472
37473
29477
29484
29485
29489
37486
37488
29491
37492
29495
29496
29498
29499
29502
29504
29505
29507
29508
29511
29516
29518
29522
29528
29535
29546
29547
29566
29571
29573
29574
29577
29578
29579
29580
29584
29586
29590
29591
29594
37507
29596
29600
29607
29608
29609
29611
37527
29612
29613
29614
29618
37530
29619
29620
29623
29625
37537
29629
29630
37540
37541
29634
29637
29638
29639
29640
29641
29644
29645
29646
29648
29650
29651
29657
29661
37545
37549
29667
29668
29670
29673
29682
29684
29685
29686
37553
29693
29696
29697
29701
29706
29707
29708
37562
29710
29714
37566
37567
37568
29721
29723
29725
29726
29727
29731
29732
29734
29737
37577
29742
29744
29745
29748
37580
29751
37582
29756
29757
29758
29766
29767
29772
37590
29775
29779
29781
29782
29784
29785
29787
29788
29790
29791
29792
29793
37597
29795
37598
37599
29797
29798
29799
29803
29810
29811
29812
29813
29815
29819
37606
29822
37609
29824
29825
29826
29828
29829
29831
29832
29835
37614
29837
29838
29839
37616
29848
29849
29851
29858
37619
29861
29867
29868
29869
29879
29882
29883
29885
29886
29890
29894
37635
37636
29896
29897
29898
29903
29904
29911
29912
29913
29916
37648
29918
29920
29922
37651
37652
29927
37654
29932
29933
29934
29936
29937
37659
29939
29940
29941
29944
37660
29947
37661
29949
37662
37663
29951
29952
29953
29956
29960
29963
29964
29967
37665
29969
29970
37666
29974
29975
29976
29977
29979
37669
29982
29985
29986
37674
37675
29988
37677
29996
29997
29998
37678
29999
30002
37682
37689
30008
30009
37691
30010
30011
30015
37694
30016
30017
30018
30020
30021
30023
30026
30027
30030
30031
30037
30038
37701
30047
37704
37706
30050
30053
30057
30058
30060
30062
30063
30064
30066
30067
30070
37709
30073
30076
30081
30083
30084
30085
30086
37714
30095
30096
30098
30102
30103
30104
30106
30107
30113
30114
30115
30120
30124
30125
30128
30129
30130
37719
30131
30132
30135
30137
30138
30140
30142
30144
30145
30148
30156
30157
37725
30159
30160
30162
30165
37730
37736
30174
30175
30176
30177
30178
37741
30179
37742
30180
30183
30186
30188
30189
30190
30191
30192
30196
37746
37748
30200
30205
30206
37751
30210
30221
30224
30225
30228
30229
30230
30231
30232
30234
37766
37769
37770
37773
30240
30241
30243
30245
37777
30248
30250
37779
37780
30253
30254
30255
30258
37783
30260
37785
30263
30264
30267
30269
30270
30271
30272
30274
37789
30283
30284
30286
30287
30288
37798
30290
30291
30292
30294
