162
163
30337
273
274
275
30338
30339
276
277
30340
279
30341
30342
280
281
282
283
284
285
286
287
288
290
291
292
30343
293
294
295
668
30389
721
723
799
30406
831
30464
1187
30540
1414
1919
30704
30718
2105
2108
2147
30770
2380
2529
30838
30879
30880
30881
30882
30883
30884
30885
30886
30887
30888
30889
30890
30891
30892
30893
30894
30895
2821
30908
30915
2926
30932
2942
2993
3024
30972
30980
30981
30982
30983
30984
3093
3094
3095
30985
3106
3109
3118
3377
3481
3699
3872
3979
4133
4136
31250
4543
4546
4614
31385
5536
5537
5858
31533
32
31607
6134
6135
31608
31659
6391
6613
6614
31759
6624
6732
6764
31807
6991
7065
31897
31898
31899
7070
7071
7072
7073
7074
7075
7076
7077
7078
7079
7080
7081
7082
7083
31900
7084
7085
7086
7087
7088
7090
7091
7092
7093
7094
7095
30838
30879
30880
30881
30882
30883
30884
30885
30886
30887
30888
30889
30890
30891
30892
30893
30894
30895
2821
30908
30915
2926
30932
2942
2993
3024
30972
30980
30981
30982
30983
30984
3093
3094
3095
30985
3106
3109
3118
3377
3481
3699
3872
3979
4133
4136
31250
4543
4546
4614
31385
5536
5537
5858
31533
32
31607
6134
6135
31608
31659
6391
6613
6614
31759
6624
6732
6764
31807
6991
7065
31897
31898
31899
7070
7071
7072
7073
7074
7075
7076
7077
7078
7079
7080
7081
7082
7083
31900
7084
7085
7086
7087
7088
7090
7091
7092
7093
7094
7095
7096
7097
31902
7098
7099
7100
7101
7102
7103
7104
7105
7106
7107
7108
7109
7111
7112
7113
7115
7116
31903
31904
31905
7117
7118
7119
7120
7122
7123
7124
7129
31906
7130
7131
31907
7133
7144
31913
31929
7218
7220
7221
31939
7222
31941
31942
7223
7224
7269
31948
7662
32020
7663
7664
32025
7665
7666
32026
7668
7669
7671
32049
32050
7761
32057
7945
7947
32084
8066
32119
8256
8305
32171
32175
32176
8521
38
32258
32276
32291
32299
32300
32301
32302
32303
32304
9142
9268
9454
32449
32451
32543
10189
32600
32609
32624
10627
10628
32625
10630
32628
10653
11501
11521
11597
11739
11748
32982
11908
12155
33041
12327
12365
12470
12482
33109
12483
33110
12484
12486
33111
33112
12488
33113
12489
33114
12490
12491
12492
12494
33115
12495
33116
12496
12498
12499
12500
33117
12501
12502
12503
12504
12505
12506
12508
12509
12511
33119
33120
12513
33121
33122
12514
12515
12516
12517
12518
12519
12520
12521
12568
12569
33131
33132
33136
12740
12858
12859
12860
12862
12863
12864
12884
12885
12886
12887
12888
12890
12891
12892
12893
12894
33229
13042
33334
13651
13679
33421
13693
13705
13759
33447
33470
33473
33474
33475
33476
33477
33485
33489
33501
14448
33611
14778
33644
15098
33718
15099
33722
15148
33742
33785
33798
15438
15439
15441
33803
15573
15574
33842
15634
15667
15691
33883
15875
33897
33898
33916
16041
16045
16051
16054
33941
16072
33948
16110
16113
16309
34150
34184
17046
34214
34221
17377
17437
34305
17750
34406
17784
17785
17787
17789
17839
34431
34433
34434
17952
34462
34466
34477
34514
18176
34562
18423
18450
34600
19062
19103
19179
19182
34825
34828
34922
19821
19887
34977
19984
20225
35046
35059
20428
35079
35095
35096
20511
35108
35135
20624
20730
35191
35215
35249
35257
21390
35412
35452
35510
35564
35579
35599
35602
22377
35638
22539
22540
22541
22543
22545
22546
35695
35696
22547
22548
35717
35762
23044
35804
23134
23299
35853
35881
35917
23513
23716
23718
23743
23904
23923
35998
23948
23992
24015
36026
24096
24181
24183
36054
24186
36055
24187
24188
24189
36057
36058
24190
36115
36116
24363
24370
36125
35602
22377
35638
22539
22540
22541
22543
22545
22546
35695
35696
22547
22548
35717
35762
23044
35804
23134
23299
35853
35881
35917
23513
23716
23718
23743
23904
23923
35998
23948
23992
24015
36026
24096
24181
24183
36054
24186
36055
24187
24188
24189
36057
36058
24190
36115
36116
24363
24370
36125
24371
24372
24373
24374
24375
24376
36129
24377
36130
36162
36276
36291
25099
25143
25180
25359
36414
25360
36415
25361
36416
25362
36417
25363
36418
36419
25416
36449
25488
25493
25567
25568
25580
25581
25627
36477
36523
36536
26700
36704
27307
27377
27468
27931
27958
28046
37047
28541
28762
28804
24371
24372
24373
24374
24375
24376
36129
24377
36130
36162
36276
36291
25099
25143
25180
25359
36414
25360
36415
25361
36416
25362
36417
25363
36418
36419
25416
36449
25488
25493
25567
25568
25580
25581
25627
36477
36523
36536
26700
36704
27307
27377
27468
27931
27958
28046
37047
28541
28762
28804
28847
28959
29091
29488
29541
29562
29589
29676
29703
29728
29789
30005
30041
30105
30220
37800
28847
28959
29091
29488
29541
29562
29589
29676
29703
29728
29789
30005
30041
30105
30220
37800
