32842
32843
11642
32845
11643
11644
32846
11645
11646
32847
11647
32848
32849
11648
11649
32850
11650
32851
32852
11652
11654
32853
11655
32854
11656
32855
11657
11658
11661
11659
32857
11662
11663
11687
12482
33109
12483
33110
12485
12486
12488
33113
12489
33114
12490
12491
12494
33115
12495
33116
12496
12498
12500
33117
12501
33118
12503
12504
12505
12506
12508
12509
33119
12511
33120
12513
33121
33122
12514
12515
12516
12517
12518
12519
12520
12521
34529
18220
25834
25835
36541
25836
25862
36558
36557
25863
36559
36560
36564
36565
36566
36567
25867
36568
36569
36570
36571
36572
25868
12496
12498
12500
33117
12501
33118
12503
12504
12505
12506
12508
12509
33119
12511
33120
12513
33121
33122
12514
12515
12516
12517
12518
12519
12520
12521
34529
18220
25834
25835
36541
25836
25862
36558
36557
25863
36559
36560
36564
36565
36566
36567
25867
36568
36569
36570
36571
36572
25868
