1519
1905
30662
30808
2643
2653
2654
2655
2799
3027
3032
3037
31114
3928
31174
31205
31206
31208
31207
31209
31211
31213
31239
31486
5728
6373
6374
6375
6376
6377
6378
6379
6380
6381
6625
6629
7335
7370
31980
31983
31984
31985
8560
8561
32277
9758
10010
10209
10371
32768
32769
32773
11526
32774
11527
11528
32776
32777
11529
32778
11530
11531
32779
11532
11533
32780
11534
11535
32781
32782
11536
11537
32783
11538
32784
32785
11539
32786
11540
32787
11541
32788
11544
11545
11546
32789
32790
32791
32792
32793
32794
32796
32798
11569
11570
32799
32804
32814
11598
11603
32819
11604
32821
11606
32829
32830
11621
11622
11624
32833
11625
11626
32834
32837
32838
32840
11637
11638
32842
32843
11642
32845
11643
11644
11646
11647
32848
32849
11648
11649
32850
11650
11651
32852
11652
11653
11654
32853
11655
11656
32854
32855
11657
32856
11659
11661
11662
11663
32858
32868
32769
32773
11526
32774
11527
11528
32776
32777
11529
32778
11530
11531
32779
11532
11533
32780
11534
11535
32781
32782
11536
11537
32783
11538
32784
32785
11539
32786
11540
32787
11541
32788
11544
11545
11546
32789
32790
32791
32792
32793
32794
32796
32798
11569
11570
32799
32804
32814
11598
11603
32819
11604
32821
11606
32829
32830
11621
11622
11624
32833
11625
11626
32834
32837
32838
32840
11637
11638
32842
32843
11642
32845
11643
11644
11646
11647
32848
32849
11648
11649
32850
11650
11651
32852
11652
11653
11654
32853
11655
11656
32854
32855
11657
32856
11659
11661
11662
11663
32858
32868
32876
32877
32878
11685
11687
11689
32881
32882
11692
11693
11694
11695
32884
11697
11708
11709
11710
32888
11711
11714
11715
11716
11717
32890
32891
32892
32893
11718
32895
11720
11721
32896
11722
32897
32898
32899
11723
11724
32900
32901
11725
32902
32903
32904
32905
11726
32906
32907
32908
32910
32912
11728
32913
32914
32915
11732
32916
11735
11736
32918
32919
11740
32922
32926
32927
32928
32929
32930
11761
11762
11763
32932
11764
32934
32935
32936
32937
32939
32942
32943
32944
32945
32946
32947
11768
11769
11770
11771
11772
11774
11775
11776
11777
32962
11787
32965
32966
32968
11807
11808
32969
32970
11809
32972
11812
11820
11821
11822
32974
11831
32977
11843
11846
32987
11847
11848
32988
32989
32990
11850
32994
33008
33009
12003
33067
12628
12923
13206
13591
14727
14736
14956
33743
33773
15348
15922
33993
16938
16939
16940
16941
16956
16987
17047
34216
17367
17454
17887
34529
18220
18397
34585
34586
34588
34589
18567
34637
34644
18635
18776
18864
34696
34697
34706
19376
19378
19483
19575
19990
34982
34983
35018
20905
35294
21270
35349
21587
21916
22632
22634
22637
22638
22639
22640
22642
22644
22645
22648
22649
22650
22651
22655
22656
35819
23141
35836
35915
23828
23829
23830
23938
36061
36068
24272
24278
36121
36381
25394
36571
36745
