152
153
164
165
167
330
176
332
178
177
218
217
220
219
372
616
757
816
15
1285
30545
3421
3423
31068
31075
31082
3699
4813
4873
4964
5178
31508
5768
31667
31669
31670
31674
31678
31679
31680
31681
31683
31684
31685
31686
31687
31691
31695
31697
6506
32085
32197
9106
9726
32528
32545
32644
33031
12879
33227
33295
33296
33337
33364
14944
15062
33788
33789
16549
16550
17472
34788
35161
35160
35356
35377
21543
22177
22407
50
22506
22510
23440
23441
23471
23488
23489
23490
36325
36352
36353
25483
36503
25998
26409
26544
27474
32085
32197
9106
9726
32528
32545
32644
33031
12879
33227
33295
33296
33337
33364
14944
15062
33788
33789
16549
16550
17472
34788
35161
35160
35356
35377
21543
22177
22407
50
22506
22510
23440
23441
23471
23488
23489
23490
36325
36352
36353
25483
36503
25998
26409
26544
27474
