73
89
88
90
91
100
101
120
121
130
131
132
133
161
162
163
116
117
179
180
195
196
210
244
255
30339
30346
314
373
395
396
469
30358
478
501
550
577
606
618
624
625
627
628
652
30388
671
676
706
709
710
733
767
770
781
787
792
823
922
923
949
962
1006
1023
1057
1135
1136
30464
1259
1260
1286
1291
1295
1306
1317
30518
1390
1392
1449
1453
30551
30553
30558
1500
1502
1530
1533
1565
1567
1578
1667
1669
30593
1675
1693
1694
1884
1885
1886
1891
1892
1897
1937
1939
1955
1957
1961
2105
2109
2120
2121
2135
2146
30730
2190
2195
2223
2271
2413
2527
2548
2565
2580
2587
2614
2615
2629
2637
2678
30879
30880
30881
30883
30884
30885
30886
30887
30888
30889
30890
30891
30892
30893
2856
2857
2873
30934
30937
30941
3105
3106
733
767
770
781
787
792
823
922
923
949
962
1006
1023
1057
1135
1136
30464
1259
1260
1286
1291
1295
1306
1317
30518
1390
1392
1449
1453
30551
30553
30558
1500
1502
1530
1533
1565
1567
1578
1667
1669
30593
1675
1693
1694
1884
1885
1886
1891
1892
1897
1937
1939
1955
1957
1961
2105
2109
2120
2121
2135
2146
30730
2190
2195
2223
2271
2413
2527
2548
2565
2580
2587
2614
2615
2629
2637
2678
30879
30880
30881
30883
30884
30885
30886
30887
30888
30889
30890
30891
30892
30893
2856
2857
2873
30934
30937
30941
3105
3106
3108
3113
3315
3361
3561
3570
3699
3795
3810
31118
3882
4144
4183
4192
4350
4393
4397
4406
4409
4410
4441
4501
4505
4506
4507
4545
4707
4708
4724
4725
4726
4736
4825
4838
4856
4862
4937
5042
5079
5087
5092
5102
5121
5124
5126
5162
5288
31383
31385
5310
5311
31425
5503
31508
5768
5778
5948
5950
5969
6042
6047
6071
6135
31608
6169
6171
6322
6323
6409
6449
6477
31722
6599
6645
6650
31774
6723
31783
6725
6736
6738
6781
6782
6948
6962
7003
7024
7032
7033
7064
7065
31897
31898
7068
7069
7070
7071
7073
7075
7076
7077
7079
7081
7083
31900
31901
7086
7090
7092
7094
7099
7102
7103
7105
7107
7109
7110
7111
7112
7116
31903
31904
31905
7118
7119
7121
7122
7123
7124
7125
7128
7129
31906
7130
7131
7132
7133
31929
31937
31945
7239
7293
31972
7421
7649
7665
7668
7669
7682
32043
7752
7763
32087
7971
7985
8024
8025
8027
8029
8049
8196
8218
8356
8478
8523
8564
8770
8775
8816
8850
8867
8877
8903
32281
32280
32282
8923
8925
8955
8978
8989
9004
9014
9044
32298
32299
32300
32301
32304
9058
32305
9061
9066
32311
9071
9081
9141
9151
9270
9276
9334
9441
9514
9624
9745
9752
9991
10005
10065
10078
10145
10183
10193
10416
10496
10608
10616
10622
10639
10678
10700
10794
10826
10986
11003
11141
11214
11263
11350
11418
11433
11435
11491
11501
11590
11601
32865
11707
11709
11712
11717
32893
11718
11720
11721
11722
32899
11724
32900
11725
32902
32907
11728
11729
32914
32915
11730
11827
11936
11965
11966
12003
12005
12180
12181
33051
12194
12307
12308
12381
12470
12474
12475
12476
12477
12478
12479
12480
12482
33109
33110
33111
33112
12488
33113
33114
12491
33116
12496
33117
12501
33118
12506
12508
12511
33119
33120
33121
33122
12517
12518
12575
12694
12723
12740
12753
12755
12782
12858
12859
12860
12861
12862
12863
12864
12865
12878
12887
12890
12894
33229
12908
12911
12924
13031
13048
13049
13063
13066
13075
13086
13157
33293
13163
33294
33298
13164
33305
13180
13183
13184
13185
13187
13188
13193
13194
13196
13197
13198
13200
13201
13231
13232
13237
13321
13322
13323
13325
13332
13367
13369
13393
13592
13601
13693
13720
13730
13759
33445
33447
13814
13885
13921
13928
33470
13935
33499
33500
14141
33501
14235
14238
14266
14349
14352
14353
14354
14357
14358
14386
14390
14394
14399
14427
14439
14440
14441
14445
14446
14447
14496
14510
14516
14667
33629
14773
14970
15098
33718
15099
15104
33742
15163
15187
15231
15272
33774
33783
33785
15386
15387
15393
33798
15438
15439
15441
15495
15497
15605
33842
15681
15689
33889
15864
15875
15876
33890
15884
15886
15887
33892
33896
15904
15974
15975
15978
16060
33941
33942
16067
16068
16074
16075
33946
16076
16077
16083
16105
16201
16202
33971
16253
16254
16259
16305
16452
16456
16467
16468
16471
16680
34101
16688
16689
16781
16796
16941
16956
16987
17011
17017
17020
17068
17371
17372
17495
17496
17503
17523
17563
17567
17568
17695
17696
17725
17728
17756
17779
17805
17817
17857
17869
17891
17900
17906
34437
34438
17937
17938
17952
17962
17985
34454
18000
18022
34469
18040
18058
18081
18170
18190
18224
18246
18265
18273
18345
18362
18392
18406
18413
18463
18500
18579
18597
18596
18627
18658
18664
18719
18779
18846
18855
18884
18896
18914
18935
18939
18964
19060
19082
19093
19130
19171
19178
34794
19208
19244
19328
19331
19348
19372
19389
19416
19425
19458
19462
19599
19626
19723
19765
19772
19795
19805
34946
19866
19871
19919
19933
19958
19976
20000
20012
20038
20083
20123
20202
20231
20292
20336
20338
20431
20433
20461
20495
20553
20557
20608
20632
20633
20634
20636
20642
20690
20747
20775
20777
20778
20783
20808
20815
20822
20842
20843
20857
35186
35185
20872
20873
20879
20903
20947
21006
21023
21028
21033
21035
21053
21058
21066
21091
21122
21155
21161
21236
21239
21268
35320
21269
21271
21411
21434
21475
21574
35409
21652
35437
35438
21715
21831
21871
21971
22085
22130
35579
22137
22427
22723
22727
22728
22730
22744
22903
22936
22950
22959
23041
23146
23170
23220
23301
35841
23351
23386
23389
35879
23390
35881
35882
23391
23392
23393
23394
23395
23396
23397
23494
23716
23718
23721
23737
23772
23857
23858
35975
23907
23924
35998
36002
23959
24024
24049
24087
24123
24125
24124
24133
24181
36054
24186
36055
24187
24188
24189
36057
36058
24190
24205
24500
24507
24597
24656
24742
36260
24930
24955
24956
24957
24958
24959
24960
24961
24962
24963
24964
24966
24967
24987
24988
24989
59
25026
25028
25036
36328
25105
36346
25147
25180
25181
36372
25274
36414
36415
36416
36417
36418
25419
25595
25602
25604
25605
25606
25608
25611
25612
25613
25640
25692
25702
25703
25718
25989
26353
26385
36652
26394
26420
26421
26422
26423
26424
26425
26426
26431
26460
26515
26524
26566
26620
26642
26743
26755
36713
26875
26890
26895
27040
27076
27139
27140
27144
27158
27163
36743
27217
27220
27223
27224
27230
27247
27257
27259
27295
27297
27299
27300
27322
27323
27324
27328
27380
27426
27428
36783
27430
27431
36785
27477
28277
28456
28540
