28118
63528
63535
63536
63540
63542
63550
63570
63572
43343
63574
43346
63580
43348
63590
63589
63591
22391
63602
63610
43358
63617
63621
63630
43370
63648
63652
63662
63670
63674
63673
63676
63680
43404
63700
63701
63703
63717
63718
63721
28163
63725
43430
43439
43437
63755
63758
63764
63769
63775
63770
63780
63789
28181
63779
63804
63791
63800
63799
43469
22444
63809
63820
63826
63830
63834
63839
28194
28198
63846
63841
63855
63867
63896
28204
63872
63883
63885
28210
63902
63905
63909
4730
63915
63924
63955
63954
63953
63958
63978
43536
63986
63993
64021
64028
64039
64051
28269
64053
43588
28274
64078
64070
64071
64076
64073
43605
64107
64112
64121
28152
64141
64153
43637
64173
43652
63720
64190
64203
28314
64216
64294
64229
64223
64242
64252
64251
64269
28336
28342
64283
64322
28359
28360
64323
64327
64335
43731
28380
28389
64392
64388
28404
28410
64403
64411
64406
64419
64409
64415
64417
64423
64428
43771
64459
64437
28439
64447
64462
26997
43802
64498
64504
64508
64539
64521
64566
28482
64568
28488
43820
64575
64560
43831
64749
64653
64606
64612
64631
64625
64645
28547
43868
64649
64682
64708
64761
64754
28590
64711
64734
28607
64741
43903
64752
64748
43906
28632
64784
64757
28686
43940
28700
64847
28726
64804
64811
64816
64823
43949
64817
43952
28745
64833
64834
64849
64890
28757
43969
64848
28750
43982
43975
28799
64882
28774
64891
43994
64904
64926
64996
28796
28800
64965
65022
28806
44034
64994
44035
65011
65020
65010
65067
28839
65077
44083
65051
65057
28960
65062
65053
65107
44101
28836
28849
65117
65114
28868
65102
65098
65152
44110
65123
28854
65156
65137
65173
70413
65172
65155
65190
44143
28965
65185
65197
65198
65223
65220
22452
44159
65219
65247
44199
44185
28926
65234
65246
65265
65254
65274
44214
65296
65374
28949
65308
65324
44259
28971
65355
65364
44265
65369
65398
65410
65416
44288
65408
65421
65427
65440
22451
44300
28987
65458
65487
65555
44322
22405
65467
44311
29023
65520
65526
65506
65522
65606
65581
44374
65550
29018
44351
65568
65551
44364
65573
65598
65580
65594
65590
65617
29077
29062
65663
29081
65779
29075
44419
65646
65680
65767
65688
65739
44434
65685
65672
65695
44439
29094
65705
44452
44438
65774
65897
65732
65753
65778
44455
44538
65761
44470
65796
44490
44492
65851
44505
65811
65840
65817
29164
65879
65837
65882
65890
29179
65892
29171
65999
29182
65901
29191
65920
29181
29189
65946
29216
29201
44602
44610
66151
65996
29235
44626
66028
66031
66035
44630
44637
44636
66059
44619
66051
66056
29253
44657
29248
66247
66089
29298
66254
66152
66173
66175
66172
66182
66184
29282
66526
66200
66203
66214
66231
44702
66312
23821
44740
66238
66239
44710
66352
45316
29307
29313
66282
66290
66422
29311
44812
29336
44765
66361
66380
29363
66340
29334
66329
44796
44799
29367
44801
66379
29430
44802
66525
66389
66523
29439
66370
66397
44815
29370
66377
29381
29407
66542
66406
66425
66432
44883
66514
44882
66617
29425
66484
66580
66557
44904
66550
66623
66565
66570
66554
29458
44927
29471
44915
44922
44917
29516
29470
29491
66588
29502
44998
66635
66652
66660
29523
29524
66697
66781
66680
66706
29552
66657
66860
66679
66705
29531
44990
66732
66709
66681
66739
66734
66750
66876
45015
66778
66717
66767
29646
66777
66812
66823
66837
29592
29593
66803
66818
66847
66819
66828
66873
66845
29632
66885
29618
67001
29649
67010
66889
29637
45069
66891
29683
29668
66911
67457
66881
66939
29670
45156
66973
66926
66963
29711
29680
29705
66992
66932
45137
66938
67043
29709
29704
67054
67021
45865
29707
45164
67022
67023
45141
67051
29734
67152
67166
67069
67268
26102
29724
67081
45172
67091
67087
67157
67286
67144
67298
67089
67149
67136
67343
67202
29769
45277
29809
67145
67200
29804
67178
67220
29758
29826
29780
67190
29812
67191
45335
67227
45355
29829
29813
65371
45262
67307
67367
67393
29805
29814
67325
29846
67331
29842
29849
22686
45367
67471
67296
71285
67346
67341
67347
67368
67339
29878
67406
67437
67337
67500
67407
29872
45339
67460
67529
67398
29968
67502
67605
45378
67419
45377
29940
45448
30000
67536
67798
67525
45466
29926
67546
29947
29982
67539
29932
67586
67898
67589
67620
67754
45547
45583
30042
67786
45594
30007
30052
67637
45581
67729
30157
67622
30069
67696
30111
45525
45571
67788
45621
30117
67758
45572
67778
67739
67743
67789
45707
30205
45680
30124
30097
67785
67867
45618
67759
67753
30092
30107
67757
67797
45638
67827
45617
68186
30165
45671
67835
67801
45668
30189
67848
68034
45679
67875
45660
67914
30214
30160
22524
67901
67922
67889
45714
67948
68005
67957
68066
45728
45823
67941
67946
68017
67919
45703
67991
45812
45862
67949
67976
68004
68021
45783
67928
30172
68143
68062
67931
67939
67932
30232
68074
30251
68072
30238
45785
68101
45770
30270
30224
68096
68615
45760
68147
68294
45762
30240
68123
68206
30324
45790
45868
46728
68156
30353
68187
45854
45861
68200
68177
30358
68199
68475
68228
45867
68255
68263
45870
68276
30351
30396
68282
68508
68333
45923
68278
18478
30405
68501
30310
68304
45903
45916
68272
68760
68271
30442
30440
45973
68352
46135
68358
68425
30469
46019
68422
46073
45934
68410
45975
68405
46010
30427
46034
68437
30456
30373
68399
45977
68544
68618
68507
46024
68527
46079
30463
45978
45979
45997
46004
46371
30471
30409
68593
68603
68523
46119
68479
68597
68777
30566
68469
46086
68587
68589
68581
46078
30522
68598
68698
68621
68709
46088
68696
68660
30560
46113
68691
30602
68735
30579
68643
46112
68679
68852
68738
69042
68701
30585
46108
68739
30597
68716
46180
68753
46220
46254
46196
46145
46207
69253
69150
30686
68825
46148
68759
46170
46175
68770
30583
68754
30789
68828
68724
68810
30630
68827
46256
30611
46204
68833
46272
68895
30572
46335
30744
68835
30616
46202
30627
46235
30606
68823
46316
46318
30750
68980
30673
46375
68935
30741
30688
69001
69527
30667
69805
46381
46372
68979
69079
30703
46370
68945
68957
69035
30702
46376
68917
69050
69172
69041
69106
68923
30736
69020
46436
69029
30767
46476
69004
46444
46379
30712
69013
69048
69837
30851
69704
30804
69602
46410
69130
69051
46445
69078
46446
69301
69306
30835
69118
69129
46605
46516
30793
46533
30817
46623
69149
69539
69034
69061
69038
46612
69215
30896
46449
69173
46509
29635
46616
30992
30907
69824
69185
46501
46536
69258
69264
69268
69181
69188
46504
46505
46594
69334
30939
46681
46481
69315
46597
69810
46510
46686
69312
23925
69324
46550
31028
31046
69427
69448
70118
69464
46680
69397
46519
69403
30994
69560
69381
69531
69444
69520
46858
46734
69488
69423
31085
69499
69522
69386
70038
69613
22540
69450
69470
46656
31068
31182
69656
46642
69634
69570
46867
69592
46621
46834
69581
69648
46741
46780
30982
31082
46783
69630
69523
69583
69496
46700
69497
69536
31235
46795
69710
46706
46651
31055
69652
46622
69692
31130
31204
46985
69693
31114
46887
46705
31403
69863
46796
31164
69797
46836
31251
31133
46811
46751
46813
69666
69897
46890
69639
31280
46864
69719
69766
46755
46831
46880
69798
46853
46964
46971
31283
31292
69846
69806
31517
69928
69871
46879
46975
69835
47067
31201
69866
69811
46979
69894
47216
69860
46790
69951
31321
31349
17166
45307
46908
70017
47056
70074
31249
46893
69885
69937
69781
69890
69997
69941
70179
18403
69908
69921
70016
47018
69933
47630
47128
47069
47073
31424
70008
70181
31518
70132
47035
47157
70083
70108
46996
31549
47116
70079
31452
47161
70100
46993
47239
70073
31317
31562
31653
47163
70324
70136
70234
70154
70260
46991
47200
70196
47086
47089
31433
70329
70172
31484
70261
70327
47271
70242
70370
47373
31794
70378
70205
70284
47315
31643
70279
47386
47387
31674
47496
47262
47099
47263
70246
47234
47380
22407
70223
31892
31658
47179
47180
70497
31515
70385
70419
71050
70631
72253
47503
70671
70343
47486
31656
47243
70590
31729
70354
70628
31825
47172
31918
31780
70627
70591
31481
70612
70640
70562
70588
70589
31978
70687
70598
47632
70538
70859
31788
70824
31701
70705
47334
70578
31955
70694
47319
32129
47502
31956
47436
47637
31919
70759
47404
47750
47983
70771
70778
47468
70709
70732
71247
70785
47595
70744
70804
31849
70754
70854
70780
70739
71053
70782
22825
47670
47976
25525
70847
70955
31893
32022
70882
47779
71062
31945
47796
70951
32007
47946
32274
47984
70975
47949
70995
32126
32433
71000
70941
71008
71179
32375
71054
32275
47530
47937
71017
47828
71121
47598
47979
47813
70969
47528
32115
70871
71245
71069
71166
71537
47586
70944
47596
71021
47944
32353
71142
47526
47751
32039
47563
47773
47822
71255
47799
47941
47861
71163
32285
47523
71206
71207
71210
32137
71117
71198
71200
48094
32509
47808
71404
47814
47948
71162
47755
47816
71420
32336
47692
22519
47657
28113
71446
47832
71147
71313
47986
32513
47958
47999
48271
71275
32226
47721
71333
32351
48051
32423
47819
32438
47909
71362
47823
32202
71384
71385
32393
71322
71496
47908
71352
47970
47989
32615
71377
71302
71459
32263
32494
71503
32322
32459
71437
32460
47848
32478
71406
71428
71675
71682
71944
71540
71568
71495
71599
48217
71636
47988
71427
32565
71680
48431
32474
48112
71591
48115
48371
71651
71573
32638
71587
19767
15042
22793
71861
71906
48114
48230
48447
32620
48276
48295
71715
71938
48213
71852
71757
48377
72048
71818
71717
71832
48452
71759
48373
71805
71886
72110
71808
48212
48432
71753
48121
48123
71881
48127
48994
48131
71812
48300
32865
27249
72002
48128
48476
68424
48494
22912
72070
32852
32927
71994
72107
72119
72397
32654
48606
72197
48499
71975
71985
48250
72395
71909
48438
72082
48441
72085
72355
48616
48529
72056
72269
72187
72312
48320
33627
48664
72388
72319
48782
33056
48793
72180
72348
32926
48577
32663
48497
48361
72350
72426
22804
48372
32777
32786
48477
49066
48607
48843
32880
72504
32746
72345
48997
72263
32795
72314
72220
32874
48767
72481
32741
48623
48531
49489
74038
72347
48788
48560
72642
72425
72645
72354
72662
49154
32704
32928
72317
72479
32712
72234
72247
72394
72603
17467
48761
48502
72598
32970
33280
48460
48533
33094
48803
49254
33237
48663
72618
72736
48736
72739
72586
72681
72749
32895
48733
32902
32907
72584
72741
72742
72592
32961
72682
73066
48631
48634
48739
49243
33198
48745
48818
48770
72953
30870
72544
72639
72737
48638
33588
48641
48748
48826
72906
33260
17883
72987
18176
72884
33388
33617
72925
48687
73076
73322
72985
72832
72547
72996
73441
48639
22449
33365
72842
72997
49021
33611
34060
73001
72813
48867
33301
33474
33475
48893
33355
48936
49251
33218
49031
73061
49181
49059
72823
48878
73231
73435
72833
49093
33371
73240
33969
49541
73261
33406
73161
33412
48852
49054
73397
50770
49221
73094
34020
49020
73236
35037
49102
14764
25963
48942
33632
73177
33745
73218
73345
49007
49760
73540
73120
73347
48938
33947
73160
73795
48952
72757
73301
49205
73326
73424
49060
33574
73233
73346
73356
49185
22453
73100
73146
73348
49046
34184
49309
73538
73669
22756
73621
73699
50404
73352
73872
73534
73759
33791
73616
73618
73787
73466
73623
73634
73660
49294
73570
49306
49759
50773
73781
49346
73445
73546
73552
73712
49427
49429
73504
73752
74035
73566
73503
73567
73726
73663
21363
49523
73682
73490
49293
73661
73587
35364
73764
49311
49363
49612
23920
33975
24151
74045
34197
49536
49776
49540
49790
49381
73964
49684
49796
34178
73978
74164
74272
50144
73956
73867
49564
76615
49826
34195
50090
33821
74056
74067
18399
34217
34554
49556
34257
49739
34005
34158
74087
33988
49690
50409
34194
34306
23777
34207
34219
74122
23338
73876
74156
36131
49569
73894
49577
49929
73937
34423
49672
74155
74239
49993
50421
74250
49580
50777
74184
34182
49560
74356
49814
74159
34428
49960
74218
74327
74221
74349
49987
34271
74242
74482
50414
34830
49917
74199
74317
49802
51651
49806
21336
49906
50005
50116
74249
34511
50040
74691
50422
49952
34543
21694
74716
49976
50102
35073
50178
50094
50095
74923
49836
74935
49868
50110
50406
26817
74989
49893
74787
50333
49828
50769
50113
50481
34489
25509
34323
34401
49829
34454
35084
36126
34480
36129
50167
74682
50176
50774
34539
74699
49833
50456
34711
74768
75068
34792
50321
51191
31535
35418
51192
74822
50137
50381
74709
50685
74728
74806
74905
74914
35644
50149
50161
23102
34782
17189
20838
50181
51212
50283
35800
51505
75317
75511
35808
50162
50289
23302
50312
75099
24210
50448
50682
35218
50286
50571
51637
50471
50165
50690
50664
19740
50667
35852
50738
75492
75244
75497
75273
75509
34620
50768
50482
35104
75159
75488
34841
35564
50518
50813
50670
50689
75326
50642
51981
37071
50720
50857
50556
50678
50793
50884
35214
50566
34921
50468
75531
50836
75360
34974
35150
35039
50758
50794
22447
51140
51227
50629
35255
75747
51044
35088
24184
75822
52593
35020
27201
75878
35481
51182
75534
20722
75839
52594
35211
35427
75651
75870
25988
34922
17871
51095
52602
36293
23390
76291
36388
50830
51148
75934
76324
34933
35330
76003
51049
51071
35421
75640
36858
51085
35458
75681
21140
75725
35525
52082
18509
35089
50839
22866
51021
51243
51525
76393
35554
50843
75611
76396
27461
51199
75848
52601
76215
36251
51225
51347
50947
75898
35815
51370
35541
52555
75600
22898
51394
76172
51436
22483
76048
51287
25547
76524
76538
76386
26280
35829
51534
76214
76414
51925
76443
52608
51292
51516
76117
51250
51297
51656
76605
51298
35828
51274
51986
36806
51358
51371
51598
51665
76165
51600
23976
76047
51277
21887
51322
51486
76050
36067
51493
51945
76054
76243
51353
51555
51561
23029
25468
51519
53206
76121
51258
51533
52124
36211
51604
76966
36223
51284
51539
51624
76462
76710
17144
22539
76092
52428
23513
27401
51569
77183
51984
51306
51320
51922
52007
52010
76978
51545
51725
52061
52687
51291
52425
52185
27478
36578
51705
52205
22997
51750
77081
52211
77179
23551
36200
51824
52197
77236
26377
52074
22631
25622
51758
52109
52189
77227
77360
27451
52192
76617
52127
52401
76656
36483
77952
19804
76661
77241
52068
26813
36088
51975
52273
36481
77754
51699
52653
52734
76809
77231
77388
51703
52152
52404
51967
36774
76726
51757
76733
52187
52417
77010
77974
77268
77485
36986
76739
77351
36797
76783
77586
52655
77443
77604
52672
77618
77479
36776
37552
52630
25556
27380
77521
52460
52642
52465
52650
27543
35996
23723
52523
77286
52534
77570
25734
28116
77893
18312
52496
52740
77953
25970
26356
77631
20641
53055
77653
17718
26403
53065
53159
78579
77678
27759
27906
36795
52861
26268
52774
52932
53032
36813
52739
53034
18297
26733
82427
53250
77445
36664
52177
52206
52518
52741
77258
52178
52208
52519
52756
53068
24792
26443
77734
53098
52474
52493
52964
38228
25541
37274
53254
21936
52689
53137
24613
25351
52691
52846
53317
78142
52992
53325
21226
52888
23550
37079
27592
52778
22934
78753
23259
27480
36896
37276
52838
78017
52987
53235
78224
21686
26348
52781
52969
53037
52978
53047
53132
27490
53259
27073
26834
52692
78184
78594
27981
52707
52766
78201
27171
78205
17451
78329
78422
25551
52745
52755
23747
53108
27027
52791
79612
36983
79123
53805
79141
53024
23968
27764
79425
53883
25743
78742
53126
25769
53128
24530
25073
26735
27333
37147
53598
27228
52984
26778
53625
24304
78453
78786
26080
53215
53346
24943
79511
38332
78747
53914
23370
24275
27617
82523
36884
23664
78777
79024
53777
79102
27842
53676
27285
53329
53895
79513
27809
79022
23944
53802
78813
25492
27126
18613
27297
17215
22436
27782
79011
53405
53740
53421
53768
79601
38862
53774
23275
27236
24214
37141
79021
21930
79876
79911
80695
22412
80655
23354
24001
25539
22760
24066
38366
80664
38394
21725
79968
54064
24163
78945
56682
27409
53724
37789
79871
80669
79725
79954
80649
38650
20836
79974
80329
80701
38108
38905
23349
79973
80705
58772
23135
79859
37822
39026
80018
80663
17469
20912
80688
37931
39276
54055
79737
37562
38289
39335
79787
26637
27191
37837
37857
39131
53963
23372
25189
27677
17610
38284
79741
37659
38588
60172
38720
23255
23847
80040
39819
24552
24126
27831
38897
20655
80835
37947
27992
80263
80758
23474
38898
81626
83760
21884
26953
27319
27596
38700
41204
20908
39046
38230
23697
27036
37924
38261
80781
21222
24753
38455
24433
27169
80874
81876
38113
80741
81907
21486
81918
28005
22955
38424
27503
20717
27541
80872
22674
39434
80965
82099
27710
82108
27733
28014
81444
38538
83386
38305
27331
81102
23651
80750
81111
82015
40778
41885
38872
82188
40721
27030
39897
40150
82182
24800
82426
83397
24475
83414
85498
82622
82713
40272
82812
82292
26313
84158
39811
83692
21878
85155
40464
21880
40501
39696
84286
40787
24385
28032
83566
41245
24068
83679
84445
41299
84663
41592
83693
41381
41476
24297
27347
28012
23149
41303
41880
84856
41147
23105
83956
27990
84130
24950
28009
41343
41403
85438
40944
22862
41183
40516
85661
86978
24393
85356
89294
85830
85429
86292
41486
86382
85512
41563
85659
86974
41521
86470
41191
85926
41723
90191
87619
42346
42584
87544
90203
87880
90223
88369
90246
41222
89569
89609
93202
42861
89131
90633
42460
43070
92644
42958
91036
41741
41750
90626
41909
42094
43105
42625
42097
42123
93930
42948
90770
96956
42236
42261
41985
43230
42855
42694
43244
94976
42750
98271
94363
94966
43308
94968
43164
42922
95387
