690
679
28185
28234
24418
28350
28366
28373
28376
28393
28444
28457
28460
28538
28553
28547
28575
28605
28607
28630
28764
4726
28867
28896
28914
4694
28939
28953
29002
29011
29018
29083
29119
29114
29136
29149
29171
24414
29271
29307
29299
29361
29330
29450
29436
29548
29569
29632
29691
29803
29923
29924
29957
30033
30034
30073
30072
30489
30444
30490
30599
30651
30713
30712
30763
31588
30905
30972
30973
31058
31213
31057
31132
31212
31211
31490
31487
31488
31382
31589
31701
31940
4707
32071
32220
32391
32070
32219
32389
32218
32388
32390
32563
32564
16098
16258
33092
33314
32896
33313
32897
32898
33090
33089
33550
33549
33788
33552
33787
14836
34051
34611
34055
34049
34050
34052
34056
34054
34314
17107
34315
34319
34614
34612
34928
34316
34613
34610
35254
35253
17881
35608
34931
16234
34930
35255
35605
34929
35610
35611
36000
16988
26049
9491
35604
35999
22573
26319
36002
36423
36421
25108
36870
36426
17140
14875
36001
18117
36425
16195
15307
36873
18297
17137
16345
16089
17083
36865
25952
36872
26880
36868
14919
37378
37382
26824
25682
19683
39215
25931
37912
37915
38536
16958
28059
16897
17105
38528
38532
17916
37905
38523
38529
38533
14721
38534
39219
38527
38538
28055
39217
38535
25049
39205
39218
22993
17960
39997
39996
39206
39212
40902
40910
40906
40909
40912
40003
40005
39995
41859
40905
40913
42646
42648
