99500600
99516706
99599190
99564006
1536783
99516059
99545646
1878689
99595419
99517580
99516461
99516322
99516508
99602583
99533733
99593829
99576081
99516672
99562587
1897456
1831816
99519623
99586389
99554778
99427639
99403012
99400183
99399883
99399394
99399301
99399298
99399217
99398236
99396097
99396094
99396091
99394309
99393658
99393493
99393001
99392470
99391375
99391090
99389971
99389938
99387121
99386911
99386272
99386248
99385090
99381823
99381292
99381282
99381258
99378816
99377328
99376828
99376636
99376356
99376238
99376234
99375690
99375550
99374388
99373974
99373480
99371586
99370162
99366824
99362630
99362612
99362381
99361982
99359921
99357044
99356156
99356087
99354182
99351626
99348731
99348626
99348113
99347972
99347444
99347177
99347024
99346052
99345935
99345833
99345329
99344852
99344735
99344624
99344486
99344321
99343991
99343859
99343691
99343610
99343442
99343394
99343139
99342893
99342767
99342605
99342545
99341885
99341282
99340877
99340109
99339482
99337487
99337334
99336674
99336506
99336383
99335885
99335384
99334736
99334724
99334322
99333662
99333014
99332957
99332804
99332417
99332408
99331790
99330383
99330374
99330239
99328784
99328754
99327167
99327161
99326312
99325760
99325004
99324302
99324182
99324164
99324161
99324158
99323999
99323972
99323900
99323240
99322388
99321773
99319331
99319226
99318791
99316844
99316823
99316058
99316013
99315968
99311431
99311038
99310701
99309471
99309411
99306123
99304368
99302145
99301998
99300054
99299742
99299694
99299382
99299253
99296106
99296010
99295908
99295620
99295392
99295368
99295269
99295266
99294372
99293178
99292971
99292821
99292374
99291690
99290426
99290006
99289565
99288467
99286661
99286364
99285947
99285782
99285071
99283247
99283244
99283139
99283136
99280802
99280799
99280511
99280508
99276953
99276950
99276707
99276704
99276524
99276521
99276326
99276323
99276260
99276257
99275402
99275399
99274328
99272633
99272561
99272450
99272192
99272084
99271277
99270962
99270477
99270435
99267978
99267609
99267390
99266694
99266361
99266295
99266094
99264033
99263241
99261873
99261867
99261672
99261540
99261537
99261333
99261291
99261049
99260668
99260491
99259384
99258832
99257950
99253906
99252784
99251011
99250732
99248380
99248296
99247894
99247564
99246985
99244885
99244699
99243730
99243655
99241666
99241312
99241264
99240757
99240106
99239755
99239425
99238501
99237964
99236716
99233608
99231034
99230287
99228010
99227488
99225937
99225910
99224905
99224902
99224587
99224479
99224326
99216508
99216304
99215083
99214904
99214871
99213809
99212975
99212243
99212138
99212135
99211853
99211496
99210827
99210182
99210068
239443
