99514866
1761395
99556722
99552105
99551619
99493114
99395947
99388282
99384808
99375326
99373980
99372268
99370838
99367781
99359756
99355976
99353756
99352733
99352475
99351887
99351716
99351083
99350435
99350432
99349223
99349205
99349100
99348296
99347828
99347612
99347399
99347159
99346625
99346028
99345665
99343766
99342719
99342164
99342119
99341804
99340424
99338960
99338624
99337460
99336620
99336401
99335192
99334631
99333980
99332564
99332036
99331709
99329099
99326546
99325007
99323957
99318677
99316559
99315506
99312154
99305679
99284780
99276488
99276485
99270204
99269049
99259009
99251422
99244807
99235042
99234568
99233374
99232279
99229666
99223738
99217767
99216236
99216184
99215143
99214688
99214649
99214277
99213857
99210278
