99516691
99509456
99516351
1284663
99588822
99400627
99399256
99397153
99392569
99390406
99385429
99385426
99377926
99376772
99371172
99370604
99369008
99368474
99358829
99355703
99354758
99349379
99349301
99348074
99347744
99346793
99340376
99339188
99338912
99335099
99330359
99329699
99329174
99325451
99325373
99322370
99320318
99320189
99287477
99264864
99264480
99264258
99260419
99256171
99252466
99252394
99252391
99251062
99243553
99242665
99241849
99241363
99235447
99230971
99227860
99215972
99211553
