99554562
99564576
99564588
99564585
1450883
99598176
99579471
99403078
99401911
99399241
99399238
99398059
99398056
99397840
99396118
99395371
99394438
99394009
99391948
99391894
99391606
99390139
99389386
99385399
99384217
99383344
99382816
99380948
99380168
99379818
99379662
99378692
99377550
99377266
99377054
99376024
99375456
99375210
99373510
99372726
99372642
99372424
99371450
99365951
99365474
99365315
99361871
99361685
99361325
99360878
99359708
99359537
99358490
99357917
99357752
99355097
99351749
99350003
99349667
99349475
99349088
99348794
99346925
99346580
99345848
99345008
99344420
99344060
99342629
99342575
99341018
99340412
99340259
99337151
99336851
99336710
99336113
99335558
99335006
99334931
99333524
99332984
99332159
99330320
99329189
99327185
99326906
99323753
99321959
99319958
99319796
99319268
99318914
99317396
99316592
99315911
99315905
99315413
99315029
99314963
99311296
99309762
99309294
99309093
99304764
99304761
99304521
99303873
99302490
99299751
99298500
99298419
99298293
99297348
99297237
99296319
99295857
99295824
99295674
99293370
99293025
99289712
99289682
99289631
99287564
99287210
99286511
99286118
99285485
99284333
99284330
99284195
99284192
99280331
99280328
99278576
99278573
99276548
99276545
99274250
99274154
99273821
99272834
99272309
99271616
99271502
99270219
99269472
99268293
99268269
99267975
99267474
99266703
99265179
99263709
99259726
99259600
99259597
99258529
99257728
99256264
99255250
99254596
99252586
99252559
99251986
99251542
99249583
99248260
99247873
99247336
99245659
99245605
99245161
99245017
99245014
99244351
99243298
99241852
99241738
99240793
99240145
99239839
99236989
99236182
99235171
99233980
99232411
99230329
99226501
99224569
99223843
99222991
99219854
99219083
99218175
99216296
99214931
99214154
99213905
99213215
99213053
99212678
99212420
99212129
99211721
99210803
99210326
99210131
99209777
99209546
263938
