99403240
99403237
99403126
99402892
99402517
99402490
99402346
99402124
99401692
99401221
99401122
99400891
99400888
99400885
99400810
99400624
99400570
99400552
99400546
99400504
99400480
99400036
99399973
99399790
99399253
99399223
99399028
99398782
99398230
99398029
99397870
99397801
99397798
99397789
99397711
99397489
99397396
99397390
99397009
99396688
99396550
99396508
99396088
99396058
99395587
99395386
99395347
99395245
99395170
99395161
99394822
99394669
99394567
99394321
99393916
99393868
99393556
99393271
99392938
99391936
99391798
99391648
99391471
99391267
99391210
99391153
99390799
99390721
99390478
99389740
99389683
99389281
99388987
99388903
99388708
99388690
99388579
99388411
99388066
99387937
99387922
99387346
99386266
99386074
99385432
99384955
99384637
99384418
99384253
99384175
99382732
99382660
99382339
99382198
99381648
99381598
99381532
99381288
99381074
99381024
99381002
99380694
99379916
99379878
99379858
99379600
99379558
99379234
99379182
99378986
99378474
99378258
99378240
99378128
99377912
99377680
99377564
99377514
99377278
99377246
99376672
99376586
99376460
99376358
99375916
99375912
99375870
99375822
99375800
99375724
99375636
99375564
99375528
99375526
99375520
99375512
99375490
99375414
99375390
99375242
99375168
99375128
99374722
99374414
99374366
99374140
99374116
99374072
99373998
99373952
99373878
99373788
99373080
99372758
99372438
99372380
99372276
99372200
99372014
99371892
99371884
99371540
99371272
99371146
99370934
99370746
99370518
99370152
99369928
99369806
99369774
99369734
99369570
99369548
99369329
99369257
99369122
99368996
99368720
99368573
99368552
99367820
99367769
99367682
99367559
99367307
99366866
99366512
99366299
99365954
99365936
99365870
99365822
99365486
99365297
99365180
99365114
99364883
99364556
99364076
99363860
99363758
99363749
99363518
99363434
99363356
99363194
99363059
99362663
99362645
99362462
99362408
99362405
99362159
99361931
99361916
99361574
99361550
99361535
99361502
99361490
99361388
99361283
99361190
99360287
99360203
99360155
99359948
99359885
99359882
99359039
99358775
99358718
99358100
99357923
99357311
99357293
99356123
99356042
99356003
99355892
99355844
99355511
99355220
99354260
99354170
99353645
99351842
99351380
99350936
99350771
99350729
99350078
99349751
99349556
99349454
99349355
99349352
99348782
99348410
99347039
99346472
99345932
99345731
99345509
99345272
99344945
99344885
99344216
99342626
99342467
99342239
99342122
99342086
99341774
99341591
99341558
99341492
99341396
99341288
99340658
99340655
99340583
99340088
99339758
99338651
99338621
99338555
99337910
99337496
99337361
99337046
99336971
99335957
99335267
99334580
99334097
99333065
99332951
99332852
99331535
99330443
99330356
99330212
99329882
99328223
99327677
99327629
99327251
99327041
99326867
99326735
99326585
99326543
99326318
99325979
99325163
99324785
99324593
99324485
99324380
99324350
99324305
99324146
99323360
99323111
99322967
99322304
99321584
99321569
99321317
99321254
99320939
99320870
99320852
99320834
99320738
99320732
99320672
99319787
99319502
99318968
99317525
99317441
99317390
99317063
99317057
99316946
99316577
99316259
99315974
99315965
99315950
99315788
99315710
99315017
99314476
99314473
99313735
99313696
99313432
99312610
99312448
99311947
99311242
99311191
99311167
99310774
99310668
99310389
99310308
99309663
99309648
99309549
99309441
99309267
99308820
99308763
99308760
99308403
99308307
99308130
99307626
99307548
99307344
99307146
99307068
99306954
99306921
99306855
99306588
99306021
99306000
99305952
99305895
99305859
99305640
99305562
99305505
99304755
99304503
99304260
99304089
99303666
99303525
99303477
99303399
99303369
99303180
99302886
99302460
99302214
99302139
99301911
99301893
99301842
99301797
99301128
99301116
99300990
99300774
99299691
99299571
99299241
99299082
99298854
99298743
99298725
99298632
99298569
99298512
99298389
99298290
99298212
99298170
99297573
99297375
99297372
99297360
99297198
99296574
99296136
99295974
99295785
99295686
99294672
99294450
99294435
99294216
99294189
99294138
99293718
99293562
99293556
99293487
99293334
99292863
99292800
99292734
99292716
99292488
99290747
99290036
99289262
99289229
99289139
99289076
99288908
99288728
99287240
99287123
99286319
99285956
99285935
99285839
99285170
99285158
99284423
99284420
99284297
99284294
99283655
99283652
99283553
99283550
99283133
99283130
99282893
99282890
99282737
99282734
99281981
99281978
99281849
99281846
99280922
99280919
99280064
99280061
99279863
