99557319
1776791
99516718
1789497
99516720
1675664
1871701
99595074
1896614
1779352
99589338
1754904
1749940
1285334
1675708
99516602
99410992
99527121
99502704
99556797
1783802
1808001
99576108
99514440
1662879
99545316
99528135
99522869
1790325
99597360
1622044
99558984
1800713
99592026
99565848
99515282
1690074
99576975
99507932
99596817
99577398
99541443
99270869
1799491
1757395
99600891
1481775
1344351
99558579
99544905
99514972
99480038
99599316
99597828
99567960
99548211
99515558
99480362
99480173
99480128
99480071
99480065
99480062
99480056
99480050
99480044
99412222
1888718
1867648
1586582
1433372
778407
99602718
99602475
99597024
99591483
99562659
99520847
99476564
99438419
99429415
99415198
99413530
99403183
99403156
99403024
99402973
99402718
99402715
99402598
99402541
99402358
99402163
99402040
99401935
99401689
99401560
99401551
99401542
99401524
99401518
99401470
99401338
99401320
99401047
99401035
99400948
99400927
99400423
99400267
99400246
99400231
99400015
99399940
99399856
99399637
99399589
99399427
99399304
99399286
99399181
99399010
99398893
99398842
99398770
99398752
99398677
99398542
99398482
99398395
99398353
99398314
99398257
99398080
99397930
99397900
99397897
99397321
99397285
99397093
99397006
99396937
99396784
99396532
99396454
99396421
99396373
99395896
99395866
99395752
99395680
99395521
99395428
99395221
99395158
99395155
99395152
99395149
99394903
99394897
99394543
99394534
99394504
99394495
99394396
99394333
99394270
99394207
99394123
99393898
99393772
99393766
99393616
99393550
99393418
99393307
99393184
99393076
99392998
99392926
99392683
99392524
99392224
99392194
99392074
99391828
99391819
99391486
99391102
99390922
99390916
99390646
99390514
99390436
99390316
99390289
99389860
99389818
99389788
99389734
99389644
99389527
99389479
99388993
99388615
99388468
99388462
99388372
99388351
99388300
99388201
99387763
99387730
99387664
99387619
99387580
99387499
99387319
99387286
99387235
99386878
99386812
99386686
99386407
99386326
99386281
99386056
99386047
99386038
99385972
99385822
99385789
99385612
99385498
99385189
99385030
99384934
99384748
99384733
99384679
99384673
99384433
99384391
99384349
99384241
99384205
99384136
99384112
99383893
99383857
99383767
99383749
99383629
99383284
99383071
99383017
99382972
99382810
99382795
99382744
99382657
99382396
99382387
99382378
99382336
99382285
99382141
99382000
99381850
99381817
99381744
99381272
99381256
99381202
99381196
99380928
99380770
99380762
99380650
99380578
99380554
99380552
99380548
99380498
99380492
99380438
99380308
99380290
99380214
99380074
99379904
99379830
99379800
99379766
99379640
99379572
99379502
99379434
99379388
99379344
99379306
99379224
99379216
99379156
99379080
99378962
99378908
99378852
99378814
99378616
99378418
99378324
99378280
99378134
99378090
99378072
99377848
99377754
99377594
99377584
99377572
99377540
99377456
99377384
99377186
99377170
99377160
99377100
99377080
99377050
99377036
99376696
99376640
99376506
99376464
99376366
99376276
99376258
99376240
99376204
99376096
99376082
99376072
99375986
99375950
99375942
99375786
99375778
99375678
99375664
99375600
99375396
99375316
99375310
99375050
99375026
99374972
99374930
99374924
99374920
99374916
99374914
99374912
99374776
99374666
99374498
99374436
99374256
99374188
99374132
99374106
99373768
99373764
99373700
99373620
99373572
99373464
99373392
99373390
99373384
99373264
99373124
99373116
99373084
99373062
99373050
99372958
99372940
99372906
99372894
99372840
99372762
99372674
99372646
99372426
99372422
99372296
99372282
99372242
99372228
99372064
99371916
99371880
99371726
99371704
99371652
99371602
99371596
99371564
99371380
99371360
99371356
99371292
99371248
99371064
99371024
99371008
99370988
99370810
99370740
99370684
99370672
99370654
99370516
99370498
99370482
99370462
99370382
99370286
99370200
99370172
99370138
99370130
99370032
99370022
99369868
99369866
99369692
99369686
99369600
99369580
99369538
99369454
99369398
99369248
99369155
99369140
99369128
99369116
99369113
99369020
99368879
99368792
99368756
99368594
99368585
99368462
99368354
99368267
99368180
99368012
99367982
99367940
99367937
99367934
99367844
99367688
99367658
99367568
99367532
99367514
99367487
99367328
99367283
99366923
99366875
99366791
99366740
99366485
99366425
99366275
99366218
99366056
99365912
99365882
99365864
99365852
99365804
99365750
99365705
99365690
99365582
99365528
99365495
99365345
99365258
99365201
99365135
99364952
99364946
