99537615
99569973
99581691
1774234
1319410
785920
1689111
99551307
99557076
99517571
99575331
99513008
99569895
99512822
99593001
99516469
99583728
1748493
99593832
1782113
99597312
99566097
99535914
99310888
99600813
99500136
99470810
1756837
1806490
99565224
99553248
99593745
99533835
99587376
976265
163357
1042239
99573504
99562170
99560502
99588924
99556578
99549957
99488924
99588243
99584880
99542523
1753576
99564690
99548133
99544065
99535887
99488324
1584615
827816
99599601
99566010
99561864
99561504
99560082
99541812
1744770
1712685
1348242
853110
99571083
99556584
99542445
99462518
1511198
1284182
99602340
99598038
99597243
99594417
99592941
99584418
99582126
99574047
99562239
99558921
99511538
1504387
1408779
99601623
99599010
99588732
99583968
99575766
99560643
99558438
99546474
99545475
99541065
99540651
99516730
99516306
1932413
99602937
99602781
99601941
99600867
99600504
99596925
99593661
99593421
99592728
99592542
99591507
99589995
99589980
99589071
99588768
99588465
99588168
99586386
99583263
99582903
99579348
99572430
99569208
99542943
99525756
99525702
99422617
99419809
99403144
99403081
99402448
99402250
99402199
99401806
99401797
99401686
99401611
99401287
99401119
99401059
99400897
99400876
99400756
99400747
99400678
99400360
99400177
99400144
99400051
99399958
99399841
99399826
99399784
99399712
99399688
99399685
99399682
99399661
99399595
99399445
99399127
99398746
99398668
99398431
99398392
99398155
99398026
99397825
99397732
99397432
99397315
99397210
99397207
99397159
99397141
99396880
99396805
99396748
99396544
99396505
99396313
99396250
99396082
99396073
99395833
99395806
99395719
99395710
99395695
99395641
99395623
99395611
99395608
99395599
99395497
99395374
99395338
99395329
99395326
99395314
99395008
99394894
99394813
99394804
99394579
99394555
99394351
99394291
99394129
99394117
99394042
99394033
99393991
99393961
99393895
99393571
99393568
99393436
99393343
99393100
99393097
99392908
99392605
99392278
99392248
99391930
99391336
99391261
99391120
99391006
99390844
99390835
99390817
99390424
99390373
99390298
99389869
99389581
99389077
99389014
99389005
99388816
99388693
99388567
99388564
99388150
99388135
99387742
99387601
99387598
99387472
99386773
99386770
99386635
99386611
99386314
99386170
99385744
99385552
99385222
99385216
99385018
99385012
99385000
99384973
99384883
99384781
99384757
99384715
99384652
99384571
99384538
99384274
99384211
99384142
99384073
99384046
99383833
99383620
99383572
99383500
99383185
99383128
99382801
99382798
99382672
99382393
99382243
99382216
99382036
99381889
99381748
99381606
99381568
99381382
99381366
99381326
99381206
99381192
99381150
99381114
99381090
99381064
99381050
99381036
99381032
99381008
99381000
99380980
99380738
99380680
99380460
99380434
99380432
99380430
99380420
99380280
99380022
99379954
99379842
99379742
99379540
99379448
99379322
99379218
99378854
99378590
99378586
99378472
99378380
99378250
99378126
99378082
99377824
99377806
99377774
99377640
99377620
99377562
99377430
99377402
99377372
99377350
99377280
99377236
99377168
99377002
99376708
99376666
99376656
99376614
99376398
99376368
99376228
99376178
99376174
99376158
99376002
99375978
99375974
99375932
99375864
99375832
99375772
99375622
99375604
99375598
99375560
99375542
99375534
99375522
99375380
99375054
99374894
99374882
99374868
99374862
99374848
99374798
99374766
99374594
99374592
99374518
99374410
99374390
99374038
99374006
99373940
99373862
99373856
99373824
99373802
99373726
99373588
99373528
99373434
99373398
99373256
99373252
99373238
99373226
99373046
99372948
99372602
99372580
99372480
99372400
99372374
99372252
99372098
99372092
99372040
99372034
99372000
99371642
99371636
99371614
99371460
99371390
99371340
99371232
99371218
99371200
99371070
99371048
99371012
99370966
99370930
99370924
99370882
99370868
99370820
99370692
99370596
99370554
99370548
99370394
99370354
99370166
99370076
99369374
99368930
99368804
99368786
99368441
99368378
99368363
99368102
99368018
99367916
99367907
99367778
99367751
99367409
99367103
99367046
99366863
99366710
99366491
99366443
99366401
99366122
99365894
99365699
99365603
99365519
99365510
99365447
99365339
99365156
99365069
99365057
99364733
99364589
99364526
99364511
99364484
99363914
99363902
99363884
99363854
99363827
99363533
99363383
99363380
99363362
99363128
99363053
99362774
99362726
99362537
99362216
99362171
99362132
99362114
99361976
99361835
99361832
99361751
99361307
99361187
99361181
