99441647
99513314
99403264
99403186
99403129
99403072
99402898
99402826
99402460
99402307
99401773
99401770
99401677
99401671
99401461
99401143
99401113
99401062
99400702
99400597
99400591
99400438
99400294
99400249
99400171
99399859
99399853
99399745
99399493
99399094
99398758
99398530
99398461
99398143
99398044
99398041
99397855
99397633
99396721
99396436
99396388
99396370
99396310
99396208
99396136
99396133
99395929
99395860
99395818
99395773
99395506
99395332
99395275
99395050
99395005
99394936
99394933
99394657
99394528
99394162
99394015
99393985
99393778
99393622
99393598
99393412
99392890
99392701
99392608
99392347
99391891
99391666
99391228
99391000
99390883
99390739
99390445
99390244
99390136
99390022
99389923
99389881
99389875
99389263
99389218
99389119
99389083
99388255
99388147
99388060
99388048
99387982
99387961
99387886
99387439
99387088
99387019
99386452
99386437
99386401
99386398
99386185
99386053
99385948
99385795
99385390
99384805
99384793
99384718
99384703
99384487
99384130
99384037
99383860
99383686
99383665
99383662
99383416
99382990
99382966
99382885
99382852
99382615
99382579
99382486
99381582
99381440
99381330
99381280
99381160
99381044
99381028
99380964
99380638
99380506
99380490
99380396
99380318
99380098
99380054
99379968
99379892
99379682
99379508
99379472
99379468
99379256
99379132
99379086
99378918
99378858
99378758
99378574
99378354
99378352
99378332
99378036
99377898
99377746
99377400
99377396
99377394
99377360
99377352
99377326
99377254
99377042
99377016
99376952
99376888
99376812
99376694
99376522
99376476
99376372
99376344
99376176
99376130
99376128
99376126
99375884
99375868
99375422
99375274
99375152
99375056
99375052
99374850
99374694
99374680
99374490
99374442
99374406
99374108
99373894
99373740
99373692
99373578
99373564
99373368
99373306
99373232
99373168
99373146
99372946
99372754
99372704
99372492
99372160
99372100
99372052
99371988
99371810
99371778
99371664
99371060
99370944
99370916
99370910
99370792
99370608
99370570
99370550
99370322
99370218
99370164
99370114
99370110
99370096
99370052
99370044
99369974
99369932
99369878
99369596
99369592
99369522
99369436
99369236
99368927
99368891
99368867
99368759
99368600
99368588
99367910
99367805
99367757
99367718
99367715
99367709
99367097
99366902
99366110
99365756
99365579
99365354
99365333
99364538
99364358
99364202
99364052
99363893
99363416
99363269
99363134
99362705
99362513
99362240
99362015
99361667
99361127
99361031
99361025
99360884
99360266
99359915
99359573
99359504
99359102
99356603
99355103
99355082
99354917
99354470
99354422
99354266
99354197
99354185
99353471
99353114
99352772
99350423
99350336
99347993
99345959
99344876
99344807
99344480
99344447
99343997
99343853
99340910
99340283
99340250
99340103
99340094
99340028
99339962
99339926
99339923
99339632
99335999
99335936
99333623
99332876
99331895
99330563
99329891
99329885
99329171
99328487
99327608
99327533
99326981
99326705
99326336
99325838
99325058
99325046
99324116
99323648
99323429
99323198
99322019
99321893
99321890
99321506
99321131
99321020
99320963
99320831
99320762
99319979
99319616
99318989
99318938
99318908
99318629
99318503
99318263
99318116
99317864
99317624
99317156
99316538
99316403
99316103
99315770
99314419
99314011
99313780
99313213
99312823
99312652
99312439
99312370
99312280
99311884
99311536
99311524
99311461
99311350
99311284
99310942
99310596
99310593
99310434
99309708
99309666
99309276
99308847
99308682
99308007
99307749
99307386
99307167
99306966
99306870
99306711
99306201
99305883
99305646
99305598
99305256
99304950
99304773
99304485
99304473
99303933
99303858
99303561
99303048
99302940
99302931
99302754
99302748
99302562
99302382
99301857
99301527
99300705
99300684
99300657
99300579
99300465
99300192
99299145
99298917
99298680
99298677
99298668
99298311
99298227
99298224
99298221
99298152
99298146
99298128
99298125
99298104
99298080
99297876
99297858
99297771
99297561
99297480
99297219
99296697
99296256
99295779
99294867
99293886
99293670
99293505
99293337
99293181
99292965
99292383
99292302
99291912
99291618
99291312
99291261
99290192
99290177
99290060
99289649
99289166
99288977
99288356
99287966
99287399
99287387
99286412
99286325
99286061
99285338
99285200
99285056
99285053
99284675
99284603
99284600
99284597
99284594
99284489
99284486
99283679
99283676
99283571
99283568
99283115
99283112
99282911
99282908
99282515
99282512
99280475
99280472
99279947
99279944
99278981
99278978
99278744
99278741
99278420
99278417
99278228
99278225
