1652905
99401704
99401698
99400903
99400399
99400243
99399415
99398719
99398251
99394228
99393934
99393406
99393337
99391492
99390484
99389035
99388279
99386749
99384049
99383254
99383251
99377020
99376098
99375482
99373448
99373336
99372386
99371080
99368159
99368156
99367601
99367316
99366182
99362576
99362087
99361808
99360533
99357305
99357272
99357269
99353927
99352253
99350711
99349238
99348902
99348269
99347993
99347753
99345383
99345380
99344267
99343880
99342359
99342194
99342158
99341012
99340982
99340592
99340502
99340496
99338561
99337874
99337658
99337274
99337268
99337145
99335276
99335111
99334955
99334562
99333668
99331691
99331571
99331568
99331088
99330803
99330689
99329795
99328505
99327959
99325043
99325040
99324227
99324077
99323828
99323012
99322280
99319628
99318851
99316433
99316406
99312688
99312682
99312499
99312493
99312124
99311677
99311674
99309354
99308757
99308754
99307011
99304047
99303846
99303798
99301203
99299778
99298077
99282557
99282554
99275024
99275021
99271691
99271688
99262950
99262455
99261615
99258685
99257305
99252577
99252367
99246433
99238558
99237283
99235609
99235012
99229888
99222703
99214091
99211928
99210113
