99545628
99496926
99466709
99536520
1346278
99542217
1770806
99569883
99602535
99574668
99564411
99602007
99535821
99571203
99496478
99487596
99582084
99571206
28592
99575223
99546684
460813
99577392
99570135
99564846
99556191
99516577
99504020
99503970
99503968
99503964
99499402
99493664
1778378
1689062
1291137
99599541
99599502
99569937
99566826
99542199
99540846
99535782
99504234
99503974
99503312
99503306
99492898
99480500
99480347
99480182
99480164
99425056
1905973
1452383
1412789
99600480
99599235
99597132
99596661
99582567
99582549
99573189
99570174
99565530
99565416
99559965
99539232
99520061
99504018
99504016
99503972
99498070
99496674
99480368
99461549
99458531
99432025
99430729
99421201
99417559
99417217
99417199
99417031
99402985
99402259
99400942
99400081
99399574
99398623
99398269
99398260
99397249
99396769
99396655
99396631
99396490
99396319
99395101
99394987
99394861
99393736
99392551
99392290
99392131
99391003
99390967
99389962
99389905
99389833
99389545
99389536
99389377
99389125
99389062
99388888
99388657
99388003
99387910
99387775
99387586
99386539
99386491
99386173
99385918
99385843
99385834
99385504
99385450
99385324
99385060
99385006
99384835
99384817
99384259
99384226
99384163
99384094
99383020
99382807
99382720
99382492
99382324
99382249
99381654
99381262
99381154
99380874
99380802
99380606
99380210
99380170
99380148
99379760
99379724
99379616
99379340
99378978
99378336
99378198
99378040
99378028
99377954
99377918
99377534
99377366
99377294
99377160
99377078
99377046
99376734
99376692
99376184
99375838
99375782
99375154
99374984
99374838
99374124
99374058
99374000
99373996
99373852
99373794
99373686
99373658
99373638
99373274
99373188
99372476
99372262
99371900
99371734
99371514
99371502
99371408
99371406
99371226
99371216
99370806
99370464
99370314
99370244
99370148
99369934
99369718
99369624
99369254
99369161
99369095
99368834
99368504
99368192
99368189
99367895
99367745
99367511
99367184
99366797
99366503
99366176
99365840
99365777
99365405
99364805
99364148
99363866
99363608
99363287
99363119
99362714
99362672
99362456
99362402
99362288
99362102
99361913
99361883
99361811
99361598
99361421
99361106
99359726
99359636
99359579
99359384
99359054
99359045
99359042
99358811
99358628
99358418
99358103
99356861
99356660
99356321
99356315
99356249
99355937
99355931
99354443
99354401
99353870
99353411
99353330
99352910
99352850
99352127
99352010
99352007
99351659
99351647
99351386
99351266
99351212
99350282
99349178
99349043
99349013
99348629
99348257
99348161
99348134
99348128
99347858
99347663
99347495
99347360
99346679
99346586
99345569
99344756
99343982
99343679
99343652
99343568
99343382
99342836
99342233
99341963
99341792
99341519
99341147
99340880
99340700
99340439
99339986
99339980
99339845
99339416
99339323
99338141
99337754
99337385
99336356
99336293
99335771
99335063
99334601
99334583
99334199
99334139
99333812
99333785
99333650
99332855
99332702
99332675
99332669
99332147
99331856
99331706
99330287
99330110
99329516
99329111
99329066
99328463
99328322
99327056
99326573
99326099
99325805
99325304
99325199
99324956
99324815
99324515
99324152
99323816
99323441
99323033
99322478
99322274
99322094
99321476
99321365
99321080
99320549
99320387
99319904
99319622
99319199
99318731
99318707
99318620
99318284
99318188
99317807
99317804
99317774
99317690
99317543
99317489
99317309
99317258
99316991
99316961
99316937
99316076
99315494
99315452
99314969
99314888
99314818
99314665
99314344
99313816
99313600
99313516
99313513
99313510
99313408
99313267
99312763
99311800
99311617
99311143
99310731
99310515
99310494
99310107
99309969
99309336
99309180
99309177
99308883
99308706
99308292
99308265
99308118
99307902
99307512
99307395
99306387
99306309
99305994
99305946
99305016
99304992
99304896
99304365
99304338
99304323
99303948
99303189
99303186
99301731
99301644
99301599
99301503
99301167
99300822
99300090
99299331
99298278
99298239
99298002
99297936
99297843
99297711
99297489
99297447
99297441
99296910
99296427
99296271
99295812
99295725
99295704
99295605
99295539
99294975
99294645
99293868
99293706
99293151
99293058
99292284
99291888
99291816
99291756
99291630
99291627
99291405
99291072
99290922
99290916
99290711
99290579
99290330
99290051
99289850
99289733
99289625
99289361
99289358
99289235
99289013
99288986
99288878
99288632
99287945
99287855
99287534
99287495
99287441
99287318
99287051
99286595
99285881
99285713
99285599
99285515
99285044
99285035
99284798
99284360
99284357
99284315
