1454276
1754309
1768944
99591696
1707587
1712443
99471014
99601236
99570654
1892141
99591630
99560469
1757055
1478906
449191
99585156
99593088
236965
1872628
99593094
99565563
99506146
302234
99570777
99602466
99592926
1809491
1700758
1643130
1805060
99596598
99551058
99502058
99600552
99592308
99528441
99572976
99565131
1473419
99602805
99598041
99592425
1928449
1919313
1889520
1266952
99602238
99468674
99601929
99601782
99593445
99592233
99588996
99587601
99585582
99580740
99564948
99560037
99542982
99437605
99402961
99402907
99402700
99402208
99402127
99401977
99401950
99401506
99401248
99401134
99401125
99400915
99400381
99400366
99398764
99398491
99398380
99398320
99398146
99397828
99397654
99397360
99396817
99396607
99396358
99396304
99396292
99396289
99396112
99395938
99395035
99394651
99394285
99393886
99393793
99393478
99393415
99393322
99392563
99392533
99391696
99391546
99391528
99391435
99391057
99390805
99389866
99389578
99389101
99388012
99387568
99387562
99387361
99386731
99386251
99386014
99385954
99385378
99385039
99384490
99384067
99384061
99384058
99383974
99383827
99383785
99383029
99382678
99381799
99380956
99380698
99380480
99380158
99379952
99379886
99379874
99379832
99379588
99379062
99378862
99378816
99378650
99378628
99378510
99378508
99378486
99378348
99378220
99377938
99377312
99377000
99376604
99376306
99376300
99376246
99376116
99375902
99375392
99375304
99375302
99375216
99374780
99374698
99374454
99373924
99373724
99373112
99373064
99373016
99372878
99372776
99372730
99372562
99372526
99372444
99372190
99371962
99371412
99370770
99370760
99370698
99370256
99370186
99369712
99369644
99369552
99369287
99369077
99368972
99368852
99368843
99368174
99367466
99367451
99367199
99367133
99366506
99366050
99365960
99365888
99365630
99365546
99365096
99365030
99364682
99364676
99364214
99363836
99363371
99363131
99363023
99362270
99362267
99362177
99361403
99361166
99361142
99361109
99360911
99360557
99360293
99360227
99360083
99360074
99360053
99359969
99359843
99359783
99359210
99358589
99357989
99357470
99357395
99356867
99356753
99356705
99355856
99355250
99354989
99354755
99354752
99354656
99354176
99353912
99353699
99353054
99352838
99352835
99352700
99351965
99351962
99351959
99351176
99351149
99349886
99349316
99348209
99348020
99346940
99345527
99345161
99343514
99342872
99341246
99340787
99340076
99340064
99339977
99339308
99339029
99339011
99336245
99335780
99332567
99332189
99331805
99331613
99331298
99331223
99328385
99327764
99326225
99325922
99325865
99325154
99323666
99321950
99321827
99321686
99321566
99321209
99320837
99320333
99319946
99319436
99319367
99319112
99318893
99318812
99318599
99318479
99318383
99318278
99317852
99317537
99317468
99317198
99316868
99316553
99316298
99316295
99316223
99315272
99315206
99315203
99314392
99314278
99312943
99312817
99312139
99311875
99311428
99311233
99311116
99311086
99311080
99310963
99310921
99310461
99310284
99309819
99309555
99309306
99309291
99309006
99308628
99308466
99308361
99307779
99307158
99306897
99306792
99306348
99304083
99304071
99303921
99303711
99302787
99302628
99302547
99302004
99301470
99301329
99301272
99301137
99301023
99300756
99300753
99300735
99299700
99299550
99299544
99299484
99299442
99299427
99299169
99298686
99298548
99298266
99298020
99297939
99297576
99297399
99297189
99297045
99296997
99296871
99296670
99296361
99296358
99296352
99296184
99296154
99295710
99295635
99295395
99294912
99294702
99294126
99293982
99293913
99293736
99293577
99293541
99293358
99293097
99293076
99292638
99291978
99291825
99291177
99290768
99290708
99290384
99290228
99290138
99289241
99288797
99288116
99288092
99287744
99287657
99287459
99287015
99286727
99286067
99286007
99285869
99284744
99284255
99284252
99284201
99284198
99284123
99284120
99284117
99284114
99283964
99283199
99283196
99282152
99282149
99282101
99282098
99282095
99282092
99281405
99281402
99281309
99281306
99280874
99280871
99280742
99280739
99280550
99280547
99280481
99280478
99280463
99280460
99279728
99279725
99278390
99278387
99278096
99278093
99277466
99277463
99276194
99276191
99275618
99275615
99275357
99275348
99275180
99275177
99275054
99275051
99274709
99274685
99273770
99273761
99273743
99273617
99273593
99273383
99272534
99271952
99271904
99271094
99271022
99270773
99270399
99270138
99269988
99269712
99269460
99269448
99268644
99267768
99267606
99267603
99267249
99266940
99266448
99266256
99266148
99265794
99265170
99265137
