99497988
99578034
99504954
99489410
99504952
1791791
1759370
99600465
99520118
99600468
99557715
99542973
99512230
99402691
99402595
99399808
99397381
99394057
99390322
99388237
99384880
99384190
99378764
99376010
99370914
99370798
99369362
99368975
99365876
99360764
99357638
99353897
99348773
99348758
99348548
99346484
99346304
99346184
99346001
99345860
99345716
99345116
99345086
99344366
99344147
99343073
99342611
99340838
99338135
99336443
99335282
99335006
99334451
99333680
99332786
99331727
99330965
99330749
99330494
99330350
99328982
99328589
99328364
99328199
99327770
99327197
99324611
99324254
99323612
99321389
99320735
99319118
99318356
99315191
99309099
99308388
99308160
99303000
99299670
99297063
99293421
99287609
99287249
99285968
99285218
99281699
99281696
99274790
99274787
99271496
99271196
99263700
99262875
99262401
99261480
99259840
99259186
99257956
99256321
99255313
99249301
99248452
99246934
99244228
99243874
99237697
99236794
99235318
99235210
99231136
99226543
99224884
99223294
99222472
99219176
99216968
99210092
