1402383
99584490
99599895
99599205
99442397
99583434
99527808
99518390
99545451
99598035
99596487
99530424
99515072
99437653
99429529
99403210
99402562
99402532
99402511
99402505
99402310
99401884
99401305
99400936
99400840
99400828
99400825
99400531
99400270
99399421
99398989
99398977
99398965
99398911
99398908
99398575
99398341
99398308
99397852
99397162
99397096
99396982
99396775
99396757
99396562
99396547
99396343
99396262
99395743
99395344
99395164
99395107
99395047
99394930
99394717
99394645
99394621
99394525
99394471
99394468
99394393
99393607
99393364
99393355
99393007
99392980
99392725
99392461
99392227
99392170
99392161
99392155
99392152
99392146
99392092
99391609
99391411
99391378
99390952
99390775
99390652
99390037
99389953
99389842
99389566
99389209
99388510
99387943
99387445
99387415
99387343
99387262
99387064
99386176
99386164
99386158
99386155
99386149
99385138
99385093
99384853
99384544
99384250
99383668
99383383
99383065
99382273
99381434
99381296
99380988
99380852
99380748
99380630
99380458
99380166
99380100
99380018
99379988
99379972
99379692
99379380
99379244
99378774
99378528
99378242
99377802
99377770
99377602
99377590
99377568
99377412
99376724
99376530
99376292
99376288
99375792
99375784
99375684
99375656
99375624
99375368
99374550
99374446
99374196
99373056
99373048
99372944
99372882
99372748
99372364
99372274
99372210
99371928
99371918
99371758
99371662
99371234
99371098
99370418
99370316
99370278
99370226
99370140
99370088
99369890
99369808
99369736
99369504
99369383
99368276
99368228
99367952
99367442
99367148
99366653
99366536
99366509
99366407
99366227
99365966
99365687
99365555
99365483
99365321
99365288
99365204
99365153
99364826
99364268
99364187
99363977
99363767
99363731
99363479
99363473
99363338
99363314
99362780
99362666
99362600
99362075
99361943
99361526
99361400
99361046
99360989
99360833
99360770
99360470
99359615
99359612
99359291
99358535
99358301
99358286
99358160
99357608
99357302
99356267
99355874
99355310
99354971
99353561
99353111
99353084
99352814
99352313
99352289
99352277
99350777
99350573
99349685
99345905
99345560
99342470
99341684
99341435
99341189
99339353
99339260
99339203
99338339
99337538
99335843
99335414
99334937
99334460
99334457
99333914
99332990
99332633
99332135
99331757
99331544
99327947
99327878
99326375
99325733
99322067
99321881
99321518
99320960
99320543
99320381
99318809
99318785
99317813
99317597
99317186
99315650
99315545
99314903
99314032
99313948
99313867
99313540
99313183
99312742
99312295
99311908
99311590
99311194
99310846
99310080
99310026
99309630
99309219
99309126
99308670
99306660
99306636
99306399
99306312
99306120
99305694
99305277
99305103
99304788
99304182
99304146
99302115
99300723
99299970
99299937
99299298
99299295
99298980
99298941
99297834
99297477
99297282
99296856
99296166
99295887
99295854
99294693
99292974
99292914
99292233
99291972
99291852
99291678
99291612
99291513
99291270
99291246
99289607
99289514
99288686
99288311
99288305
99287837
99287303
99286886
99286736
99286478
99286445
99286172
99285731
99285545
99285413
99285164
99284969
99284477
99284474
99283697
99283694
99282809
99282806
99282803
99282800
99281285
99281282
99280385
99280382
99279722
99279719
99279218
99279215
99277712
99277709
99276935
99276932
99275864
99275861
99274718
99274715
99274589
99274292
99273917
99273857
99273713
99273473
99273341
99273227
99271628
99270447
99270186
99270183
99269805
99269511
99269244
99269070
99267951
99267195
99267084
99265929
99264993
99264609
99263478
99263172
99262989
99262764
99262761
99261780
99260452
99260329
99259939
99259375
99258742
99257296
99256840
99256576
99256354
99256252
99255931
99255838
99255679
99255016
99254527
99254356
99253834
99253654
99253069
99252934
99252556
99252484
99251686
99250261
99250117
99249421
99248215
99248086
99247711
99246928
99246877
99246841
99246595
99246445
99246364
99246097
99245710
99245599
99245149
99243529
99243169
99242788
99241858
99241612
99240523
99239965
99239944
99239632
99239614
99238549
99238243
99238177
99237421
99236932
99236635
99236521
99235252
99234829
99233782
99233575
99233527
99232021
99231784
99229741
99229390
99228469
99227731
99227686
99226309
99226213
99226024
99224599
99224254
99222826
99222520
99221878
99221680
99220246
99220186
99219931
99219513
99217872
99217650
99217596
99217394
99217136
99216360
99216352
99216096
99215603
99214124
99213431
99212879
99212792
99212624
99212123
99211385
532140
