99516688
252643
99601491
99593649
99496426
99401434
99394927
99393505
99391885
99390667
99382420
99378524
99378522
99377872
99370214
99367370
99366824
99366680
99362282
99357824
99348842
99346247
99337643
99332414
99331229
99305223
99304863
99303012
99302454
99299235
99298986
99297945
99297195
99294567
99292095
99289418
99285047
99280040
99280037
99280004
99280001
99274322
99273752
99267750
99265212
99261360
99261276
99246640
99241492
99237160
99234694
99232849
99229306
99225454
99223657
99222352
99215535
99211469
99211466
99211463
312852
