763088
99414661
99402685
99401452
99400741
99399754
99399346
99398650
99396634
99395464
99394891
99394630
99393889
99393877
99389650
99386041
99383743
99382654
99381746
99381390
99381170
99379168
99379162
99378922
99376852
99376020
99375366
99372566
99371794
99371190
99369474
99366803
99364238
99362660
99361406
99360278
99357590
99357323
99355991
99355061
99346895
99346802
99343010
99342791
99338411
99320354
99319589
99318890
99317498
99316634
99313204
99312376
99310933
99308298
99304722
99304113
99303342
99302715
99302241
99300771
99300219
99297726
99296391
99288827
99280946
99280943
99211490
99211457
