99548880
99516722
1277570
99590865
1861150
1859165
99402784
99397186
99396859
99394981
99394780
99394051
99390199
99387778
99387187
99385894
99384316
99384208
99379222
99370812
99370500
99367112
99365900
99360272
99358772
99358256
99358061
99356594
99356096
99355265
99354623
99353723
99353354
99351584
99341081
99337262
99332510
99331154
99324557
99323489
99320678
99316289
99309123
99308142
99306741
99304968
99302724
99302712
99300810
99299946
99299568
99298872
99298656
99296025
99295929
99295698
99291699
99288695
99284327
99284324
99284129
99284126
99282875
99282872
99282551
99282548
99277748
99277745
99277079
99277076
99276053
99274331
99272828
99272342
99271874
99271073
99268926
99266445
99257893
99255949
99255403
99255286
99253369
99252652
99251908
99251446
99249331
99246850
99243145
99242872
99238801
99237571
99234379
99233116
99232795
99231328
99228898
99219693
99218178
99218076
99216544
99215123
99214628
99214133
99212813
99211847
