1728296
99576960
99594393
99600831
732383
99590841
939852
99577260
99527070
1778278
99432085
99379070
99573099
99514924
99501798
1469469
99528660
1899709
99602517
99559686
1760766
99516673
99516112
99598020
1744020
1404632
99600411
99529077
99459755
99452276
1912208
99601569
99601386
99600447
99599547
99599526
99596916
99596358
99590088
99577440
99574176
99571167
99562626
99558441
99553929
99549837
99401464
99400450
99399709
99399400
99398377
99397909
99396481
99395926
99395644
99394585
99393661
99393181
99393034
99392062
99391480
99390583
99387874
99386383
99385621
99385492
99385234
99383932
99383041
99382168
99381542
99380858
99380832
99380016
99379998
99379912
99379900
99379866
99379346
99379230
99378888
99377760
99377556
99376440
99375394
99375312
99374560
99374484
99373840
99373550
99372706
99372660
99372658
99371370
99370788
99370662
99369278
99369224
99368954
99368579
99368411
99368057
99366539
99365930
99365792
99365390
99365270
99365219
99365081
99364994
99364115
99362834
99362333
99361607
99361568
99357758
99357707
99355607
99355133
99354317
99347306
99346151
99345398
99342590
99339578
99338042
99336191
99331646
99326060
99326039
99325751
99325415
99323915
99322394
99321530
99319916
99319532
99319463
99319460
99317570
99317216
99316262
99314996
99314930
99314803
99313033
99312982
99312868
99312094
99311944
99310996
99309756
99309465
99309189
99308487
99308364
99307683
99307416
99306759
99306477
99306471
99306375
99306081
99305238
99304977
99304269
99304188
99304143
99303825
99301929
99301011
99301005
99300978
99300873
99297534
99296874
99296280
99295920
99295818
99295743
99295530
99294675
99293901
99293676
99293625
99293568
99293445
99293352
99292494
99292329
99291639
99291525
99291477
99291417
99291357
99291234
99290991
99290738
99290588
99290405
99289853
99288818
99288800
99288371
99288080
99287978
99287957
99287270
99287174
99286601
99285953
99285305
99285155
99284843
99284738
99284696
99284579
99284576
99283961
99283958
99282647
99282644
99282131
99282128
99282071
99282068
99281567
99281564
99281060
99281057
99280676
99280673
99279422
99279419
99279173
99279170
99278885
99278882
99278672
99278669
99278636
99278633
99278150
99278147
99274373
99274244
99273782
99273410
99271460
99271412
99271340
99268191
99266517
99266376
99265314
99265311
99265059
99262866
99262734
99261765
99260914
99260839
99259981
99259879
99259852
99257563
99257536
99256861
99256438
99255634
99253801
99251539
99249280
99247498
99246865
99245647
99245626
99245209
99244771
99244609
99243715
99243550
99243196
99242971
99242449
99242170
99241516
99240460
99240421
99240391
99239110
99237973
99237445
99236770
99236545
99236062
99235393
99235069
99234838
99234481
99234139
99234070
99233962
99233635
99232633
99230983
99230734
99230032
99229861
99229003
99228811
99228370
99228367
99228334
99227785
99227611
99226921
99226666
99226648
99225922
99225199
99224101
99223981
99223975
99223078
99221197
99221074
99221071
99220993
99219465
99218786
99217316
99216792
99216712
99216636
99216388
99214652
99214412
99213671
99213656
99212210
99212120
99211763
99210740
99210521
99210308
99210203
99209570
1717298
