99498012
99497968
99497984
1729455
99542016
99497940
99540705
1889305
1731352
99497946
1693740
1663405
1470854
99568515
1883021
348647
1764502
99551457
1689880
99599049
99541578
1883864
99506746
99443726
99547836
1464771
99602691
1819439
99574281
99567210
99561552
99516389
1585260
1579732
99599025
99517418
99516633
1795583
99594630
99577266
99573012
99528219
99506864
99599145
99597225
99590859
99555399
99514954
99513222
99488286
1627949
99548919
99522248
99516301
99487726
1725886
1526205
1410714
1267810
99518555
99510282
1845337
99602124
99583014
99496976
99489358
99412138
99238300
1792272
1571738
99602577
99597570
99552873
99516189
1930630
1851007
1797018
1789699
1758536
1433841
99602304
99601209
99600138
99596745
99583410
99572442
99552849
99542379
99538074
99516620
99511234
99481988
99480476
99480431
99480341
99480233
99480155
99480107
99480095
99480083
99364571
1897844
1810456
1467252
1017838
99602919
99602913
99602898
99602871
99602217
99599850
99597849
99596514
99595815
99595446
99593382
99591777
99590790
99588774
99584466
99583650
99582192
99578844
99567129
99564225
99562422
99552717
99547884
99543096
99542988
99532311
99493112
99480482
99480401
99420205
99403279
99402970
99402622
99402616
99402229
99402043
99401854
99401848
99401812
99401548
99401545
99401539
99401455
99401329
99401311
99401242
99401218
99401188
99401146
99400999
99400867
99400714
99400669
99400633
99400615
99400612
99400579
99400498
99400426
99399976
99399832
99399730
99399697
99399112
99398854
99398797
99398740
99398617
99398197
99398005
99397723
99397657
99397558
99397468
99397297
99397288
99397228
99397216
99397180
99396889
99396886
99396877
99396868
99396826
99396580
99396475
99396247
99396121
99396025
99395965
99395629
99395584
99395536
99395485
99395404
99395365
99395269
99394765
99394339
99394144
99393994
99393925
99393922
99393523
99393520
99393391
99393313
99393217
99392992
99392677
99392587
99392512
99392479
99392440
99392230
99392212
99392197
99392188
99392050
99391918
99391723
99391489
99391285
99391114
99391099
99391027
99390943
99390796
99390781
99390568
99390562
99390517
99390505
99390235
99390070
99389746
99388879
99388759
99388606
99388387
99388348
99387829
99387751
99387661
99387547
99387406
99387370
99387367
99387301
99387040
99386974
99386950
99386425
99386368
99386008
99385735
99385651
99385636
99385315
99385027
99384508
99384373
99384106
99384043
99383713
99383647
99383617
99383509
99383488
99383455
99383407
99383272
99382984
99382921
99382879
99382870
99382696
99382561
99382540
99382531
99382255
99381907
99381530
99381526
99381514
99381324
99381236
99381054
99380976
99380880
99380834
99380758
99380590
99380576
99380518
99380472
99380418
99380268
99379950
99379946
99379486
99379178
99379176
99379074
99379010
99379008
99379000
99378996
99378968
99378834
99378830
99378740
99378734
99378604
99378546
99378344
99378342
99378214
99378176
99378170
99378130
99377998
99377822
99377692
99377606
99377548
99377532
99377522
99377422
99377272
99377270
99377134
99377070
99376932
99376712
99376122
99376100
99376042
99375738
99375634
99375384
99375164
99375146
99375116
99374986
99374958
99374954
99374856
99374836
99374688
99374652
99374650
99374416
99374364
99374218
99373986
99373876
99373732
99373702
99373624
99373458
99373400
99373268
99373174
99373140
99373120
99373080
99373020
99373012
99372634
99372614
99372558
99372536
99372324
99372290
99372172
99372150
99372050
99371932
99371796
99371676
99371628
99371610
99371544
99371474
99371442
99371270
99371194
99370980
99370896
99370862
99370720
99370706
99370532
99370416
99370324
99370246
99370196
99370106
99370080
99369972
99369796
99369778
99369658
99369456
99368177
99368105
99367427
99367280
99367193
99366575
99366272
99366269
99366107
99365975
99365642
99365600
99365429
99365411
99364691
99364667
99364451
99364319
99364193
99364166
99364010
99363842
99363839
99363563
99363476
99363470
99363101
99362621
99362399
99361814
99361640
99361547
99361514
99361511
99361472
99361382
99361358
99361319
99361289
99361178
99361151
99360161
99360137
99359672
99359666
99359606
99359603
99359570
99359510
99359468
99359447
99359423
99359030
99358847
99358796
99358793
99358691
99358484
99357857
99357848
99357818
99357701
99357566
99357317
99357254
99357236
99356807
99356774
99356255
99356201
99356105
99356024
99355817
99355751
99355697
99355640
99355634
99355583
99355544
99355457
99355406
99354797
99354644
99354638
99354620
99354395
99354371
99354236
99354158
99354149
