99518684
99599223
99567390
1721153
1741603
99599859
99552477
1854808
99459695
99459689
99600822
99595650
99586731
99585558
99526083
1781956
99597549
99576246
99430249
99403027
99402904
99402661
99402499
99401644
99401383
99400135
99400132
99399949
99399748
99399715
99399397
99399205
99399160
99399073
99398899
99396478
99396226
99394600
99394276
99392578
99390850
99390163
99389959
99389302
99388456
99388036
99387988
99385819
99385501
99385363
99385279
99384970
99384811
99384691
99383728
99383179
99381210
99381020
99380936
99379784
99379568
99379254
99379098
99378698
99378426
99377612
99377476
99377468
99377220
99377008
99376524
99376216
99375670
99375662
99375410
99375408
99375010
99374510
99374508
99374432
99374328
99374316
99373616
99373602
99373160
99372710
99372708
99371478
99371270
99371114
99370292
99369544
99369041
99368543
99368315
99368219
99368153
99368138
99367229
99366557
99366263
99366185
99365816
99365171
99364814
99363107
99362816
99360545
99359609
99358787
99358016
99357956
99357674
99357218
99356285
99356282
99355733
99355631
99354869
99354200
99353813
99353375
99353261
99353174
99350621
99348086
99342116
99337475
99321527
99320969
99319244
99316736
99316493
99315767
99314936
99313798
99312109
99310617
99310215
99308301
99308238
99307884
99307686
99307503
99307266
99307050
99306849
99304833
99304827
99304254
99304179
99301146
99300057
99300045
99298461
99297495
99296061
99296058
99295962
99295137
99295068
99295011
99294891
99294600
99294288
99293613
99293454
99292179
99291471
99289766
99289352
99289283
99287897
99286757
99286286
99286175
99285209
99284726
99283436
99282653
99282650
99281591
99281588
99279290
99279287
99274613
99274202
99273746
99273734
99271169
99271049
99270614
99270591
99269193
99267156
99266739
99264639
99264585
99264531
99261693
99260800
99260797
99259723
99259135
99259132
99258772
99258469
99257566
99256402
99255001
99254284
99253966
99253162
99252406
99251941
99251356
99250729
99250180
99249451
99249421
99248551
99246226
99245545
99245041
99243970
99242686
99240709
99240559
99240229
99240028
99239911
99239647
99237676
99236200
99235360
99234925
99234901
99234559
99234100
99233305
99229432
99228424
99228319
99226975
99226660
99225538
99224242
99224056
99223666
99222868
99220951
99219495
99219431
99219254
99219194
99219188
99217415
99216464
99215239
99214712
99213821
99213818
99213038
99212771
99212609
99212588
99212585
99212582
99210833
99210224
99209915
