99521096
99587688
1647992
99568020
1663296
1842950
99520115
99557595
99602928
99437683
99429523
99400858
99399511
99399199
99397984
99397924
99395962
99395293
99393325
99391852
99391423
99388186
99386677
99384712
99383758
99383746
99382876
99380798
99380302
99377758
99377546
99377344
99376874
99376848
99375928
99374802
99373856
99371238
99369392
99369131
99367691
99366773
99366452
99364631
99364220
99363539
99362954
99362066
99361799
99360464
99359867
99357377
99357353
99356159
99353585
99353096
99352037
99351800
99345875
99344426
99333926
99333143
99331799
99331136
99328982
99327287
99327155
99325742
99324902
99324353
99324206
99323978
99320045
99319091
99316409
99314566
99314293
99312001
99308967
99308805
99308601
99308280
99305847
99305721
99298956
99298944
99298137
99298032
99296901
99296424
99292062
99291324
99290681
99290093
99289457
99287525
99286808
99286466
99285848
99283775
99283772
99281003
99276989
99276986
99274493
99271859
99270734
99270021
99269310
99268617
99268572
99268554
99268077
99264696
99264339
99262881
99262611
99262572
99261504
99259255
99258817
99256045
99255394
99254623
99253342
99251869
99251737
99250834
99250378
99249382
99248332
99247813
99247789
99246691
99243895
99241957
99241630
99240130
99239305
99239227
99238843
99237418
99235003
99234142
99231028
99230809
99229780
99227344
99227323
99227038
99226417
99224470
99223939
99223516
99222508
99220156
99219905
99218256
99217902
99215355
99215051
99214691
99214166
99213929
99213131
99212993
99212345
99210473
99210449
655378
