1927580
1840152
1928768
99573462
99542283
1039253
99586497
99572340
99480506
99480458
99422857
99403135
99402949
99400309
99398209
99397705
99397474
99395227
99392371
99392137
99391747
99391576
99391063
99390352
99388342
99386800
99385729
99384721
99383044
99382843
99382051
99381484
99381222
99381026
99380848
99380846
99380774
99380668
99380042
99378906
99378088
99378076
99377874
99377150
99377022
99375962
99374906
99374674
99374378
99372678
99372248
99371506
99371164
99370898
99368318
99368090
99367154
99367028
99366845
99366431
99365417
99363719
99361925
99361292
99361091
99360236
99359702
99357656
99356414
99355034
99355031
99353717
99347570
99341519
99332813
99331580
99319838
99319412
99319016
99318434
99317099
99315041
99314954
99314885
99310792
99309213
99303549
99302202
99300072
99299856
99299166
99295431
99291672
99290522
99289232
99289163
99289094
99288239
99285512
99284912
99282347
99282344
99282236
99282233
99279941
99279938
99274928
99274925
99274529
99272780
99271541
99271400
99270552
99269628
99269193
99265677
99264744
99264342
99263274
99263208
99262488
99261870
99261429
99260722
99260524
99260236
99255616
99254974
99253993
99253570
99253336
99252805
99252517
99250468
99250258
99243919
99242812
99242629
99240664
99240658
99238405
99237850
99237406
99237394
99236797
99236020
99235786
99235738
99235735
99235729
99235717
99235558
99235552
99235504
99235498
99235495
99235486
99235288
99233524
99231094
99230935
99230863
99230764
99230716
99230302
99229090
99229024
99228013
99227101
99226759
99225865
99223909
99223543
99223003
99222736
99221803
99220945
99218601
99218496
99214939
99214439
99213122
99211391
99211199
99211157
99211025
99209858
99209855
