99517577
516561
99601845
99576450
99563145
99559407
99398941
99393559
99387688
99385654
99374320
99361013
99360824
99360296
99347108
99345470
99344372
99342461
99336014
99330815
99329489
99328811
99304983
99304980
99300417
99300414
99300351
99300348
99300255
99292713
99289244
99285191
99281393
99281390
99281387
99281384
99281201
99281198
99280520
99280517
99275564
99275561
99272612
99266001
99262362
99262359
99259789
99258934
99258070
99254536
99244906
99243385
99240457
99239089
99236950
99233251
99232654
99226261
99225397
99218154
99212069
99211940
